0 -10
0.03 -8.82753
0.06 -8.8273
0.09 -8.82707
0.12 -8.82683
0.15 -8.8266
0.18 -8.82636
0.21 -8.82613
0.24 -8.82589
0.27 -8.82565
0.3 -8.82541
0.33 -8.82516
0.36 -8.82492
0.39 -8.82468
0.42 -8.82443
0.45 -8.82418
0.48 -8.82393
0.51 -8.82368
0.54 -8.82343
0.57 -8.82317
0.6 -8.82292
0.63 -8.82266
0.66 -8.8224
0.69 -8.82214
0.72 -8.82188
0.75 -8.82161
0.78 -8.82135
0.81 -8.82108
0.84 -8.82081
0.87 -8.82054
0.9 -8.82027
0.93 -8.82
0.96 -8.81972
0.99 -8.81945
1.02 -8.81917
1.05 -8.81889
1.08 -8.81861
1.11 -8.81832
1.14 -8.81804
1.17 -8.81775
1.2 -8.81746
1.23 -8.81717
1.26 -8.81688
1.29 -8.81659
1.32 -8.81629
1.35 -8.816
1.38 -8.8157
1.41 -8.8154
1.44 -8.8151
1.47 -8.81479
1.5 -8.81449
1.53 -8.81418
1.56 -8.81387
1.59 -8.81356
1.62 -8.81325
1.65 -8.81293
1.68 -8.81262
1.71 -8.8123
1.74 -8.81198
1.77 -8.81166
1.8 -8.81133
1.83 -8.81101
1.86 -8.81068
1.89 -8.81035
1.92 -8.81002
1.95 -8.80969
1.98 -8.80935
2.01 -8.80901
2.04 -8.80868
2.07 -8.80833
2.1 -8.80799
2.13 -8.80765
2.16 -8.8073
2.19 -8.80695
2.22 -8.8066
2.25 -8.80625
2.28 -8.8059
2.31 -8.80554
2.34 -8.80518
2.37 -8.80482
2.4 -8.80446
2.43 -8.8041
2.46 -8.80373
2.49 -8.80336
2.52 -8.80299
2.55 -8.80262
2.58 -8.80225
2.61 -8.80187
2.64 -8.80149
2.67 -8.80111
2.7 -8.80073
2.73 -8.80034
2.76 -8.79996
2.79 -8.79957
2.82 -8.79918
2.85 -8.79879
2.88 -8.79839
2.91 -8.798
2.94 -8.7976
2.97 -8.7972
3 -8.7968
3.03 -8.79639
3.06 -8.79599
3.09 -8.79558
3.12 -8.79517
3.15 -8.79476
3.18 -8.79434
3.21 -8.79392
3.24 -8.79351
3.27 -8.79309
3.3 -8.79266
3.33 -8.79224
3.36 -8.79181
3.39 -8.79138
3.42 -8.79095
3.45 -8.79052
3.48 -8.79008
3.51 -8.78965
3.54 -8.78921
3.57 -8.78877
3.6 -8.78833
3.63 -8.78788
3.66 -8.78743
3.69 -8.78698
3.72 -8.78653
3.75 -8.78608
3.78 -8.78563
3.81 -8.78517
3.84 -8.78471
3.87 -8.78425
3.9 -8.78379
3.93 -8.78332
3.96 -8.78285
3.99 -8.78238
4.02 -8.78191
4.05 -8.78144
4.08 -8.78097
4.11 -8.78049
4.14 -8.78001
4.17 -8.77953
4.2 -8.77905
4.23 -8.77856
4.26 -8.77808
4.29 -8.77759
4.32 -8.7771
4.35 -8.77661
4.38 -8.77611
4.41 -8.77562
4.44 -8.77512
4.47 -8.77462
4.5 -8.77412
4.53 -8.77362
4.56 -8.77311
4.59 -8.77261
4.62 -8.7721
4.65 -8.77159
4.68 -8.77108
4.71 -8.77056
4.74 -8.77005
4.77 -8.76953
4.8 -8.76901
4.83 -8.76849
4.86 -8.76797
4.89 -8.76744
4.92 -8.76692
4.95 -8.76639
4.98 -8.76586
5.01 -8.76533
5.04 -8.7648
5.07 -8.76426
5.1 -8.76373
5.13 -8.76319
5.16 -8.76265
5.19 -8.76211
5.22 -8.76157
5.25 -8.76103
5.28 -8.76048
5.31 -8.75993
5.34 -8.75939
5.37 -8.75884
5.4 -8.75829
5.43 -8.75773
5.46 -8.75718
5.49 -8.75663
5.52 -8.75607
5.55 -8.75551
5.58 -8.75495
5.61 -8.75439
5.64 -8.75383
5.67 -8.75326
5.7 -8.7527
5.73 -8.75213
5.76 -8.75157
5.79 -8.751
5.82 -8.75043
5.85 -8.74986
5.88 -8.74929
5.91 -8.74871
5.94 -8.74814
5.97 -8.74756
6 -8.74698
6.03 -8.74641
6.06 -8.74583
6.09 -8.74525
6.12 -8.74467
6.15 -8.74408
6.18 -8.7435
6.21 -8.74292
6.24 -8.74233
6.27 -8.74174
6.3 -8.74116
6.33 -8.74057
6.36 -8.73998
6.39 -8.73939
6.42 -8.7388
6.45 -8.73821
6.48 -8.73761
6.51 -8.73702
6.54 -8.73643
6.57 -8.73583
6.6 -8.73523
6.63 -8.73464
6.66 -8.73404
6.69 -8.73344
6.72 -8.73284
6.75 -8.73224
6.78 -8.73164
6.81 -8.73104
6.84 -8.73044
6.87 -8.72984
6.9 -8.72924
6.93 -8.72863
6.96 -8.72803
6.99 -8.72742
7.02 -8.72682
7.05 -8.72621
7.08 -8.72561
7.11 -8.725
7.14 -8.72439
7.17 -8.72378
7.2 -8.72318
7.23 -8.72257
7.26 -8.72196
7.29 -8.72135
7.32 -8.72074
7.35 -8.72013
7.38 -8.71952
7.41 -8.71891
7.44 -8.7183
7.47 -8.71769
7.5 -8.71707
7.53 -8.71646
7.56 -8.71585
7.59 -8.71524
7.62 -8.71463
7.65 -8.71401
7.68 -8.7134
7.71 -8.71279
7.74 -8.71217
7.77 -8.71156
7.8 -8.71095
7.83 -8.71033
7.86 -8.70972
7.89 -8.7091
7.92 -8.70849
7.95 -8.70788
7.98 -8.70726
8.01 -8.70665
8.04 -8.70603
8.07 -8.70542
8.1 -8.70481
8.13 -8.70419
8.16 -8.70358
8.19 -8.70296
8.22 -8.70235
8.25 -8.70173
8.28 -8.70112
8.31 -8.70051
8.34 -8.69989
8.37 -8.69928
8.4 -8.69867
8.43 -8.69805
8.46 -8.69744
8.49 -8.69683
8.52 -8.69621
8.55 -8.6956
8.58 -8.69499
8.61 -8.69438
8.64 -8.69376
8.67 -8.69315
8.7 -8.69254
8.73 -8.69193
8.76 -8.69132
8.79 -8.69071
8.82 -8.6901
8.85 -8.68948
8.88 -8.68887
8.91 -8.68826
8.94 -8.68765
8.97 -8.68705
9 -8.68644
9.03 -8.68583
9.06 -8.68522
9.09 -8.68461
9.12 -8.684
9.15 -8.6834
9.18 -8.68279
9.21 -8.68218
9.24 -8.68158
9.27 -8.68097
9.3 -8.68036
9.33 -8.67976
9.36 -8.67915
9.39 -8.67855
9.42 -8.67794
9.45 -8.67734
9.48 -8.67674
9.51 -8.67613
9.54 -8.67553
9.57 -8.67493
9.6 -8.67433
9.63 -8.67373
9.66 -8.67313
9.69 -8.67253
9.72 -8.67193
9.75 -8.67133
9.78 -8.67073
9.81 -8.67013
9.84 -8.66953
9.87 -8.66893
9.9 -8.66833
9.93 -8.66774
9.96 -8.66714
9.99 -8.66654
10.02 -8.66595
10.05 -8.66535
10.08 -8.66476
10.11 -8.66416
10.14 -8.66357
10.17 -8.66298
10.2 -8.66238
10.23 -8.66179
10.26 -8.6612
10.29 -8.66061
10.32 -8.66002
10.35 -8.65942
10.38 -8.65883
10.41 -8.65824
10.44 -8.65765
10.47 -8.65707
10.5 -8.65648
10.53 -8.65589
10.56 -8.6553
10.59 -8.65471
10.62 -8.65413
10.65 -8.65354
10.68 -8.65296
10.71 -8.65237
10.74 -8.65178
10.77 -8.6512
10.8 -8.65062
10.83 -8.65003
10.86 -8.64945
10.89 -8.64887
10.92 -8.64828
10.95 -8.6477
10.98 -8.64712
11.01 -8.64654
11.04 -8.64596
11.07 -8.64538
11.1 -8.6448
11.13 -8.64422
11.16 -8.64364
11.19 -8.64306
11.22 -8.64248
11.25 -8.6419
11.28 -8.64133
11.31 -8.64075
11.34 -8.64017
11.37 -8.6396
11.4 -8.63902
11.43 -8.63844
11.46 -8.63787
11.49 -8.63729
11.52 -8.63672
11.55 -8.63615
11.58 -8.63557
11.61 -8.635
11.64 -8.63443
11.67 -8.63385
11.7 -8.63328
11.73 -8.63271
11.76 -8.63214
11.79 -8.63156
11.82 -8.63099
11.85 -8.63042
11.88 -8.62985
11.91 -8.62928
11.94 -8.62871
11.97 -8.62814
12 -8.62757
12.03 -8.627
12.06 -8.62643
12.09 -8.62587
12.12 -8.6253
12.15 -8.62473
12.18 -8.62416
12.21 -8.6236
12.24 -8.62303
12.27 -8.62246
12.3 -8.62189
12.33 -8.62133
12.36 -8.62076
12.39 -8.6202
12.42 -8.61963
12.45 -8.61907
12.48 -8.6185
12.51 -8.61794
12.54 -8.61737
12.57 -8.61681
12.6 -8.61624
12.63 -8.61568
12.66 -8.61511
12.69 -8.61455
12.72 -8.61399
12.75 -8.61342
12.78 -8.61286
12.81 -8.6123
12.84 -8.61173
12.87 -8.61117
12.9 -8.61061
12.93 -8.61005
12.96 -8.60948
12.99 -8.60892
13.02 -8.60836
13.05 -8.6078
13.08 -8.60724
13.11 -8.60668
13.14 -8.60612
13.17 -8.60555
13.2 -8.60499
13.23 -8.60443
13.26 -8.60387
13.29 -8.60331
13.32 -8.60275
13.35 -8.60219
13.38 -8.60163
13.41 -8.60107
13.44 -8.60051
13.47 -8.59995
13.5 -8.59939
13.53 -8.59883
13.56 -8.59827
13.59 -8.59771
13.62 -8.59715
13.65 -8.59659
13.68 -8.59603
13.71 -8.59548
13.74 -8.59492
13.77 -8.59436
13.8 -8.5938
13.83 -8.59324
13.86 -8.59268
13.89 -8.59212
13.92 -8.59156
13.95 -8.59101
13.98 -8.59045
14.01 -8.58989
14.04 -8.58933
14.07 -8.58877
14.1 -8.58821
14.13 -8.58766
14.16 -8.5871
14.19 -8.58654
14.22 -8.58598
14.25 -8.58543
14.28 -8.58487
14.31 -8.58431
14.34 -8.58375
14.37 -8.5832
14.4 -8.58264
14.43 -8.58208
14.46 -8.58152
14.49 -8.58097
14.52 -8.58041
14.55 -8.57985
14.58 -8.5793
14.61 -8.57874
14.64 -8.57818
14.67 -8.57763
14.7 -8.57707
14.73 -8.57651
14.76 -8.57596
14.79 -8.5754
14.82 -8.57484
14.85 -8.57429
14.88 -8.57373
14.91 -8.57318
14.94 -8.57262
14.97 -8.57206
15 -8.57151
15.03 -8.57095
15.06 -8.5704
15.09 -8.56984
15.12 -8.56929
15.15 -8.56873
15.18 -8.56817
15.21 -8.56762
15.24 -8.56706
15.27 -8.56651
15.3 -8.56596
15.33 -8.5654
15.36 -8.56485
15.39 -8.56429
15.42 -8.56374
15.45 -8.56318
15.48 -8.56263
15.51 -8.56208
15.54 -8.56152
15.57 -8.56097
15.6 -8.56041
15.63 -8.55986
15.66 -8.55931
15.69 -8.55876
15.72 -8.5582
15.75 -8.55765
15.78 -8.5571
15.81 -8.55655
15.84 -8.55599
15.87 -8.55544
15.9 -8.55489
15.93 -8.55434
15.96 -8.55379
15.99 -8.55324
16.02 -8.55268
16.05 -8.55213
16.08 -8.55158
16.11 -8.55103
16.14 -8.55048
16.17 -8.54993
16.2 -8.54938
16.23 -8.54883
16.26 -8.54829
16.29 -8.54774
16.32 -8.54719
16.35 -8.54664
16.38 -8.54609
16.41 -8.54554
16.44 -8.545
16.47 -8.54445
16.5 -8.5439
16.53 -8.54335
16.56 -8.54281
16.59 -8.54226
16.62 -8.54172
16.65 -8.54117
16.68 -8.54063
16.71 -8.54008
16.74 -8.53954
16.77 -8.53899
16.8 -8.53845
16.83 -8.5379
16.86 -8.53736
16.89 -8.53682
16.92 -8.53628
16.95 -8.53573
16.98 -8.53519
17.01 -8.53465
17.04 -8.53411
17.07 -8.53357
17.1 -8.53303
17.13 -8.53249
17.16 -8.53195
17.19 -8.53141
17.22 -8.53087
17.25 -8.53034
17.28 -8.5298
17.31 -8.52926
17.34 -8.52872
17.37 -8.52819
17.4 -8.52765
17.43 -8.52712
17.46 -8.52658
17.49 -8.52605
17.52 -8.52551
17.55 -8.52498
17.58 -8.52445
17.61 -8.52392
17.64 -8.52338
17.67 -8.52285
17.7 -8.52232
17.73 -8.52179
17.76 -8.52126
17.79 -8.52073
17.82 -8.52021
17.85 -8.51968
17.88 -8.51915
17.91 -8.51862
17.94 -8.5181
17.97 -8.51757
18 -8.51705
18.03 -8.51652
18.06 -8.516
18.09 -8.51548
18.12 -8.51496
18.15 -8.51444
18.18 -8.51391
18.21 -8.51339
18.24 -8.51288
18.27 -8.51236
18.3 -8.51184
18.33 -8.51132
18.36 -8.51081
18.39 -8.51029
18.42 -8.50978
18.45 -8.50926
18.48 -8.50875
18.51 -8.50824
18.54 -8.50772
18.57 -8.50721
18.6 -8.5067
18.63 -8.50619
18.66 -8.50569
18.69 -8.50518
18.72 -8.50467
18.75 -8.50417
18.78 -8.50366
18.81 -8.50316
18.84 -8.50266
18.87 -8.50216
18.9 -8.50165
18.93 -8.50116
18.96 -8.50066
18.99 -8.50016
19.02 -8.49966
19.05 -8.49917
19.08 -8.49867
19.11 -8.49818
19.14 -8.49769
19.17 -8.4972
19.2 -8.49671
19.23 -8.49622
19.26 -8.49573
19.29 -8.49524
19.32 -8.49476
19.35 -8.49427
19.38 -8.49379
19.41 -8.49331
19.44 -8.49283
19.47 -8.49235
19.5 -8.49187
19.53 -8.4914
19.56 -8.49092
19.59 -8.49045
19.62 -8.48998
19.65 -8.48951
19.68 -8.48904
19.71 -8.48857
19.74 -8.48811
19.77 -8.48764
19.8 -8.48718
19.83 -8.48672
19.86 -8.48626
19.89 -8.4858
19.92 -8.48534
19.95 -8.48489
19.98 -8.48443
20.01 -8.48398
20.04 -8.48353
20.07 -8.48308
20.1 -8.48263
20.13 -8.48219
20.16 -8.48175
20.19 -8.48131
20.22 -8.48087
20.25 -8.48043
20.28 -8.47999
20.31 -8.47956
20.34 -8.47913
20.37 -8.4787
20.4 -8.47827
20.43 -8.47784
20.46 -8.47742
20.49 -8.47699
20.52 -8.47657
20.55 -8.47616
20.58 -8.47574
20.61 -8.47533
20.64 -8.47491
20.67 -8.4745
20.7 -8.4741
20.73 -8.47369
20.76 -8.47329
20.79 -8.47289
20.82 -8.47249
20.85 -8.47209
20.88 -8.4717
20.91 -8.4713
20.94 -8.47092
20.97 -8.47053
21 -8.47014
21.03 -8.46976
21.06 -8.46938
21.09 -8.469
21.12 -8.46863
21.15 -8.46825
21.18 -8.46788
21.21 -8.46751
21.24 -8.46715
21.27 -8.46678
21.3 -8.46642
21.33 -8.46606
21.36 -8.46571
21.39 -8.46536
21.42 -8.465
21.45 -8.46466
21.48 -8.46431
21.51 -8.46397
21.54 -8.46363
21.57 -8.46329
21.6 -8.46295
21.63 -8.46262
21.66 -8.46229
21.69 -8.46196
21.72 -8.46164
21.75 -8.46132
21.78 -8.461
21.81 -8.46068
21.84 -8.46037
21.87 -8.46006
21.9 -8.45975
21.93 -8.45944
21.96 -8.45914
21.99 -8.45884
22.02 -8.45854
22.05 -8.45825
22.08 -8.45796
22.11 -8.45767
22.14 -8.45738
22.17 -8.4571
22.2 -8.45682
22.23 -8.45654
22.26 -8.45627
22.29 -8.45599
22.32 -8.45572
22.35 -8.45546
22.38 -8.4552
22.41 -8.45494
22.44 -8.45468
22.47 -8.45442
22.5 -8.45417
22.53 -8.45392
22.56 -8.45368
22.59 -8.45344
22.62 -8.4532
22.65 -8.45296
22.68 -8.45273
22.71 -8.4525
22.74 -8.45227
22.77 -8.45205
22.8 -8.45183
22.83 -8.45162
22.86 -8.4514
22.89 -8.45119
22.92 -8.45099
22.95 -8.45078
22.98 -8.45059
23.01 -8.45039
23.04 -8.4502
23.07 -8.45001
23.1 -8.44983
23.13 -8.44965
23.16 -8.44947
23.19 -8.4493
23.22 -8.44913
23.25 -8.44897
23.28 -8.44881
23.31 -8.44865
23.34 -8.4485
23.37 -8.44836
23.4 -8.44821
23.43 -8.44808
23.46 -8.44795
23.49 -8.44782
23.52 -8.4477
23.55 -8.44758
23.58 -8.44747
23.61 -8.44737
23.64 -8.44727
23.67 -8.44718
23.7 -8.44709
23.73 -8.44701
23.76 -8.44694
23.79 -8.44687
23.82 -8.44681
23.85 -8.44675
23.88 -8.44671
23.91 -8.44667
23.94 -8.44664
23.97 -8.44661
24 -8.4466
24.03 -8.44659
24.06 -8.44659
24.09 -8.4466
24.12 -8.44662
24.15 -8.44665
24.18 -8.44669
24.21 -8.44674
24.24 -8.4468
24.27 -8.44686
24.3 -8.44694
24.33 -8.44703
24.36 -8.44714
24.39 -8.44725
24.42 -8.44737
24.45 -8.44751
24.48 -8.44766
24.51 -8.44782
24.54 -8.448
24.57 -8.44819
24.6 -8.44839
24.63 -8.44861
24.66 -8.44884
24.69 -8.44909
24.72 -8.44935
24.75 -8.44962
24.78 -8.44991
24.81 -8.45022
24.84 -8.45055
24.87 -8.45089
24.9 -8.45124
24.93 -8.45162
24.96 -8.45201
24.99 -8.45242
25.02 -8.45285
25.05 -8.45329
25.08 -8.45376
25.11 -8.45424
25.14 -8.45474
25.17 -8.45526
25.2 -8.4558
25.23 -8.45636
25.26 -8.45694
25.29 -8.45754
25.32 -8.45816
25.35 -8.45879
25.38 -8.45945
25.41 -8.46013
25.44 -8.46083
25.47 -8.46155
25.5 -8.46229
25.53 -8.46305
25.56 -8.46383
25.59 -8.46463
25.62 -8.46545
25.65 -8.46629
25.68 -8.46715
25.71 -8.46803
25.74 -8.46894
25.77 -8.46986
25.8 -8.4708
25.83 -8.47176
25.86 -8.47273
25.89 -8.47373
25.92 -8.47475
25.95 -8.47578
25.98 -8.47683
26.01 -8.4779
26.04 -8.47899
26.07 -8.48009
26.1 -8.48121
26.13 -8.48235
26.16 -8.4835
26.19 -8.48467
26.22 -8.48586
26.25 -8.48705
26.28 -8.48827
26.31 -8.48949
26.34 -8.49073
26.37 -8.49198
26.4 -8.49325
26.43 -8.49452
26.46 -8.49581
26.49 -8.49711
26.52 -8.49842
26.55 -8.49974
26.58 -8.50107
26.61 -8.50241
26.64 -8.50375
26.67 -8.50511
26.7 -8.50647
26.73 -8.50784
26.76 -8.50922
26.79 -8.5106
26.82 -8.51199
26.85 -8.51338
26.88 -8.51478
26.91 -8.51618
26.94 -8.51759
26.97 -8.519
27 -8.52042
27.03 -8.52184
27.06 -8.52326
27.09 -8.52468
27.12 -8.5261
27.15 -8.52753
27.18 -8.52896
27.21 -8.53038
27.24 -8.53181
27.27 -8.53324
27.3 -8.53467
27.33 -8.53609
27.36 -8.53752
27.39 -8.53895
27.42 -8.54037
27.45 -8.54179
27.48 -8.54321
27.51 -8.54463
27.54 -8.54605
27.57 -8.54746
27.6 -8.54887
27.63 -8.55027
27.66 -8.55168
27.69 -8.55308
27.72 -8.55447
27.75 -8.55587
27.78 -8.55725
27.81 -8.55864
27.84 -8.56002
27.87 -8.56139
27.9 -8.56276
27.93 -8.56413
27.96 -8.56549
27.99 -8.56684
28.02 -8.56819
28.05 -8.56954
28.08 -8.57087
28.11 -8.57221
28.14 -8.57353
28.17 -8.57486
28.2 -8.57617
28.23 -8.57748
28.26 -8.57878
28.29 -8.58008
28.32 -8.58137
28.35 -8.58266
28.38 -8.58394
28.41 -8.58521
28.44 -8.58647
28.47 -8.58773
28.5 -8.58898
28.53 -8.59023
28.56 -8.59147
28.59 -8.5927
28.62 -8.59393
28.65 -8.59515
28.68 -8.59636
28.71 -8.59756
28.74 -8.59876
28.77 -8.59995
28.8 -8.60114
28.83 -8.60232
28.86 -8.60349
28.89 -8.60465
28.92 -8.60581
28.95 -8.60696
28.98 -8.6081
29.01 -8.60924
29.04 -8.61037
29.07 -8.61149
29.1 -8.61261
29.13 -8.61372
29.16 -8.61482
29.19 -8.61591
29.22 -8.617
29.25 -8.61808
29.28 -8.61916
29.31 -8.62023
29.34 -8.62129
29.37 -8.62234
29.4 -8.62339
29.43 -8.62443
29.46 -8.62546
29.49 -8.62649
29.52 -8.62751
29.55 -8.62853
29.58 -8.62953
29.61 -8.63053
29.64 -8.63153
29.67 -8.63252
29.7 -8.6335
29.73 -8.63447
29.76 -8.63544
29.79 -8.6364
29.82 -8.63736
29.85 -8.63831
29.88 -8.63925
29.91 -8.64018
29.94 -8.64111
29.97 -8.64204
30 -8.64295
30.001 -10
