0 5
0.03 5.00984
0.06 5.00997
0.09 5.0101
0.12 5.01023
0.15 5.01036
0.18 5.01049
0.21 5.01062
0.24 5.01076
0.27 5.01089
0.3 5.01103
0.33 5.01116
0.36 5.0113
0.39 5.01143
0.42 5.01157
0.45 5.01171
0.48 5.01185
0.51 5.01199
0.54 5.01214
0.57 5.01228
0.6 5.01242
0.63 5.01257
0.66 5.01271
0.69 5.01286
0.72 5.01301
0.75 5.01315
0.78 5.0133
0.81 5.01345
0.84 5.0136
0.87 5.01376
0.9 5.01391
0.93 5.01406
0.96 5.01422
0.99 5.01437
1.02 5.01453
1.05 5.01469
1.08 5.01485
1.11 5.01501
1.14 5.01517
1.17 5.01533
1.2 5.01549
1.23 5.01566
1.26 5.01582
1.29 5.01599
1.32 5.01615
1.35 5.01632
1.38 5.01649
1.41 5.01666
1.44 5.01683
1.47 5.01701
1.5 5.01718
1.53 5.01735
1.56 5.01753
1.59 5.01771
1.62 5.01789
1.65 5.01806
1.68 5.01825
1.71 5.01843
1.74 5.01861
1.77 5.01879
1.8 5.01898
1.83 5.01916
1.86 5.01935
1.89 5.01954
1.92 5.01973
1.95 5.01992
1.98 5.02011
2.01 5.02031
2.04 5.0205
2.07 5.0207
2.1 5.02089
2.13 5.02109
2.16 5.02129
2.19 5.02149
2.22 5.02169
2.25 5.0219
2.28 5.0221
2.31 5.02231
2.34 5.02251
2.37 5.02272
2.4 5.02293
2.43 5.02314
2.46 5.02335
2.49 5.02357
2.52 5.02378
2.55 5.024
2.58 5.02422
2.61 5.02444
2.64 5.02466
2.67 5.02488
2.7 5.0251
2.73 5.02532
2.76 5.02555
2.79 5.02578
2.82 5.02601
2.85 5.02623
2.88 5.02647
2.91 5.0267
2.94 5.02693
2.97 5.02717
3 5.0274
3.03 5.02764
3.06 5.02788
3.09 5.02812
3.12 5.02837
3.15 5.02861
3.18 5.02885
3.21 5.0291
3.24 5.02935
3.27 5.0296
3.3 5.02985
3.33 5.0301
3.36 5.03036
3.39 5.03061
3.42 5.03087
3.45 5.03113
3.48 5.03139
3.51 5.03165
3.54 5.03191
3.57 5.03218
3.6 5.03244
3.63 5.03271
3.66 5.03298
3.69 5.03325
3.72 5.03352
3.75 5.0338
3.78 5.03407
3.81 5.03435
3.84 5.03463
3.87 5.03491
3.9 5.03519
3.93 5.03547
3.96 5.03576
3.99 5.03604
4.02 5.03633
4.05 5.03662
4.08 5.03691
4.11 5.0372
4.14 5.03749
4.17 5.03779
4.2 5.03809
4.23 5.03838
4.26 5.03868
4.29 5.03899
4.32 5.03929
4.35 5.03959
4.38 5.0399
4.41 5.04021
4.44 5.04052
4.47 5.04083
4.5 5.04114
4.53 5.04146
4.56 5.04177
4.59 5.04209
4.62 5.04241
4.65 5.04273
4.68 5.04305
4.71 5.04337
4.74 5.0437
4.77 5.04403
4.8 5.04435
4.83 5.04468
4.86 5.04502
4.89 5.04535
4.92 5.04568
4.95 5.04602
4.98 5.04636
5.01 5.0467
5.04 5.04704
5.07 5.04738
5.1 5.04773
5.13 5.04807
5.16 5.04842
5.19 5.04877
5.22 5.04912
5.25 5.04947
5.28 5.04983
5.31 5.05018
5.34 5.05054
5.37 5.0509
5.4 5.05126
5.43 5.05162
5.46 5.05198
5.49 5.05235
5.52 5.05271
5.55 5.05308
5.58 5.05345
5.61 5.05382
5.64 5.05419
5.67 5.05457
5.7 5.05494
5.73 5.05532
5.76 5.0557
5.79 5.05608
5.82 5.05646
5.85 5.05685
5.88 5.05723
5.91 5.05762
5.94 5.058
5.97 5.05839
6 5.05878
6.03 5.05918
6.06 5.05957
6.09 5.05997
6.12 5.06036
6.15 5.06076
6.18 5.06116
6.21 5.06156
6.24 5.06196
6.27 5.06237
6.3 5.06277
6.33 5.06318
6.36 5.06359
6.39 5.064
6.42 5.06441
6.45 5.06482
6.48 5.06524
6.51 5.06565
6.54 5.06607
6.57 5.06649
6.6 5.06691
6.63 5.06733
6.66 5.06775
6.69 5.06818
6.72 5.0686
6.75 5.06903
6.78 5.06946
6.81 5.06989
6.84 5.07032
6.87 5.07075
6.9 5.07119
6.93 5.07162
6.96 5.07206
6.99 5.0725
7.02 5.07293
7.05 5.07337
7.08 5.07382
7.11 5.07426
7.14 5.0747
7.17 5.07515
7.2 5.0756
7.23 5.07605
7.26 5.07649
7.29 5.07695
7.32 5.0774
7.35 5.07785
7.38 5.07831
7.41 5.07876
7.44 5.07922
7.47 5.07968
7.5 5.08014
7.53 5.0806
7.56 5.08106
7.59 5.08152
7.62 5.08199
7.65 5.08245
7.68 5.08292
7.71 5.08339
7.74 5.08386
7.77 5.08433
7.8 5.0848
7.83 5.08527
7.86 5.08575
7.89 5.08622
7.92 5.0867
7.95 5.08718
7.98 5.08766
8.01 5.08814
8.04 5.08862
8.07 5.0891
8.1 5.08958
8.13 5.09007
8.16 5.09055
8.19 5.09104
8.22 5.09153
8.25 5.09202
8.28 5.09251
8.31 5.093
8.34 5.09349
8.37 5.09398
8.4 5.09448
8.43 5.09497
8.46 5.09547
8.49 5.09597
8.52 5.09647
8.55 5.09697
8.58 5.09747
8.61 5.09797
8.64 5.09847
8.67 5.09898
8.7 5.09948
8.73 5.09999
8.76 5.10049
8.79 5.101
8.82 5.10151
8.85 5.10202
8.88 5.10253
8.91 5.10305
8.94 5.10356
8.97 5.10407
9 5.10459
9.03 5.10511
9.06 5.10562
9.09 5.10614
9.12 5.10666
9.15 5.10718
9.18 5.1077
9.21 5.10823
9.24 5.10875
9.27 5.10927
9.3 5.1098
9.33 5.11033
9.36 5.11085
9.39 5.11138
9.42 5.11191
9.45 5.11244
9.48 5.11297
9.51 5.11351
9.54 5.11404
9.57 5.11458
9.6 5.11511
9.63 5.11565
9.66 5.11619
9.69 5.11672
9.72 5.11726
9.75 5.1178
9.78 5.11835
9.81 5.11889
9.84 5.11943
9.87 5.11998
9.9 5.12052
9.93 5.12107
9.96 5.12162
9.99 5.12217
10.02 5.12272
10.05 5.12327
10.08 5.12382
10.11 5.12437
10.14 5.12493
10.17 5.12548
10.2 5.12604
10.23 5.12659
10.26 5.12715
10.29 5.12771
10.32 5.12827
10.35 5.12883
10.38 5.12939
10.41 5.12996
10.44 5.13052
10.47 5.13109
10.5 5.13165
10.53 5.13222
10.56 5.13279
10.59 5.13336
10.62 5.13393
10.65 5.1345
10.68 5.13507
10.71 5.13565
10.74 5.13622
10.77 5.1368
10.8 5.13738
10.83 5.13796
10.86 5.13854
10.89 5.13912
10.92 5.1397
10.95 5.14028
10.98 5.14087
11.01 5.14145
11.04 5.14204
11.07 5.14263
11.1 5.14321
11.13 5.1438
11.16 5.1444
11.19 5.14499
11.22 5.14558
11.25 5.14618
11.28 5.14677
11.31 5.14737
11.34 5.14797
11.37 5.14857
11.4 5.14917
11.43 5.14977
11.46 5.15038
11.49 5.15098
11.52 5.15159
11.55 5.1522
11.58 5.15281
11.61 5.15342
11.64 5.15403
11.67 5.15464
11.7 5.15526
11.73 5.15587
11.76 5.15649
11.79 5.15711
11.82 5.15773
11.85 5.15835
11.88 5.15897
11.91 5.1596
11.94 5.16022
11.97 5.16085
12 5.16148
12.03 5.16211
12.06 5.16274
12.09 5.16337
12.12 5.16401
12.15 5.16464
12.18 5.16528
12.21 5.16592
12.24 5.16656
12.27 5.1672
12.3 5.16785
12.33 5.16849
12.36 5.16914
12.39 5.16979
12.42 5.17044
12.45 5.17109
12.48 5.17174
12.51 5.1724
12.54 5.17305
12.57 5.17371
12.6 5.17437
12.63 5.17503
12.66 5.1757
12.69 5.17636
12.72 5.17703
12.75 5.1777
12.78 5.17837
12.81 5.17904
12.84 5.17972
12.87 5.18039
12.9 5.18107
12.93 5.18175
12.96 5.18243
12.99 5.18311
13.02 5.1838
13.05 5.18449
13.08 5.18518
13.11 5.18587
13.14 5.18656
13.17 5.18725
13.2 5.18795
13.23 5.18865
13.26 5.18935
13.29 5.19005
13.32 5.19076
13.35 5.19146
13.38 5.19217
13.41 5.19288
13.44 5.1936
13.47 5.19431
13.5 5.19503
13.53 5.19575
13.56 5.19647
13.59 5.19719
13.62 5.19792
13.65 5.19865
13.68 5.19938
13.71 5.20011
13.74 5.20084
13.77 5.20158
13.8 5.20232
13.83 5.20306
13.86 5.2038
13.89 5.20455
13.92 5.2053
13.95 5.20605
13.98 5.2068
14.01 5.20756
14.04 5.20831
14.07 5.20907
14.1 5.20984
14.13 5.2106
14.16 5.21137
14.19 5.21214
14.22 5.21291
14.25 5.21368
14.28 5.21446
14.31 5.21524
14.34 5.21602
14.37 5.21681
14.4 5.21759
14.43 5.21838
14.46 5.21918
14.49 5.21997
14.52 5.22077
14.55 5.22157
14.58 5.22237
14.61 5.22317
14.64 5.22398
14.67 5.22479
14.7 5.22561
14.73 5.22642
14.76 5.22724
14.79 5.22806
14.82 5.22889
14.85 5.22971
14.88 5.23054
14.91 5.23137
14.94 5.23221
14.97 5.23305
15 5.23389
15.03 5.23473
15.06 5.23558
15.09 5.23643
15.12 5.23728
15.15 5.23813
15.18 5.23899
15.21 5.23985
15.24 5.24072
15.27 5.24158
15.3 5.24245
15.33 5.24333
15.36 5.2442
15.39 5.24508
15.42 5.24596
15.45 5.24685
15.48 5.24773
15.51 5.24863
15.54 5.24952
15.57 5.25042
15.6 5.25132
15.63 5.25222
15.66 5.25313
15.69 5.25404
15.72 5.25495
15.75 5.25586
15.78 5.25678
15.81 5.25771
15.84 5.25863
15.87 5.25956
15.9 5.26049
15.93 5.26143
15.96 5.26237
15.99 5.26331
16.02 5.26425
16.05 5.2652
16.08 5.26615
16.11 5.26711
16.14 5.26807
16.17 5.26903
16.2 5.26999
16.23 5.27096
16.26 5.27193
16.29 5.27291
16.32 5.27389
16.35 5.27487
16.38 5.27585
16.41 5.27684
16.44 5.27784
16.47 5.27883
16.5 5.27983
16.53 5.28084
16.56 5.28184
16.59 5.28285
16.62 5.28387
16.65 5.28488
16.68 5.28591
16.71 5.28693
16.74 5.28796
16.77 5.28899
16.8 5.29003
16.83 5.29106
16.86 5.29211
16.89 5.29315
16.92 5.29421
16.95 5.29526
16.98 5.29632
17.01 5.29738
17.04 5.29844
17.07 5.29951
17.1 5.30059
17.13 5.30166
17.16 5.30274
17.19 5.30383
17.22 5.30492
17.25 5.30601
17.28 5.30711
17.31 5.30821
17.34 5.30931
17.37 5.31042
17.4 5.31153
17.43 5.31265
17.46 5.31376
17.49 5.31489
17.52 5.31602
17.55 5.31715
17.58 5.31828
17.61 5.31942
17.64 5.32057
17.67 5.32172
17.7 5.32287
17.73 5.32402
17.76 5.32518
17.79 5.32635
17.82 5.32752
17.85 5.32869
17.88 5.32987
17.91 5.33105
17.94 5.33223
17.97 5.33342
18 5.33462
18.03 5.33581
18.06 5.33702
18.09 5.33822
18.12 5.33943
18.15 5.34065
18.18 5.34187
18.21 5.34309
18.24 5.34432
18.27 5.34555
18.3 5.34679
18.33 5.34803
18.36 5.34927
18.39 5.35052
18.42 5.35177
18.45 5.35303
18.48 5.35429
18.51 5.35556
18.54 5.35683
18.57 5.35811
18.6 5.35939
18.63 5.36067
18.66 5.36196
18.69 5.36325
18.72 5.36455
18.75 5.36585
18.78 5.36716
18.81 5.36847
18.84 5.36978
18.87 5.3711
18.9 5.37243
18.93 5.37375
18.96 5.37509
18.99 5.37642
19.02 5.37776
19.05 5.37911
19.08 5.38046
19.11 5.38181
19.14 5.38317
19.17 5.38454
19.2 5.3859
19.23 5.38727
19.26 5.38865
19.29 5.39003
19.32 5.39142
19.35 5.3928
19.38 5.3942
19.41 5.3956
19.44 5.397
19.47 5.3984
19.5 5.39981
19.53 5.40123
19.56 5.40265
19.59 5.40407
19.62 5.4055
19.65 5.40693
19.68 5.40836
19.71 5.4098
19.74 5.41125
19.77 5.41269
19.8 5.41415
19.83 5.4156
19.86 5.41706
19.89 5.41853
19.92 5.41999
19.95 5.42146
19.98 5.42294
20.01 5.42442
20.04 5.4259
20.07 5.42739
20.1 5.42888
20.13 5.43038
20.16 5.43188
20.19 5.43338
20.22 5.43488
20.25 5.43639
20.28 5.43791
20.31 5.43943
20.34 5.44095
20.37 5.44247
20.4 5.444
20.43 5.44553
20.46 5.44707
20.49 5.44861
20.52 5.45015
20.55 5.45169
20.58 5.45324
20.61 5.4548
20.64 5.45635
20.67 5.45791
20.7 5.45948
20.73 5.46105
20.76 5.46262
20.79 5.46419
20.82 5.46577
20.85 5.46735
20.88 5.46893
20.91 5.47052
20.94 5.47211
20.97 5.47371
21 5.47531
21.03 5.47691
21.06 5.47851
21.09 5.48012
21.12 5.48174
21.15 5.48335
21.18 5.48497
21.21 5.4866
21.24 5.48823
21.27 5.48986
21.3 5.49149
21.33 5.49313
21.36 5.49478
21.39 5.49642
21.42 5.49808
21.45 5.49973
21.48 5.50139
21.51 5.50306
21.54 5.50473
21.57 5.5064
21.6 5.50808
21.63 5.50976
21.66 5.51145
21.69 5.51315
21.72 5.51485
21.75 5.51655
21.78 5.51826
21.81 5.51998
21.84 5.5217
21.87 5.52343
21.9 5.52516
21.93 5.5269
21.96 5.52865
21.99 5.5304
22.02 5.53216
22.05 5.53393
22.08 5.5357
22.11 5.53749
22.14 5.53928
22.17 5.54108
22.2 5.54289
22.23 5.5447
22.26 5.54653
22.29 5.54836
22.32 5.55021
22.35 5.55206
22.38 5.55393
22.41 5.5558
22.44 5.55769
22.47 5.55959
22.5 5.5615
22.53 5.56342
22.56 5.56535
22.59 5.5673
22.62 5.56926
22.65 5.57123
22.68 5.57322
22.71 5.57522
22.74 5.57723
22.77 5.57926
22.8 5.58131
22.83 5.58337
22.86 5.58545
22.89 5.58755
22.92 5.58966
22.95 5.59179
22.98 5.59394
23.01 5.59611
23.04 5.59829
23.07 5.6005
23.1 5.60272
23.13 5.60497
23.16 5.60723
23.19 5.60952
23.22 5.61183
23.25 5.61416
23.28 5.61652
23.31 5.61889
23.34 5.62129
23.37 5.62372
23.4 5.62616
23.43 5.62864
23.46 5.63113
23.49 5.63366
23.52 5.63621
23.55 5.63878
23.58 5.64138
23.61 5.64401
23.64 5.64666
23.67 5.64934
23.7 5.65205
23.73 5.65478
23.76 5.65754
23.79 5.66033
23.82 5.66315
23.85 5.66599
23.88 5.66886
23.91 5.67176
23.94 5.67469
23.97 5.67764
24 5.68063
24.03 5.68363
24.06 5.68667
24.09 5.68973
24.12 5.69281
24.15 5.69593
24.18 5.69906
24.21 5.70222
24.24 5.70541
24.27 5.70862
24.3 5.71185
24.33 5.7151
24.36 5.71837
24.39 5.72166
24.42 5.72497
24.45 5.7283
24.48 5.73164
24.51 5.735
24.54 5.73837
24.57 5.74176
24.6 5.74516
24.63 5.74856
24.66 5.75198
24.69 5.7554
24.72 5.75883
24.75 5.76226
24.78 5.76569
24.81 5.76912
24.84 5.77256
24.87 5.77598
24.9 5.7794
24.93 5.78282
24.96 5.78622
24.99 5.78962
25.02 5.793
25.05 5.79637
25.08 5.79971
25.11 5.80304
25.14 5.80635
25.17 5.80964
25.2 5.8129
25.23 5.81614
25.26 5.81934
25.29 5.82252
25.32 5.82566
25.35 5.82877
25.38 5.83185
25.41 5.83489
25.44 5.83789
25.47 5.84085
25.5 5.84376
25.53 5.84664
25.56 5.84947
25.59 5.85225
25.62 5.85499
25.65 5.85769
25.68 5.86033
25.71 5.86292
25.74 5.86547
25.77 5.86796
25.8 5.8704
25.83 5.87279
25.86 5.87513
25.89 5.87742
25.92 5.87965
25.95 5.88183
25.98 5.88396
26.01 5.88603
26.04 5.88805
26.07 5.89002
26.1 5.89193
26.13 5.89379
26.16 5.89561
26.19 5.89736
26.22 5.89907
26.25 5.90073
26.28 5.90234
26.31 5.90389
26.34 5.9054
26.37 5.90686
26.4 5.90827
26.43 5.90964
26.46 5.91096
26.49 5.91223
26.52 5.91346
26.55 5.91465
26.58 5.91579
26.61 5.9169
26.64 5.91796
26.67 5.91898
26.7 5.91996
26.73 5.9209
26.76 5.92181
26.79 5.92268
26.82 5.92352
26.85 5.92432
26.88 5.92508
26.91 5.92582
26.94 5.92652
26.97 5.92719
27 5.92783
27.03 5.92844
27.06 5.92902
27.09 5.92958
27.12 5.93011
27.15 5.93061
27.18 5.93109
27.21 5.93154
27.24 5.93197
27.27 5.93238
27.3 5.93276
27.33 5.93312
27.36 5.93346
27.39 5.93378
27.42 5.93409
27.45 5.93437
27.48 5.93463
27.51 5.93488
27.54 5.93511
27.57 5.93532
27.6 5.93552
27.63 5.9357
27.66 5.93586
27.69 5.93601
27.72 5.93615
27.75 5.93628
27.78 5.93639
27.81 5.93648
27.84 5.93657
27.87 5.93664
27.9 5.93671
27.93 5.93676
27.96 5.9368
27.99 5.93683
28.02 5.93685
28.05 5.93687
28.08 5.93687
28.11 5.93686
28.14 5.93685
28.17 5.93682
28.2 5.93679
28.23 5.93676
28.26 5.93671
28.29 5.93666
28.32 5.9366
28.35 5.93653
28.38 5.93646
28.41 5.93638
28.44 5.93629
28.47 5.9362
28.5 5.93611
28.53 5.93601
28.56 5.9359
28.59 5.93579
28.62 5.93568
28.65 5.93556
28.68 5.93543
28.71 5.9353
28.74 5.93517
28.77 5.93503
28.8 5.93489
28.83 5.93475
28.86 5.9346
28.89 5.93445
28.92 5.9343
28.95 5.93414
28.98 5.93399
29.01 5.93382
29.04 5.93366
29.07 5.93349
29.1 5.93332
29.13 5.93315
29.16 5.93298
29.19 5.9328
29.22 5.93263
29.25 5.93245
29.28 5.93226
29.31 5.93208
29.34 5.9319
29.37 5.93171
29.4 5.93152
29.43 5.93133
29.46 5.93114
29.49 5.93095
29.52 5.93076
29.55 5.93057
29.58 5.93037
29.61 5.93017
29.64 5.92998
29.67 5.92978
29.7 5.92958
29.73 5.92938
29.76 5.92918
29.79 5.92898
29.82 5.92878
29.85 5.92858
29.88 5.92838
29.91 5.92817
29.94 5.92797
29.97 5.92777
30 5.92756
30.001 5
