0 0
0.03 0.0686306
0.06 0.0692588
0.09 0.0698912
0.12 0.0705278
0.15 0.0711688
0.18 0.0718141
0.21 0.0724637
0.24 0.0731176
0.27 0.073776
0.3 0.0744389
0.33 0.0751062
0.36 0.075778
0.39 0.0764543
0.42 0.0771352
0.45 0.0778207
0.48 0.0785109
0.51 0.0792057
0.54 0.0799052
0.57 0.0806095
0.6 0.0813185
0.63 0.0820324
0.66 0.082751
0.69 0.0834746
0.72 0.084203
0.75 0.0849364
0.78 0.0856747
0.81 0.086418
0.84 0.0871664
0.87 0.0879199
0.9 0.0886784
0.93 0.0894421
0.96 0.090211
0.99 0.090985
1.02 0.0917644
1.05 0.0925489
1.08 0.0933388
1.11 0.0941341
1.14 0.0949347
1.17 0.0957407
1.2 0.0965521
1.23 0.0973691
1.26 0.0981915
1.29 0.0990195
1.32 0.0998531
1.35 0.100692
1.38 0.101537
1.41 0.102388
1.44 0.103244
1.47 0.104106
1.5 0.104974
1.53 0.105847
1.56 0.106727
1.59 0.107612
1.62 0.108503
1.65 0.1094
1.68 0.110304
1.71 0.111213
1.74 0.112128
1.77 0.113049
1.8 0.113977
1.83 0.11491
1.86 0.11585
1.89 0.116796
1.92 0.117748
1.95 0.118707
1.98 0.119672
2.01 0.120643
2.04 0.12162
2.07 0.122604
2.1 0.123595
2.13 0.124591
2.16 0.125595
2.19 0.126605
2.22 0.127621
2.25 0.128644
2.28 0.129674
2.31 0.13071
2.34 0.131753
2.37 0.132802
2.4 0.133859
2.43 0.134922
2.46 0.135992
2.49 0.137069
2.52 0.138152
2.55 0.139243
2.58 0.14034
2.61 0.141444
2.64 0.142556
2.67 0.143674
2.7 0.144799
2.73 0.145931
2.76 0.147071
2.79 0.148217
2.82 0.149371
2.85 0.150531
2.88 0.151699
2.91 0.152874
2.94 0.154056
2.97 0.155246
3 0.156442
3.03 0.157646
3.06 0.158858
3.09 0.160076
3.12 0.161302
3.15 0.162535
3.18 0.163776
3.21 0.165024
3.24 0.166279
3.27 0.167542
3.3 0.168812
3.33 0.17009
3.36 0.171375
3.39 0.172667
3.42 0.173967
3.45 0.175275
3.48 0.17659
3.51 0.177913
3.54 0.179243
3.57 0.180581
3.6 0.181926
3.63 0.183279
3.66 0.18464
3.69 0.186008
3.72 0.187384
3.75 0.188768
3.78 0.190159
3.81 0.191558
3.84 0.192964
3.87 0.194378
3.9 0.1958
3.93 0.197229
3.96 0.198667
3.99 0.200111
4.02 0.201564
4.05 0.203024
4.08 0.204492
4.11 0.205968
4.14 0.207451
4.17 0.208942
4.2 0.210441
4.23 0.211947
4.26 0.213461
4.29 0.214983
4.32 0.216513
4.35 0.21805
4.38 0.219595
4.41 0.221147
4.44 0.222708
4.47 0.224275
4.5 0.225851
4.53 0.227434
4.56 0.229025
4.59 0.230624
4.62 0.23223
4.65 0.233844
4.68 0.235465
4.71 0.237094
4.74 0.238731
4.77 0.240375
4.8 0.242027
4.83 0.243686
4.86 0.245353
4.89 0.247027
4.92 0.248709
4.95 0.250398
4.98 0.252095
5.01 0.253799
5.04 0.255511
5.07 0.25723
5.1 0.258957
5.13 0.26069
5.16 0.262432
5.19 0.26418
5.22 0.265936
5.25 0.267699
5.28 0.26947
5.31 0.271248
5.34 0.273032
5.37 0.274825
5.4 0.276624
5.43 0.27843
5.46 0.280244
5.49 0.282065
5.52 0.283892
5.55 0.285727
5.58 0.287569
5.61 0.289418
5.64 0.291273
5.67 0.293136
5.7 0.295005
5.73 0.296882
5.76 0.298765
5.79 0.300655
5.82 0.302552
5.85 0.304455
5.88 0.306365
5.91 0.308282
5.94 0.310205
5.97 0.312135
6 0.314072
6.03 0.316015
6.06 0.317965
6.09 0.319921
6.12 0.321883
6.15 0.323852
6.18 0.325827
6.21 0.327809
6.24 0.329796
6.27 0.33179
6.3 0.33379
6.33 0.335797
6.36 0.337809
6.39 0.339827
6.42 0.341852
6.45 0.343882
6.48 0.345919
6.51 0.347961
6.54 0.350009
6.57 0.352063
6.6 0.354123
6.63 0.356189
6.66 0.35826
6.69 0.360337
6.72 0.362419
6.75 0.364507
6.78 0.366601
6.81 0.3687
6.84 0.370804
6.87 0.372914
6.9 0.37503
6.93 0.37715
6.96 0.379276
6.99 0.381407
7.02 0.383544
7.05 0.385685
7.08 0.387832
7.11 0.389983
7.14 0.39214
7.17 0.394302
7.2 0.396468
7.23 0.39864
7.26 0.400816
7.29 0.402997
7.32 0.405183
7.35 0.407374
7.38 0.409569
7.41 0.411769
7.44 0.413974
7.47 0.416183
7.5 0.418397
7.53 0.420615
7.56 0.422838
7.59 0.425065
7.62 0.427296
7.65 0.429532
7.68 0.431772
7.71 0.434016
7.74 0.436265
7.77 0.438517
7.8 0.440774
7.83 0.443035
7.86 0.445299
7.89 0.447568
7.92 0.449841
7.95 0.452118
7.98 0.454399
8.01 0.456683
8.04 0.458971
8.07 0.461264
8.1 0.463559
8.13 0.465859
8.16 0.468162
8.19 0.470469
8.22 0.47278
8.25 0.475094
8.28 0.477412
8.31 0.479733
8.34 0.482057
8.37 0.484386
8.4 0.486717
8.43 0.489052
8.46 0.49139
8.49 0.493732
8.52 0.496077
8.55 0.498425
8.58 0.500777
8.61 0.503131
8.64 0.505489
8.67 0.50785
8.7 0.510215
8.73 0.512582
8.76 0.514952
8.79 0.517326
8.82 0.519702
8.85 0.522082
8.88 0.524464
8.91 0.52685
8.94 0.529238
8.97 0.53163
9 0.534024
9.03 0.536421
9.06 0.538821
9.09 0.541224
9.12 0.54363
9.15 0.546039
9.18 0.54845
9.21 0.550864
9.24 0.553281
9.27 0.555701
9.3 0.558123
9.33 0.560548
9.36 0.562976
9.39 0.565407
9.42 0.56784
9.45 0.570276
9.48 0.572715
9.51 0.575156
9.54 0.5776
9.57 0.580046
9.6 0.582496
9.63 0.584947
9.66 0.587402
9.69 0.589859
9.72 0.592319
9.75 0.594781
9.78 0.597246
9.81 0.599713
9.84 0.602183
9.87 0.604656
9.9 0.607131
9.93 0.609609
9.96 0.61209
9.99 0.614573
10.02 0.617058
10.05 0.619547
10.08 0.622037
10.11 0.624531
10.14 0.627027
10.17 0.629525
10.2 0.632027
10.23 0.634531
10.26 0.637037
10.29 0.639546
10.32 0.642058
10.35 0.644572
10.38 0.647089
10.41 0.649609
10.44 0.652132
10.47 0.654657
10.5 0.657185
10.53 0.659715
10.56 0.662248
10.59 0.664784
10.62 0.667323
10.65 0.669864
10.68 0.672409
10.71 0.674956
10.74 0.677506
10.77 0.680058
10.8 0.682614
10.83 0.685172
10.86 0.687733
10.89 0.690298
10.92 0.692865
10.95 0.695435
10.98 0.698008
11.01 0.700584
11.04 0.703163
11.07 0.705745
11.1 0.70833
11.13 0.710918
11.16 0.713509
11.19 0.716103
11.22 0.718701
11.25 0.721301
11.28 0.723905
11.31 0.726512
11.34 0.729123
11.37 0.731736
11.4 0.734353
11.43 0.736973
11.46 0.739597
11.49 0.742224
11.52 0.744854
11.55 0.747488
11.58 0.750125
11.61 0.752766
11.64 0.75541
11.67 0.758058
11.7 0.760709
11.73 0.763365
11.76 0.766023
11.79 0.768686
11.82 0.771352
11.85 0.774022
11.88 0.776696
11.91 0.779374
11.94 0.782055
11.97 0.78474
12 0.78743
12.03 0.790123
12.06 0.79282
12.09 0.795522
12.12 0.798227
12.15 0.800937
12.18 0.803651
12.21 0.806369
12.24 0.809091
12.27 0.811818
12.3 0.814548
12.33 0.817284
12.36 0.820023
12.39 0.822767
12.42 0.825516
12.45 0.828269
12.48 0.831026
12.51 0.833789
12.54 0.836555
12.57 0.839327
12.6 0.842103
12.63 0.844884
12.66 0.84767
12.69 0.850461
12.72 0.853256
12.75 0.856057
12.78 0.858862
12.81 0.861673
12.84 0.864488
12.87 0.867309
12.9 0.870135
12.93 0.872966
12.96 0.875802
12.99 0.878643
13.02 0.88149
13.05 0.884342
13.08 0.8872
13.11 0.890063
13.14 0.892931
13.17 0.895805
13.2 0.898685
13.23 0.90157
13.26 0.904461
13.29 0.907358
13.32 0.91026
13.35 0.913168
13.38 0.916082
13.41 0.919002
13.44 0.921928
13.47 0.92486
13.5 0.927798
13.53 0.930741
13.56 0.933691
13.59 0.936648
13.62 0.93961
13.65 0.942578
13.68 0.945553
13.71 0.948534
13.74 0.951522
13.77 0.954516
13.8 0.957516
13.83 0.960523
13.86 0.963536
13.89 0.966556
13.92 0.969583
13.95 0.972616
13.98 0.975656
14.01 0.978703
14.04 0.981757
14.07 0.984817
14.1 0.987884
14.13 0.990958
14.16 0.994039
14.19 0.997128
14.22 1.00022
14.25 1.00333
14.28 1.00643
14.31 1.00955
14.34 1.01267
14.37 1.01581
14.4 1.01894
14.43 1.02209
14.46 1.02524
14.49 1.0284
14.52 1.03157
14.55 1.03475
14.58 1.03793
14.61 1.04112
14.64 1.04432
14.67 1.04752
14.7 1.05074
14.73 1.05396
14.76 1.05719
14.79 1.06042
14.82 1.06367
14.85 1.06692
14.88 1.07018
14.91 1.07345
14.94 1.07673
14.97 1.08001
15 1.0833
15.03 1.0866
15.06 1.08991
15.09 1.09323
15.12 1.09656
15.15 1.09989
15.18 1.10323
15.21 1.10658
15.24 1.10994
15.27 1.11331
15.3 1.11668
15.33 1.12006
15.36 1.12346
15.39 1.12686
15.42 1.13027
15.45 1.13368
15.48 1.13711
15.51 1.14055
15.54 1.14399
15.57 1.14744
15.6 1.1509
15.63 1.15437
15.66 1.15785
15.69 1.16134
15.72 1.16484
15.75 1.16834
15.78 1.17186
15.81 1.17538
15.84 1.17892
15.87 1.18246
15.9 1.18601
15.93 1.18957
15.96 1.19314
15.99 1.19672
16.02 1.20031
16.05 1.2039
16.08 1.20751
16.11 1.21113
16.14 1.21475
16.17 1.21839
16.2 1.22203
16.23 1.22568
16.26 1.22935
16.29 1.23302
16.32 1.2367
16.35 1.2404
16.38 1.2441
16.41 1.24781
16.44 1.25153
16.47 1.25526
16.5 1.259
16.53 1.26275
16.56 1.26651
16.59 1.27028
16.62 1.27406
16.65 1.27785
16.68 1.28165
16.71 1.28546
16.74 1.28928
16.77 1.29311
16.8 1.29695
16.83 1.3008
16.86 1.30467
16.89 1.30854
16.92 1.31242
16.95 1.31631
16.98 1.32021
17.01 1.32412
17.04 1.32805
17.07 1.33198
17.1 1.33592
17.13 1.33988
17.16 1.34384
17.19 1.34782
17.22 1.3518
17.25 1.3558
17.28 1.35981
17.31 1.36383
17.34 1.36785
17.37 1.37189
17.4 1.37594
17.43 1.38001
17.46 1.38408
17.49 1.38816
17.52 1.39225
17.55 1.39636
17.58 1.40048
17.61 1.4046
17.64 1.40874
17.67 1.41289
17.7 1.41705
17.73 1.42122
17.76 1.42541
17.79 1.4296
17.82 1.43381
17.85 1.43802
17.88 1.44225
17.91 1.44649
17.94 1.45074
17.97 1.455
18 1.45928
18.03 1.46356
18.06 1.46786
18.09 1.47217
18.12 1.47649
18.15 1.48082
18.18 1.48516
18.21 1.48952
18.24 1.49388
18.27 1.49826
18.3 1.50265
18.33 1.50705
18.36 1.51146
18.39 1.51589
18.42 1.52033
18.45 1.52477
18.48 1.52923
18.51 1.53371
18.54 1.53819
18.57 1.54269
18.6 1.54719
18.63 1.55171
18.66 1.55624
18.69 1.56079
18.72 1.56534
18.75 1.56991
18.78 1.57449
18.81 1.57908
18.84 1.58368
18.87 1.58829
18.9 1.59292
18.93 1.59756
18.96 1.60221
18.99 1.60687
19.02 1.61154
19.05 1.61623
19.08 1.62092
19.11 1.62563
19.14 1.63035
19.17 1.63508
19.2 1.63983
19.23 1.64458
19.26 1.64935
19.29 1.65413
19.32 1.65892
19.35 1.66372
19.38 1.66853
19.41 1.67336
19.44 1.67819
19.47 1.68304
19.5 1.6879
19.53 1.69277
19.56 1.69765
19.59 1.70254
19.62 1.70744
19.65 1.71236
19.68 1.71728
19.71 1.72222
19.74 1.72717
19.77 1.73213
19.8 1.7371
19.83 1.74208
19.86 1.74707
19.89 1.75207
19.92 1.75708
19.95 1.7621
19.98 1.76714
20.01 1.77218
20.04 1.77724
20.07 1.7823
20.1 1.78738
20.13 1.79246
20.16 1.79756
20.19 1.80266
20.22 1.80778
20.25 1.81291
20.28 1.81804
20.31 1.82319
20.34 1.82835
20.37 1.83351
20.4 1.83869
20.43 1.84388
20.46 1.84907
20.49 1.85428
20.52 1.8595
20.55 1.86472
20.58 1.86996
20.61 1.8752
20.64 1.88046
20.67 1.88573
20.7 1.891
20.73 1.89629
20.76 1.90158
20.79 1.90689
20.82 1.9122
20.85 1.91753
20.88 1.92287
20.91 1.92821
20.94 1.93357
20.97 1.93894
21 1.94432
21.03 1.94971
21.06 1.95511
21.09 1.96052
21.12 1.96594
21.15 1.97138
21.18 1.97682
21.21 1.98228
21.24 1.98775
21.27 1.99323
21.3 1.99873
21.33 2.00424
21.36 2.00976
21.39 2.01529
21.42 2.02084
21.45 2.02641
21.48 2.03198
21.51 2.03758
21.54 2.04318
21.57 2.04881
21.6 2.05445
21.63 2.06011
21.66 2.06578
21.69 2.07147
21.72 2.07718
21.75 2.08291
21.78 2.08866
21.81 2.09443
21.84 2.10022
21.87 2.10604
21.9 2.11187
21.93 2.11773
21.96 2.12361
21.99 2.12952
22.02 2.13545
22.05 2.14141
22.08 2.1474
22.11 2.15341
22.14 2.15946
22.17 2.16553
22.2 2.17164
22.23 2.17777
22.26 2.18395
22.29 2.19015
22.32 2.19639
22.35 2.20267
22.38 2.20899
22.41 2.21535
22.44 2.22174
22.47 2.22818
22.5 2.23466
22.53 2.24119
22.56 2.24777
22.59 2.25439
22.62 2.26106
22.65 2.26778
22.68 2.27455
22.71 2.28138
22.74 2.28827
22.77 2.29521
22.8 2.30221
22.83 2.30927
22.86 2.31639
22.89 2.32357
22.92 2.33083
22.95 2.33815
22.98 2.34553
23.01 2.35299
23.04 2.36053
23.07 2.36813
23.1 2.37582
23.13 2.38358
23.16 2.39142
23.19 2.39935
23.22 2.40736
23.25 2.41546
23.28 2.42364
23.31 2.43191
23.34 2.44028
23.37 2.44874
23.4 2.45729
23.43 2.46594
23.46 2.47469
23.49 2.48354
23.52 2.4925
23.55 2.50155
23.58 2.51072
23.61 2.51999
23.64 2.52937
23.67 2.53885
23.7 2.54845
23.73 2.55817
23.76 2.56799
23.79 2.57793
23.82 2.58799
23.85 2.59817
23.88 2.60846
23.91 2.61887
23.94 2.6294
23.97 2.64005
24 2.65082
24.03 2.66171
24.06 2.67272
24.09 2.68384
24.12 2.69509
24.15 2.70646
24.18 2.71795
24.21 2.72955
24.24 2.74127
24.27 2.7531
24.3 2.76505
24.33 2.77711
24.36 2.78929
24.39 2.80157
24.42 2.81395
24.45 2.82645
24.48 2.83904
24.51 2.85173
24.54 2.86451
24.57 2.87739
24.6 2.89036
24.63 2.90341
24.66 2.91654
24.69 2.92974
24.72 2.94302
24.75 2.95637
24.78 2.96978
24.81 2.98324
24.84 2.99676
24.87 3.01033
24.9 3.02393
24.93 3.03758
24.96 3.05125
24.99 3.06495
25.02 3.07866
25.05 3.09239
25.08 3.10612
25.11 3.11985
25.14 3.13357
25.17 3.14728
25.2 3.16097
25.23 3.17463
25.26 3.18826
25.29 3.20186
25.32 3.2154
25.35 3.22889
25.38 3.24233
25.41 3.2557
25.44 3.26899
25.47 3.28221
25.5 3.29535
25.53 3.3084
25.56 3.32136
25.59 3.33422
25.62 3.34697
25.65 3.35961
25.68 3.37214
25.71 3.38455
25.74 3.39683
25.77 3.40899
25.8 3.42101
25.83 3.4329
25.86 3.44465
25.89 3.45625
25.92 3.46771
25.95 3.47902
25.98 3.49018
26.01 3.50119
26.04 3.51204
26.07 3.52273
26.1 3.53326
26.13 3.54363
26.16 3.55383
26.19 3.56388
26.22 3.57376
26.25 3.58347
26.28 3.59302
26.31 3.6024
26.34 3.61161
26.37 3.62066
26.4 3.62954
26.43 3.63826
26.46 3.64681
26.49 3.65519
26.52 3.66341
26.55 3.67147
26.58 3.67937
26.61 3.68711
26.64 3.69468
26.67 3.7021
26.7 3.70937
26.73 3.71647
26.76 3.72343
26.79 3.73023
26.82 3.73688
26.85 3.74339
26.88 3.74975
26.91 3.75596
26.94 3.76203
26.97 3.76796
27 3.77376
27.03 3.77942
27.06 3.78494
27.09 3.79034
27.12 3.7956
27.15 3.80074
27.18 3.80575
27.21 3.81064
27.24 3.81541
27.27 3.82006
27.3 3.82459
27.33 3.82901
27.36 3.83332
27.39 3.83752
27.42 3.84161
27.45 3.8456
27.48 3.84948
27.51 3.85326
27.54 3.85695
27.57 3.86053
27.6 3.86403
27.63 3.86743
27.66 3.87074
27.69 3.87396
27.72 3.87709
27.75 3.88014
27.78 3.88311
27.81 3.88599
27.84 3.8888
27.87 3.89153
27.9 3.89418
27.93 3.89676
27.96 3.89927
27.99 3.90171
28.02 3.90408
28.05 3.90638
28.08 3.90862
28.11 3.91079
28.14 3.9129
28.17 3.91495
28.2 3.91694
28.23 3.91887
28.26 3.92075
28.29 3.92257
28.32 3.92434
28.35 3.92605
28.38 3.92772
28.41 3.92933
28.44 3.93089
28.47 3.93241
28.5 3.93388
28.53 3.93531
28.56 3.93669
28.59 3.93803
28.62 3.93933
28.65 3.94059
28.68 3.94181
28.71 3.94298
28.74 3.94413
28.77 3.94523
28.8 3.9463
28.83 3.94733
28.86 3.94833
28.89 3.9493
28.92 3.95024
28.95 3.95114
28.98 3.95201
29.01 3.95286
29.04 3.95367
29.07 3.95445
29.1 3.95521
29.13 3.95594
29.16 3.95665
29.19 3.95733
29.22 3.95799
29.25 3.95862
29.28 3.95922
29.31 3.95981
29.34 3.96037
29.37 3.96091
29.4 3.96143
29.43 3.96193
29.46 3.96241
29.49 3.96287
29.52 3.96331
29.55 3.96373
29.58 3.96413
29.61 3.96452
29.64 3.96489
29.67 3.96524
29.7 3.96558
29.73 3.9659
29.76 3.9662
29.79 3.96649
29.82 3.96677
29.85 3.96703
29.88 3.96728
29.91 3.96751
29.94 3.96774
29.97 3.96794
30 3.96814
30.001 0
