0 -10
0.03 -8.6022
0.06 -8.60209
0.09 -8.60197
0.12 -8.60186
0.15 -8.60174
0.18 -8.60163
0.21 -8.60151
0.24 -8.6014
0.27 -8.60128
0.3 -8.60117
0.33 -8.60105
0.36 -8.60094
0.39 -8.60083
0.42 -8.60071
0.45 -8.6006
0.48 -8.60048
0.51 -8.60037
0.54 -8.60025
0.57 -8.60014
0.6 -8.60002
0.63 -8.59991
0.66 -8.59979
0.69 -8.59968
0.72 -8.59957
0.75 -8.59945
0.78 -8.59934
0.81 -8.59922
0.84 -8.59911
0.87 -8.59899
0.9 -8.59888
0.93 -8.59876
0.96 -8.59865
0.99 -8.59854
1.02 -8.59842
1.05 -8.59831
1.08 -8.59819
1.11 -8.59808
1.14 -8.59796
1.17 -8.59785
1.2 -8.59773
1.23 -8.59762
1.26 -8.59751
1.29 -8.59739
1.32 -8.59728
1.35 -8.59716
1.38 -8.59705
1.41 -8.59693
1.44 -8.59682
1.47 -8.5967
1.5 -8.59659
1.53 -8.59647
1.56 -8.59636
1.59 -8.59625
1.62 -8.59613
1.65 -8.59602
1.68 -8.5959
1.71 -8.59579
1.74 -8.59567
1.77 -8.59556
1.8 -8.59544
1.83 -8.59533
1.86 -8.59522
1.89 -8.5951
1.92 -8.59499
1.95 -8.59487
1.98 -8.59476
2.01 -8.59464
2.04 -8.59453
2.07 -8.59441
2.1 -8.5943
2.13 -8.59418
2.16 -8.59407
2.19 -8.59395
2.22 -8.59384
2.25 -8.59373
2.28 -8.59361
2.31 -8.5935
2.34 -8.59338
2.37 -8.59327
2.4 -8.59315
2.43 -8.59304
2.46 -8.59292
2.49 -8.59281
2.52 -8.59269
2.55 -8.59258
2.58 -8.59246
2.61 -8.59235
2.64 -8.59223
2.67 -8.59212
2.7 -8.592
2.73 -8.59189
2.76 -8.59177
2.79 -8.59166
2.82 -8.59154
2.85 -8.59143
2.88 -8.59131
2.91 -8.5912
2.94 -8.59108
2.97 -8.59097
3 -8.59085
3.03 -8.59074
3.06 -8.59062
3.09 -8.59051
3.12 -8.59039
3.15 -8.59028
3.18 -8.59016
3.21 -8.59005
3.24 -8.58993
3.27 -8.58982
3.3 -8.5897
3.33 -8.58959
3.36 -8.58947
3.39 -8.58935
3.42 -8.58924
3.45 -8.58912
3.48 -8.58901
3.51 -8.58889
3.54 -8.58878
3.57 -8.58866
3.6 -8.58855
3.63 -8.58843
3.66 -8.58831
3.69 -8.5882
3.72 -8.58808
3.75 -8.58797
3.78 -8.58785
3.81 -8.58774
3.84 -8.58762
3.87 -8.5875
3.9 -8.58739
3.93 -8.58727
3.96 -8.58716
3.99 -8.58704
4.02 -8.58692
4.05 -8.58681
4.08 -8.58669
4.11 -8.58658
4.14 -8.58646
4.17 -8.58634
4.2 -8.58623
4.23 -8.58611
4.26 -8.58599
4.29 -8.58588
4.32 -8.58576
4.35 -8.58564
4.38 -8.58553
4.41 -8.58541
4.44 -8.58529
4.47 -8.58518
4.5 -8.58506
4.53 -8.58494
4.56 -8.58483
4.59 -8.58471
4.62 -8.58459
4.65 -8.58448
4.68 -8.58436
4.71 -8.58424
4.74 -8.58413
4.77 -8.58401
4.8 -8.58389
4.83 -8.58377
4.86 -8.58366
4.89 -8.58354
4.92 -8.58342
4.95 -8.58331
4.98 -8.58319
5.01 -8.58307
5.04 -8.58295
5.07 -8.58284
5.1 -8.58272
5.13 -8.5826
5.16 -8.58248
5.19 -8.58236
5.22 -8.58225
5.25 -8.58213
5.28 -8.58201
5.31 -8.58189
5.34 -8.58177
5.37 -8.58166
5.4 -8.58154
5.43 -8.58142
5.46 -8.5813
5.49 -8.58118
5.52 -8.58106
5.55 -8.58095
5.58 -8.58083
5.61 -8.58071
5.64 -8.58059
5.67 -8.58047
5.7 -8.58035
5.73 -8.58023
5.76 -8.58011
5.79 -8.57999
5.82 -8.57988
5.85 -8.57976
5.88 -8.57964
5.91 -8.57952
5.94 -8.5794
5.97 -8.57928
6 -8.57916
6.03 -8.57904
6.06 -8.57892
6.09 -8.5788
6.12 -8.57868
6.15 -8.57856
6.18 -8.57844
6.21 -8.57832
6.24 -8.5782
6.27 -8.57808
6.3 -8.57796
6.33 -8.57784
6.36 -8.57772
6.39 -8.5776
6.42 -8.57748
6.45 -8.57736
6.48 -8.57724
6.51 -8.57712
6.54 -8.577
6.57 -8.57688
6.6 -8.57676
6.63 -8.57663
6.66 -8.57651
6.69 -8.57639
6.72 -8.57627
6.75 -8.57615
6.78 -8.57603
6.81 -8.57591
6.84 -8.57578
6.87 -8.57566
6.9 -8.57554
6.93 -8.57542
6.96 -8.5753
6.99 -8.57518
7.02 -8.57505
7.05 -8.57493
7.08 -8.57481
7.11 -8.57469
7.14 -8.57456
7.17 -8.57444
7.2 -8.57432
7.23 -8.5742
7.26 -8.57407
7.29 -8.57395
7.32 -8.57383
7.35 -8.5737
7.38 -8.57358
7.41 -8.57346
7.44 -8.57333
7.47 -8.57321
7.5 -8.57309
7.53 -8.57296
7.56 -8.57284
7.59 -8.57272
7.62 -8.57259
7.65 -8.57247
7.68 -8.57235
7.71 -8.57222
7.74 -8.5721
7.77 -8.57197
7.8 -8.57185
7.83 -8.57172
7.86 -8.5716
7.89 -8.57147
7.92 -8.57135
7.95 -8.57122
7.98 -8.5711
8.01 -8.57097
8.04 -8.57085
8.07 -8.57072
8.1 -8.5706
8.13 -8.57047
8.16 -8.57035
8.19 -8.57022
8.22 -8.5701
8.25 -8.56997
8.28 -8.56984
8.31 -8.56972
8.34 -8.56959
8.37 -8.56946
8.4 -8.56934
8.43 -8.56921
8.46 -8.56909
8.49 -8.56896
8.52 -8.56883
8.55 -8.5687
8.58 -8.56858
8.61 -8.56845
8.64 -8.56832
8.67 -8.5682
8.7 -8.56807
8.73 -8.56794
8.76 -8.56781
8.79 -8.56769
8.82 -8.56756
8.85 -8.56743
8.88 -8.5673
8.91 -8.56717
8.94 -8.56704
8.97 -8.56692
9 -8.56679
9.03 -8.56666
9.06 -8.56653
9.09 -8.5664
9.12 -8.56627
9.15 -8.56614
9.18 -8.56601
9.21 -8.56588
9.24 -8.56575
9.27 -8.56563
9.3 -8.5655
9.33 -8.56537
9.36 -8.56524
9.39 -8.56511
9.42 -8.56498
9.45 -8.56485
9.48 -8.56472
9.51 -8.56458
9.54 -8.56445
9.57 -8.56432
9.6 -8.56419
9.63 -8.56406
9.66 -8.56393
9.69 -8.5638
9.72 -8.56367
9.75 -8.56354
9.78 -8.56341
9.81 -8.56327
9.84 -8.56314
9.87 -8.56301
9.9 -8.56288
9.93 -8.56275
9.96 -8.56261
9.99 -8.56248
10.02 -8.56235
10.05 -8.56222
10.08 -8.56208
10.11 -8.56195
10.14 -8.56182
10.17 -8.56169
10.2 -8.56155
10.23 -8.56142
10.26 -8.56129
10.29 -8.56115
10.32 -8.56102
10.35 -8.56089
10.38 -8.56075
10.41 -8.56062
10.44 -8.56048
10.47 -8.56035
10.5 -8.56022
10.53 -8.56008
10.56 -8.55995
10.59 -8.55981
10.62 -8.55968
10.65 -8.55954
10.68 -8.55941
10.71 -8.55927
10.74 -8.55914
10.77 -8.559
10.8 -8.55887
10.83 -8.55873
10.86 -8.5586
10.89 -8.55846
10.92 -8.55833
10.95 -8.55819
10.98 -8.55806
11.01 -8.55792
11.04 -8.55778
11.07 -8.55765
11.1 -8.55751
11.13 -8.55737
11.16 -8.55724
11.19 -8.5571
11.22 -8.55696
11.25 -8.55683
11.28 -8.55669
11.31 -8.55655
11.34 -8.55642
11.37 -8.55628
11.4 -8.55614
11.43 -8.556
11.46 -8.55587
11.49 -8.55573
11.52 -8.55559
11.55 -8.55545
11.58 -8.55532
11.61 -8.55518
11.64 -8.55504
11.67 -8.5549
11.7 -8.55476
11.73 -8.55463
11.76 -8.55449
11.79 -8.55435
11.82 -8.55421
11.85 -8.55407
11.88 -8.55393
11.91 -8.55379
11.94 -8.55365
11.97 -8.55352
12 -8.55338
12.03 -8.55324
12.06 -8.5531
12.09 -8.55296
12.12 -8.55282
12.15 -8.55268
12.18 -8.55254
12.21 -8.5524
12.24 -8.55226
12.27 -8.55212
12.3 -8.55198
12.33 -8.55184
12.36 -8.5517
12.39 -8.55156
12.42 -8.55142
12.45 -8.55128
12.48 -8.55114
12.51 -8.551
12.54 -8.55086
12.57 -8.55072
12.6 -8.55058
12.63 -8.55044
12.66 -8.5503
12.69 -8.55016
12.72 -8.55002
12.75 -8.54988
12.78 -8.54974
12.81 -8.5496
12.84 -8.54946
12.87 -8.54931
12.9 -8.54917
12.93 -8.54903
12.96 -8.54889
12.99 -8.54875
13.02 -8.54861
13.05 -8.54847
13.08 -8.54833
13.11 -8.54819
13.14 -8.54805
13.17 -8.5479
13.2 -8.54776
13.23 -8.54762
13.26 -8.54748
13.29 -8.54734
13.32 -8.5472
13.35 -8.54706
13.38 -8.54692
13.41 -8.54678
13.44 -8.54663
13.47 -8.54649
13.5 -8.54635
13.53 -8.54621
13.56 -8.54607
13.59 -8.54593
13.62 -8.54579
13.65 -8.54565
13.68 -8.54551
13.71 -8.54536
13.74 -8.54522
13.77 -8.54508
13.8 -8.54494
13.83 -8.5448
13.86 -8.54466
13.89 -8.54452
13.92 -8.54438
13.95 -8.54424
13.98 -8.5441
14.01 -8.54396
14.04 -8.54381
14.07 -8.54367
14.1 -8.54353
14.13 -8.54339
14.16 -8.54325
14.19 -8.54311
14.22 -8.54297
14.25 -8.54283
14.28 -8.54269
14.31 -8.54255
14.34 -8.54241
14.37 -8.54227
14.4 -8.54213
14.43 -8.54199
14.46 -8.54185
14.49 -8.54171
14.52 -8.54157
14.55 -8.54144
14.58 -8.5413
14.61 -8.54116
14.64 -8.54102
14.67 -8.54088
14.7 -8.54074
14.73 -8.5406
14.76 -8.54046
14.79 -8.54033
14.82 -8.54019
14.85 -8.54005
14.88 -8.53991
14.91 -8.53978
14.94 -8.53964
14.97 -8.5395
15 -8.53936
15.03 -8.53923
15.06 -8.53909
15.09 -8.53895
15.12 -8.53882
15.15 -8.53868
15.18 -8.53854
15.21 -8.53841
15.24 -8.53827
15.27 -8.53814
15.3 -8.538
15.33 -8.53787
15.36 -8.53773
15.39 -8.5376
15.42 -8.53746
15.45 -8.53733
15.48 -8.5372
15.51 -8.53706
15.54 -8.53693
15.57 -8.5368
15.6 -8.53666
15.63 -8.53653
15.66 -8.5364
15.69 -8.53627
15.72 -8.53614
15.75 -8.536
15.78 -8.53587
15.81 -8.53574
15.84 -8.53561
15.87 -8.53548
15.9 -8.53535
15.93 -8.53522
15.96 -8.53509
15.99 -8.53496
16.02 -8.53484
16.05 -8.53471
16.08 -8.53458
16.11 -8.53445
16.14 -8.53433
16.17 -8.5342
16.2 -8.53407
16.23 -8.53395
16.26 -8.53382
16.29 -8.5337
16.32 -8.53357
16.35 -8.53345
16.38 -8.53332
16.41 -8.5332
16.44 -8.53308
16.47 -8.53295
16.5 -8.53283
16.53 -8.53271
16.56 -8.53259
16.59 -8.53247
16.62 -8.53235
16.65 -8.53223
16.68 -8.53211
16.71 -8.53199
16.74 -8.53187
16.77 -8.53175
16.8 -8.53163
16.83 -8.53152
16.86 -8.5314
16.89 -8.53128
16.92 -8.53117
16.95 -8.53105
16.98 -8.53094
17.01 -8.53082
17.04 -8.53071
17.07 -8.5306
17.1 -8.53049
17.13 -8.53037
17.16 -8.53026
17.19 -8.53015
17.22 -8.53004
17.25 -8.52993
17.28 -8.52983
17.31 -8.52972
17.34 -8.52961
17.37 -8.5295
17.4 -8.5294
17.43 -8.52929
17.46 -8.52919
17.49 -8.52909
17.52 -8.52898
17.55 -8.52888
17.58 -8.52878
17.61 -8.52868
17.64 -8.52858
17.67 -8.52848
17.7 -8.52838
17.73 -8.52828
17.76 -8.52818
17.79 -8.52809
17.82 -8.52799
17.85 -8.52789
17.88 -8.5278
17.91 -8.52771
17.94 -8.52761
17.97 -8.52752
18 -8.52743
18.03 -8.52734
18.06 -8.52725
18.09 -8.52716
18.12 -8.52708
18.15 -8.52699
18.18 -8.5269
18.21 -8.52682
18.24 -8.52674
18.27 -8.52665
18.3 -8.52657
18.33 -8.52649
18.36 -8.52641
18.39 -8.52633
18.42 -8.52625
18.45 -8.52617
18.48 -8.5261
18.51 -8.52602
18.54 -8.52595
18.57 -8.52588
18.6 -8.5258
18.63 -8.52573
18.66 -8.52566
18.69 -8.52559
18.72 -8.52553
18.75 -8.52546
18.78 -8.52539
18.81 -8.52533
18.84 -8.52527
18.87 -8.5252
18.9 -8.52514
18.93 -8.52508
18.96 -8.52503
18.99 -8.52497
19.02 -8.52491
19.05 -8.52486
19.08 -8.5248
19.11 -8.52475
19.14 -8.5247
19.17 -8.52465
19.2 -8.5246
19.23 -8.52455
19.26 -8.52451
19.29 -8.52446
19.32 -8.52442
19.35 -8.52438
19.38 -8.52434
19.41 -8.5243
19.44 -8.52426
19.47 -8.52423
19.5 -8.52419
19.53 -8.52416
19.56 -8.52413
19.59 -8.5241
19.62 -8.52407
19.65 -8.52404
19.68 -8.52402
19.71 -8.52399
19.74 -8.52397
19.77 -8.52395
19.8 -8.52393
19.83 -8.52392
19.86 -8.5239
19.89 -8.52389
19.92 -8.52388
19.95 -8.52386
19.98 -8.52386
20.01 -8.52385
20.04 -8.52384
20.07 -8.52384
20.1 -8.52384
20.13 -8.52384
20.16 -8.52384
20.19 -8.52385
20.22 -8.52385
20.25 -8.52386
20.28 -8.52387
20.31 -8.52389
20.34 -8.5239
20.37 -8.52392
20.4 -8.52394
20.43 -8.52396
20.46 -8.52398
20.49 -8.52401
20.52 -8.52403
20.55 -8.52406
20.58 -8.52409
20.61 -8.52413
20.64 -8.52416
20.67 -8.5242
20.7 -8.52424
20.73 -8.52429
20.76 -8.52433
20.79 -8.52438
20.82 -8.52443
20.85 -8.52449
20.88 -8.52454
20.91 -8.5246
20.94 -8.52466
20.97 -8.52473
21 -8.52479
21.03 -8.52486
21.06 -8.52494
21.09 -8.52501
21.12 -8.52509
21.15 -8.52517
21.18 -8.52525
21.21 -8.52534
21.24 -8.52543
21.27 -8.52552
21.3 -8.52562
21.33 -8.52572
21.36 -8.52582
21.39 -8.52593
21.42 -8.52604
21.45 -8.52615
21.48 -8.52626
21.51 -8.52638
21.54 -8.52651
21.57 -8.52663
21.6 -8.52676
21.63 -8.52689
21.66 -8.52703
21.69 -8.52717
21.72 -8.52732
21.75 -8.52746
21.78 -8.52762
21.81 -8.52777
21.84 -8.52793
21.87 -8.5281
21.9 -8.52826
21.93 -8.52844
21.96 -8.52861
21.99 -8.52879
22.02 -8.52898
22.05 -8.52917
22.08 -8.52936
22.11 -8.52956
22.14 -8.52976
22.17 -8.52997
22.2 -8.53018
22.23 -8.5304
22.26 -8.53062
22.29 -8.53085
22.32 -8.53108
22.35 -8.53132
22.38 -8.53156
22.41 -8.53181
22.44 -8.53206
22.47 -8.53232
22.5 -8.53258
22.53 -8.53285
22.56 -8.53312
22.59 -8.5334
22.62 -8.53369
22.65 -8.53398
22.68 -8.53428
22.71 -8.53458
22.74 -8.53489
22.77 -8.53521
22.8 -8.53553
22.83 -8.53586
22.86 -8.53619
22.89 -8.53653
22.92 -8.53688
22.95 -8.53724
22.98 -8.5376
23.01 -8.53797
23.04 -8.53834
23.07 -8.53872
23.1 -8.53911
23.13 -8.53951
23.16 -8.53991
23.19 -8.54032
23.22 -8.54074
23.25 -8.54117
23.28 -8.5416
23.31 -8.54204
23.34 -8.54249
23.37 -8.54295
23.4 -8.54341
23.43 -8.54389
23.46 -8.54437
23.49 -8.54486
23.52 -8.54536
23.55 -8.54587
23.58 -8.54638
23.61 -8.54691
23.64 -8.54744
23.67 -8.54798
23.7 -8.54853
23.73 -8.5491
23.76 -8.54967
23.79 -8.55025
23.82 -8.55083
23.85 -8.55143
23.88 -8.55204
23.91 -8.55266
23.94 -8.55329
23.97 -8.55393
24 -8.55457
24.03 -8.55523
24.06 -8.5559
24.09 -8.55658
24.12 -8.55727
24.15 -8.55797
24.18 -8.55868
24.21 -8.5594
24.24 -8.56013
24.27 -8.56087
24.3 -8.56163
24.33 -8.56239
24.36 -8.56317
24.39 -8.56396
24.42 -8.56476
24.45 -8.56557
24.48 -8.56639
24.51 -8.56722
24.54 -8.56807
24.57 -8.56892
24.6 -8.56979
24.63 -8.57067
24.66 -8.57157
24.69 -8.57247
24.72 -8.57339
24.75 -8.57431
24.78 -8.57526
24.81 -8.57621
24.84 -8.57717
24.87 -8.57815
24.9 -8.57914
24.93 -8.58014
24.96 -8.58116
24.99 -8.58219
25.02 -8.58322
25.05 -8.58428
25.08 -8.58534
25.11 -8.58642
25.14 -8.58751
25.17 -8.58861
25.2 -8.58973
25.23 -8.59085
25.26 -8.59199
25.29 -8.59315
25.32 -8.59431
25.35 -8.59549
25.38 -8.59668
25.41 -8.59788
25.44 -8.5991
25.47 -8.60032
25.5 -8.60156
25.53 -8.60282
25.56 -8.60408
25.59 -8.60536
25.62 -8.60665
25.65 -8.60795
25.68 -8.60926
25.71 -8.61058
25.74 -8.61192
25.77 -8.61327
25.8 -8.61463
25.83 -8.616
25.86 -8.61738
25.89 -8.61878
25.92 -8.62018
25.95 -8.6216
25.98 -8.62303
26.01 -8.62446
26.04 -8.62591
26.07 -8.62737
26.1 -8.62884
26.13 -8.63032
26.16 -8.63181
26.19 -8.63331
26.22 -8.63482
26.25 -8.63634
26.28 -8.63787
26.31 -8.63941
26.34 -8.64096
26.37 -8.64252
26.4 -8.64408
26.43 -8.64566
26.46 -8.64724
26.49 -8.64883
26.52 -8.65043
26.55 -8.65203
26.58 -8.65365
26.61 -8.65527
26.64 -8.6569
26.67 -8.65853
26.7 -8.66018
26.73 -8.66182
26.76 -8.66348
26.79 -8.66514
26.82 -8.66681
26.85 -8.66848
26.88 -8.67016
26.91 -8.67184
26.94 -8.67353
26.97 -8.67522
27 -8.67692
27.03 -8.67862
27.06 -8.68032
27.09 -8.68203
27.12 -8.68375
27.15 -8.68546
27.18 -8.68718
27.21 -8.6889
27.24 -8.69063
27.27 -8.69235
27.3 -8.69408
27.33 -8.69581
27.36 -8.69754
27.39 -8.69928
27.42 -8.70101
27.45 -8.70275
27.48 -8.70449
27.51 -8.70623
27.54 -8.70796
27.57 -8.7097
27.6 -8.71144
27.63 -8.71318
27.66 -8.71491
27.69 -8.71665
27.72 -8.71839
27.75 -8.72012
27.78 -8.72186
27.81 -8.72359
27.84 -8.72532
27.87 -8.72705
27.9 -8.72877
27.93 -8.7305
27.96 -8.73222
27.99 -8.73394
28.02 -8.73566
28.05 -8.73737
28.08 -8.73908
28.11 -8.74079
28.14 -8.7425
28.17 -8.7442
28.2 -8.74589
28.23 -8.74759
28.26 -8.74928
28.29 -8.75096
28.32 -8.75264
28.35 -8.75432
28.38 -8.75599
28.41 -8.75766
28.44 -8.75933
28.47 -8.76098
28.5 -8.76264
28.53 -8.76429
28.56 -8.76593
28.59 -8.76757
28.62 -8.7692
28.65 -8.77083
28.68 -8.77245
28.71 -8.77407
28.74 -8.77568
28.77 -8.77728
28.8 -8.77888
28.83 -8.78047
28.86 -8.78206
28.89 -8.78364
28.92 -8.78521
28.95 -8.78678
28.98 -8.78834
29.01 -8.7899
29.04 -8.79145
29.07 -8.79299
29.1 -8.79453
29.13 -8.79605
29.16 -8.79758
29.19 -8.79909
29.22 -8.8006
29.25 -8.8021
29.28 -8.8036
29.31 -8.80509
29.34 -8.80657
29.37 -8.80804
29.4 -8.80951
29.43 -8.81097
29.46 -8.81243
29.49 -8.81387
29.52 -8.81531
29.55 -8.81675
29.58 -8.81817
29.61 -8.81959
29.64 -8.821
29.67 -8.82241
29.7 -8.8238
29.73 -8.82519
29.76 -8.82657
29.79 -8.82795
29.82 -8.82932
29.85 -8.83068
29.88 -8.83203
29.91 -8.83338
29.94 -8.83472
29.97 -8.83605
30 -8.83737
30.001 -10
