0 0
0.03 0.615014
0.06 0.615679
0.09 0.616344
0.12 0.61701
0.15 0.617676
0.18 0.618342
0.21 0.619009
0.24 0.619677
0.27 0.620345
0.3 0.621013
0.33 0.621682
0.36 0.622352
0.39 0.623022
0.42 0.623692
0.45 0.624363
0.48 0.625034
0.51 0.625706
0.54 0.626379
0.57 0.627052
0.6 0.627725
0.63 0.628399
0.66 0.629073
0.69 0.629748
0.72 0.630424
0.75 0.6311
0.78 0.631776
0.81 0.632453
0.84 0.633131
0.87 0.633809
0.9 0.634487
0.93 0.635166
0.96 0.635846
0.99 0.636526
1.02 0.637207
1.05 0.637888
1.08 0.63857
1.11 0.639253
1.14 0.639936
1.17 0.640619
1.2 0.641303
1.23 0.641988
1.26 0.642673
1.29 0.643359
1.32 0.644045
1.35 0.644732
1.38 0.64542
1.41 0.646108
1.44 0.646796
1.47 0.647486
1.5 0.648176
1.53 0.648866
1.56 0.649557
1.59 0.650249
1.62 0.650941
1.65 0.651634
1.68 0.652328
1.71 0.653022
1.74 0.653716
1.77 0.654412
1.8 0.655108
1.83 0.655804
1.86 0.656502
1.89 0.6572
1.92 0.657898
1.95 0.658597
1.98 0.659297
2.01 0.659998
2.04 0.660699
2.07 0.661401
2.1 0.662103
2.13 0.662807
2.16 0.66351
2.19 0.664215
2.22 0.66492
2.25 0.665626
2.28 0.666333
2.31 0.66704
2.34 0.667748
2.37 0.668456
2.4 0.669166
2.43 0.669876
2.46 0.670587
2.49 0.671298
2.52 0.67201
2.55 0.672723
2.58 0.673437
2.61 0.674152
2.64 0.674867
2.67 0.675583
2.7 0.676299
2.73 0.677017
2.76 0.677735
2.79 0.678454
2.82 0.679173
2.85 0.679894
2.88 0.680615
2.91 0.681337
2.94 0.68206
2.97 0.682784
3 0.683508
3.03 0.684233
3.06 0.684959
3.09 0.685686
3.12 0.686413
3.15 0.687142
3.18 0.687871
3.21 0.688601
3.24 0.689332
3.27 0.690064
3.3 0.690796
3.33 0.69153
3.36 0.692264
3.39 0.692999
3.42 0.693735
3.45 0.694472
3.48 0.695209
3.51 0.695948
3.54 0.696687
3.57 0.697428
3.6 0.698169
3.63 0.698911
3.66 0.699654
3.69 0.700398
3.72 0.701143
3.75 0.701889
3.78 0.702635
3.81 0.703383
3.84 0.704131
3.87 0.704881
3.9 0.705631
3.93 0.706383
3.96 0.707135
3.99 0.707888
4.02 0.708643
4.05 0.709398
4.08 0.710154
4.11 0.710911
4.14 0.711669
4.17 0.712429
4.2 0.713189
4.23 0.71395
4.26 0.714712
4.29 0.715475
4.32 0.71624
4.35 0.717005
4.38 0.717771
4.41 0.718538
4.44 0.719307
4.47 0.720076
4.5 0.720847
4.53 0.721618
4.56 0.722391
4.59 0.723165
4.62 0.72394
4.65 0.724716
4.68 0.725493
4.71 0.726271
4.74 0.72705
4.77 0.72783
4.8 0.728612
4.83 0.729394
4.86 0.730178
4.89 0.730963
4.92 0.731749
4.95 0.732536
4.98 0.733325
5.01 0.734114
5.04 0.734905
5.07 0.735697
5.1 0.73649
5.13 0.737284
5.16 0.73808
5.19 0.738877
5.22 0.739675
5.25 0.740474
5.28 0.741274
5.31 0.742076
5.34 0.742879
5.37 0.743683
5.4 0.744489
5.43 0.745295
5.46 0.746103
5.49 0.746913
5.52 0.747723
5.55 0.748535
5.58 0.749348
5.61 0.750163
5.64 0.750979
5.67 0.751796
5.7 0.752614
5.73 0.753434
5.76 0.754256
5.79 0.755078
5.82 0.755902
5.85 0.756728
5.88 0.757554
5.91 0.758382
5.94 0.759212
5.97 0.760043
6 0.760875
6.03 0.761709
6.06 0.762544
6.09 0.763381
6.12 0.764219
6.15 0.765059
6.18 0.7659
6.21 0.766743
6.24 0.767587
6.27 0.768432
6.3 0.769279
6.33 0.770128
6.36 0.770978
6.39 0.77183
6.42 0.772683
6.45 0.773538
6.48 0.774394
6.51 0.775252
6.54 0.776111
6.57 0.776972
6.6 0.777835
6.63 0.778699
6.66 0.779565
6.69 0.780433
6.72 0.781302
6.75 0.782173
6.78 0.783045
6.81 0.783919
6.84 0.784795
6.87 0.785672
6.9 0.786551
6.93 0.787432
6.96 0.788315
6.99 0.789199
7.02 0.790085
7.05 0.790973
7.08 0.791862
7.11 0.792753
7.14 0.793646
7.17 0.794541
7.2 0.795438
7.23 0.796336
7.26 0.797236
7.29 0.798138
7.32 0.799042
7.35 0.799948
7.38 0.800855
7.41 0.801765
7.44 0.802676
7.47 0.803589
7.5 0.804504
7.53 0.805421
7.56 0.80634
7.59 0.807261
7.62 0.808183
7.65 0.809108
7.68 0.810035
7.71 0.810963
7.74 0.811894
7.77 0.812826
7.8 0.813761
7.83 0.814698
7.86 0.815636
7.89 0.816577
7.92 0.81752
7.95 0.818464
7.98 0.819411
8.01 0.82036
8.04 0.821311
8.07 0.822264
8.1 0.823219
8.13 0.824177
8.16 0.825136
8.19 0.826098
8.22 0.827062
8.25 0.828028
8.28 0.828996
8.31 0.829966
8.34 0.830939
8.37 0.831914
8.4 0.832891
8.43 0.83387
8.46 0.834852
8.49 0.835835
8.52 0.836822
8.55 0.83781
8.58 0.838801
8.61 0.839794
8.64 0.840789
8.67 0.841787
8.7 0.842787
8.73 0.84379
8.76 0.844794
8.79 0.845802
8.82 0.846811
8.85 0.847824
8.88 0.848838
8.91 0.849855
8.94 0.850875
8.97 0.851897
9 0.852921
9.03 0.853948
9.06 0.854978
9.09 0.85601
9.12 0.857044
9.15 0.858081
9.18 0.859121
9.21 0.860163
9.24 0.861208
9.27 0.862256
9.3 0.863306
9.33 0.864359
9.36 0.865414
9.39 0.866473
9.42 0.867533
9.45 0.868597
9.48 0.869663
9.51 0.870732
9.54 0.871804
9.57 0.872879
9.6 0.873956
9.63 0.875036
9.66 0.876119
9.69 0.877204
9.72 0.878293
9.75 0.879384
9.78 0.880479
9.81 0.881576
9.84 0.882676
9.87 0.883779
9.9 0.884885
9.93 0.885993
9.96 0.887105
9.99 0.88822
10.02 0.889338
10.05 0.890458
10.08 0.891582
10.11 0.892709
10.14 0.893839
10.17 0.894972
10.2 0.896108
10.23 0.897247
10.26 0.898389
10.29 0.899534
10.32 0.900683
10.35 0.901834
10.38 0.902989
10.41 0.904147
10.44 0.905308
10.47 0.906473
10.5 0.90764
10.53 0.908811
10.56 0.909986
10.59 0.911163
10.62 0.912344
10.65 0.913528
10.68 0.914716
10.71 0.915906
10.74 0.917101
10.77 0.918298
10.8 0.919499
10.83 0.920704
10.86 0.921912
10.89 0.923123
10.92 0.924338
10.95 0.925556
10.98 0.926778
11.01 0.928004
11.04 0.929232
11.07 0.930465
11.1 0.931701
11.13 0.932941
11.16 0.934184
11.19 0.935431
11.22 0.936682
11.25 0.937936
11.28 0.939194
11.31 0.940456
11.34 0.941721
11.37 0.94299
11.4 0.944263
11.43 0.94554
11.46 0.946821
11.49 0.948105
11.52 0.949393
11.55 0.950685
11.58 0.951981
11.61 0.953281
11.64 0.954585
11.67 0.955892
11.7 0.957204
11.73 0.958519
11.76 0.959839
11.79 0.961163
11.82 0.96249
11.85 0.963822
11.88 0.965158
11.91 0.966497
11.94 0.967841
11.97 0.969189
12 0.970542
12.03 0.971898
12.06 0.973259
12.09 0.974623
12.12 0.975992
12.15 0.977366
12.18 0.978743
12.21 0.980125
12.24 0.981511
12.27 0.982901
12.3 0.984296
12.33 0.985695
12.36 0.987098
12.39 0.988506
12.42 0.989919
12.45 0.991335
12.48 0.992757
12.51 0.994182
12.54 0.995612
12.57 0.997047
12.6 0.998486
12.63 0.99993
12.66 1.00138
12.69 1.00283
12.72 1.00429
12.75 1.00575
12.78 1.00722
12.81 1.00869
12.84 1.01017
12.87 1.01165
12.9 1.01313
12.93 1.01462
12.96 1.01612
12.99 1.01762
13.02 1.01913
13.05 1.02064
13.08 1.02215
13.11 1.02367
13.14 1.02519
13.17 1.02672
13.2 1.02826
13.23 1.0298
13.26 1.03134
13.29 1.03289
13.32 1.03445
13.35 1.03601
13.38 1.03757
13.41 1.03914
13.44 1.04072
13.47 1.0423
13.5 1.04388
13.53 1.04547
13.56 1.04707
13.59 1.04867
13.62 1.05028
13.65 1.05189
13.68 1.05351
13.71 1.05513
13.74 1.05676
13.77 1.05839
13.8 1.06003
13.83 1.06167
13.86 1.06332
13.89 1.06498
13.92 1.06664
13.95 1.0683
13.98 1.06998
14.01 1.07165
14.04 1.07334
14.07 1.07502
14.1 1.07672
14.13 1.07842
14.16 1.08012
14.19 1.08184
14.22 1.08355
14.25 1.08528
14.28 1.087
14.31 1.08874
14.34 1.09048
14.37 1.09222
14.4 1.09398
14.43 1.09573
14.46 1.0975
14.49 1.09927
14.52 1.10104
14.55 1.10282
14.58 1.10461
14.61 1.10641
14.64 1.10821
14.67 1.11001
14.7 1.11182
14.73 1.11364
14.76 1.11547
14.79 1.1173
14.82 1.11913
14.85 1.12098
14.88 1.12283
14.91 1.12468
14.94 1.12655
14.97 1.12841
15 1.13029
15.03 1.13217
15.06 1.13406
15.09 1.13595
15.12 1.13785
15.15 1.13976
15.18 1.14167
15.21 1.14359
15.24 1.14552
15.27 1.14745
15.3 1.14939
15.33 1.15134
15.36 1.15329
15.39 1.15525
15.42 1.15722
15.45 1.1592
15.48 1.16118
15.51 1.16316
15.54 1.16516
15.57 1.16716
15.6 1.16917
15.63 1.17118
15.66 1.1732
15.69 1.17523
15.72 1.17727
15.75 1.17931
15.78 1.18136
15.81 1.18342
15.84 1.18548
15.87 1.18756
15.9 1.18963
15.93 1.19172
15.96 1.19381
15.99 1.19591
16.02 1.19802
16.05 1.20014
16.08 1.20226
16.11 1.20439
16.14 1.20653
16.17 1.20867
16.2 1.21083
16.23 1.21299
16.26 1.21515
16.29 1.21733
16.32 1.21951
16.35 1.2217
16.38 1.2239
16.41 1.22611
16.44 1.22832
16.47 1.23054
16.5 1.23277
16.53 1.23501
16.56 1.23725
16.59 1.23951
16.62 1.24177
16.65 1.24404
16.68 1.24632
16.71 1.2486
16.74 1.25089
16.77 1.2532
16.8 1.2555
16.83 1.25782
16.86 1.26015
16.89 1.26248
16.92 1.26483
16.95 1.26718
16.98 1.26954
17.01 1.27191
17.04 1.27428
17.07 1.27667
17.1 1.27906
17.13 1.28146
17.16 1.28387
17.19 1.28629
17.22 1.28872
17.25 1.29116
17.28 1.29361
17.31 1.29606
17.34 1.29852
17.37 1.301
17.4 1.30348
17.43 1.30597
17.46 1.30847
17.49 1.31098
17.52 1.3135
17.55 1.31603
17.58 1.31856
17.61 1.32111
17.64 1.32366
17.67 1.32623
17.7 1.3288
17.73 1.33139
17.76 1.33398
17.79 1.33659
17.82 1.3392
17.85 1.34182
17.88 1.34446
17.91 1.3471
17.94 1.34975
17.97 1.35241
18 1.35509
18.03 1.35777
18.06 1.36046
18.09 1.36316
18.12 1.36588
18.15 1.3686
18.18 1.37134
18.21 1.37408
18.24 1.37684
18.27 1.3796
18.3 1.38238
18.33 1.38517
18.36 1.38797
18.39 1.39077
18.42 1.39359
18.45 1.39643
18.48 1.39927
18.51 1.40212
18.54 1.40499
18.57 1.40786
18.6 1.41075
18.63 1.41365
18.66 1.41656
18.69 1.41948
18.72 1.42242
18.75 1.42536
18.78 1.42832
18.81 1.43129
18.84 1.43428
18.87 1.43727
18.9 1.44028
18.93 1.4433
18.96 1.44633
18.99 1.44937
19.02 1.45243
19.05 1.4555
19.08 1.45858
19.11 1.46168
19.14 1.46479
19.17 1.46791
19.2 1.47104
19.23 1.47419
19.26 1.47736
19.29 1.48053
19.32 1.48372
19.35 1.48693
19.38 1.49014
19.41 1.49338
19.44 1.49662
19.47 1.49988
19.5 1.50316
19.53 1.50645
19.56 1.50975
19.59 1.51307
19.62 1.51641
19.65 1.51975
19.68 1.52312
19.71 1.5265
19.74 1.5299
19.77 1.53331
19.8 1.53674
19.83 1.54018
19.86 1.54364
19.89 1.54711
19.92 1.55061
19.95 1.55412
19.98 1.55764
20.01 1.56119
20.04 1.56475
20.07 1.56832
20.1 1.57192
20.13 1.57553
20.16 1.57916
20.19 1.58281
20.22 1.58648
20.25 1.59016
20.28 1.59387
20.31 1.59759
20.34 1.60133
20.37 1.60509
20.4 1.60887
20.43 1.61267
20.46 1.61649
20.49 1.62033
20.52 1.62419
20.55 1.62807
20.58 1.63197
20.61 1.63589
20.64 1.63983
20.67 1.64379
20.7 1.64778
20.73 1.65178
20.76 1.65581
20.79 1.65986
20.82 1.66393
20.85 1.66803
20.88 1.67215
20.91 1.67629
20.94 1.68045
20.97 1.68464
21 1.68885
21.03 1.69309
21.06 1.69735
21.09 1.70163
21.12 1.70595
21.15 1.71028
21.18 1.71464
21.21 1.71903
21.24 1.72344
21.27 1.72788
21.3 1.73234
21.33 1.73684
21.36 1.74136
21.39 1.7459
21.42 1.75048
21.45 1.75508
21.48 1.75971
21.51 1.76437
21.54 1.76906
21.57 1.77378
21.6 1.77852
21.63 1.7833
21.66 1.78811
21.69 1.79294
21.72 1.79781
21.75 1.80271
21.78 1.80764
21.81 1.81261
21.84 1.8176
21.87 1.82263
21.9 1.82769
21.93 1.83278
21.96 1.83791
21.99 1.84307
22.02 1.84826
22.05 1.85349
22.08 1.85876
22.11 1.86406
22.14 1.86939
22.17 1.87476
22.2 1.88017
22.23 1.88561
22.26 1.89109
22.29 1.89661
22.32 1.90216
22.35 1.90776
22.38 1.91339
22.41 1.91906
22.44 1.92477
22.47 1.93052
22.5 1.9363
22.53 1.94213
22.56 1.948
22.59 1.95391
22.62 1.95986
22.65 1.96585
22.68 1.97189
22.71 1.97796
22.74 1.98408
22.77 1.99024
22.8 1.99645
22.83 2.0027
22.86 2.00899
22.89 2.01532
22.92 2.0217
22.95 2.02813
22.98 2.0346
23.01 2.04111
23.04 2.04768
23.07 2.05428
23.1 2.06094
23.13 2.06764
23.16 2.07438
23.19 2.08118
23.22 2.08802
23.25 2.09491
23.28 2.10184
23.31 2.10883
23.34 2.11586
23.37 2.12294
23.4 2.13007
23.43 2.13725
23.46 2.14448
23.49 2.15176
23.52 2.15909
23.55 2.16646
23.58 2.17389
23.61 2.18137
23.64 2.18889
23.67 2.19647
23.7 2.2041
23.73 2.21177
23.76 2.2195
23.79 2.22728
23.82 2.23511
23.85 2.24299
23.88 2.25092
23.91 2.25889
23.94 2.26692
23.97 2.275
24 2.28313
24.03 2.29131
24.06 2.29954
24.09 2.30782
24.12 2.31615
24.15 2.32453
24.18 2.33296
24.21 2.34144
24.24 2.34996
24.27 2.35854
24.3 2.36716
24.33 2.37583
24.36 2.38455
24.39 2.39331
24.42 2.40212
24.45 2.41098
24.48 2.41988
24.51 2.42883
24.54 2.43782
24.57 2.44686
24.6 2.45594
24.63 2.46506
24.66 2.47423
24.69 2.48344
24.72 2.49269
24.75 2.50197
24.78 2.5113
24.81 2.52067
24.84 2.53007
24.87 2.53952
24.9 2.54899
24.93 2.55851
24.96 2.56805
24.99 2.57764
25.02 2.58725
25.05 2.59689
25.08 2.60657
25.11 2.61627
25.14 2.62601
25.17 2.63577
25.2 2.64555
25.23 2.65536
25.26 2.6652
25.29 2.67505
25.32 2.68493
25.35 2.69482
25.38 2.70474
25.41 2.71467
25.44 2.72462
25.47 2.73458
25.5 2.74456
25.53 2.75454
25.56 2.76454
25.59 2.77454
25.62 2.78456
25.65 2.79457
25.68 2.80459
25.71 2.81462
25.74 2.82464
25.77 2.83467
25.8 2.84469
25.83 2.85471
25.86 2.86472
25.89 2.87473
25.92 2.88472
25.95 2.89471
25.98 2.90469
26.01 2.91465
26.04 2.9246
26.07 2.93453
26.1 2.94444
26.13 2.95433
26.16 2.96421
26.19 2.97406
26.22 2.98388
26.25 2.99368
26.28 3.00345
26.31 3.01319
26.34 3.0229
26.37 3.03258
26.4 3.04222
26.43 3.05183
26.46 3.0614
26.49 3.07093
26.52 3.08043
26.55 3.08988
26.58 3.09929
26.61 3.10865
26.64 3.11797
26.67 3.12725
26.7 3.13647
26.73 3.14565
26.76 3.15477
26.79 3.16385
26.82 3.17287
26.85 3.18183
26.88 3.19074
26.91 3.1996
26.94 3.2084
26.97 3.21713
27 3.22581
27.03 3.23443
27.06 3.24299
27.09 3.25148
27.12 3.25991
27.15 3.26828
27.18 3.27658
27.21 3.28482
27.24 3.29299
27.27 3.3011
27.3 3.30913
27.33 3.3171
27.36 3.325
27.39 3.33282
27.42 3.34058
27.45 3.34827
27.48 3.35589
27.51 3.36344
27.54 3.37091
27.57 3.37831
27.6 3.38564
27.63 3.3929
27.66 3.40008
27.69 3.40719
27.72 3.41423
27.75 3.4212
27.78 3.42809
27.81 3.4349
27.84 3.44165
27.87 3.44832
27.9 3.45491
27.93 3.46143
27.96 3.46788
27.99 3.47426
28.02 3.48056
28.05 3.48679
28.08 3.49294
28.11 3.49902
28.14 3.50503
28.17 3.51097
28.2 3.51683
28.23 3.52263
28.26 3.52835
28.29 3.534
28.32 3.53958
28.35 3.54508
28.38 3.55052
28.41 3.55589
28.44 3.56119
28.47 3.56641
28.5 3.57157
28.53 3.57667
28.56 3.58169
28.59 3.58665
28.62 3.59154
28.65 3.59636
28.68 3.60112
28.71 3.60581
28.74 3.61044
28.77 3.615
28.8 3.6195
28.83 3.62394
28.86 3.62831
28.89 3.63262
28.92 3.63687
28.95 3.64106
28.98 3.64519
29.01 3.64926
29.04 3.65328
29.07 3.65723
29.1 3.66112
29.13 3.66496
29.16 3.66874
29.19 3.67247
29.22 3.67614
29.25 3.67975
29.28 3.68331
29.31 3.68682
29.34 3.69028
29.37 3.69368
29.4 3.69703
29.43 3.70033
29.46 3.70358
29.49 3.70678
29.52 3.70993
29.55 3.71304
29.58 3.71609
29.61 3.7191
29.64 3.72206
29.67 3.72497
29.7 3.72784
29.73 3.73067
29.76 3.73345
29.79 3.73618
29.82 3.73888
29.85 3.74153
29.88 3.74414
29.91 3.7467
29.94 3.74923
29.97 3.75172
30 3.75416
30.001 0
