0 5
0.03 5.09351
0.06 5.09362
0.09 5.09373
0.12 5.09383
0.15 5.09394
0.18 5.09404
0.21 5.09415
0.24 5.09426
0.27 5.09436
0.3 5.09447
0.33 5.09458
0.36 5.09468
0.39 5.09479
0.42 5.0949
0.45 5.095
0.48 5.09511
0.51 5.09522
0.54 5.09533
0.57 5.09543
0.6 5.09554
0.63 5.09565
0.66 5.09576
0.69 5.09587
0.72 5.09597
0.75 5.09608
0.78 5.09619
0.81 5.0963
0.84 5.09641
0.87 5.09652
0.9 5.09663
0.93 5.09673
0.96 5.09684
0.99 5.09695
1.02 5.09706
1.05 5.09717
1.08 5.09728
1.11 5.09739
1.14 5.0975
1.17 5.09761
1.2 5.09772
1.23 5.09783
1.26 5.09794
1.29 5.09805
1.32 5.09816
1.35 5.09827
1.38 5.09839
1.41 5.0985
1.44 5.09861
1.47 5.09872
1.5 5.09883
1.53 5.09894
1.56 5.09905
1.59 5.09917
1.62 5.09928
1.65 5.09939
1.68 5.0995
1.71 5.09962
1.74 5.09973
1.77 5.09984
1.8 5.09995
1.83 5.10007
1.86 5.10018
1.89 5.10029
1.92 5.10041
1.95 5.10052
1.98 5.10064
2.01 5.10075
2.04 5.10086
2.07 5.10098
2.1 5.10109
2.13 5.10121
2.16 5.10132
2.19 5.10144
2.22 5.10155
2.25 5.10167
2.28 5.10178
2.31 5.1019
2.34 5.10201
2.37 5.10213
2.4 5.10224
2.43 5.10236
2.46 5.10248
2.49 5.10259
2.52 5.10271
2.55 5.10283
2.58 5.10294
2.61 5.10306
2.64 5.10318
2.67 5.1033
2.7 5.10341
2.73 5.10353
2.76 5.10365
2.79 5.10377
2.82 5.10389
2.85 5.104
2.88 5.10412
2.91 5.10424
2.94 5.10436
2.97 5.10448
3 5.1046
3.03 5.10472
3.06 5.10484
3.09 5.10496
3.12 5.10508
3.15 5.1052
3.18 5.10532
3.21 5.10544
3.24 5.10556
3.27 5.10568
3.3 5.1058
3.33 5.10592
3.36 5.10604
3.39 5.10617
3.42 5.10629
3.45 5.10641
3.48 5.10653
3.51 5.10665
3.54 5.10678
3.57 5.1069
3.6 5.10702
3.63 5.10715
3.66 5.10727
3.69 5.10739
3.72 5.10752
3.75 5.10764
3.78 5.10776
3.81 5.10789
3.84 5.10801
3.87 5.10814
3.9 5.10826
3.93 5.10839
3.96 5.10851
3.99 5.10864
4.02 5.10877
4.05 5.10889
4.08 5.10902
4.11 5.10914
4.14 5.10927
4.17 5.1094
4.2 5.10952
4.23 5.10965
4.26 5.10978
4.29 5.10991
4.32 5.11004
4.35 5.11016
4.38 5.11029
4.41 5.11042
4.44 5.11055
4.47 5.11068
4.5 5.11081
4.53 5.11094
4.56 5.11107
4.59 5.1112
4.62 5.11133
4.65 5.11146
4.68 5.11159
4.71 5.11172
4.74 5.11185
4.77 5.11198
4.8 5.11211
4.83 5.11225
4.86 5.11238
4.89 5.11251
4.92 5.11264
4.95 5.11278
4.98 5.11291
5.01 5.11304
5.04 5.11318
5.07 5.11331
5.1 5.11344
5.13 5.11358
5.16 5.11371
5.19 5.11385
5.22 5.11398
5.25 5.11412
5.28 5.11425
5.31 5.11439
5.34 5.11453
5.37 5.11466
5.4 5.1148
5.43 5.11494
5.46 5.11507
5.49 5.11521
5.52 5.11535
5.55 5.11549
5.58 5.11563
5.61 5.11577
5.64 5.1159
5.67 5.11604
5.7 5.11618
5.73 5.11632
5.76 5.11646
5.79 5.1166
5.82 5.11674
5.85 5.11689
5.88 5.11703
5.91 5.11717
5.94 5.11731
5.97 5.11745
6 5.1176
6.03 5.11774
6.06 5.11788
6.09 5.11802
6.12 5.11817
6.15 5.11831
6.18 5.11846
6.21 5.1186
6.24 5.11875
6.27 5.11889
6.3 5.11904
6.33 5.11918
6.36 5.11933
6.39 5.11948
6.42 5.11962
6.45 5.11977
6.48 5.11992
6.51 5.12007
6.54 5.12021
6.57 5.12036
6.6 5.12051
6.63 5.12066
6.66 5.12081
6.69 5.12096
6.72 5.12111
6.75 5.12126
6.78 5.12141
6.81 5.12156
6.84 5.12172
6.87 5.12187
6.9 5.12202
6.93 5.12217
6.96 5.12233
6.99 5.12248
7.02 5.12263
7.05 5.12279
7.08 5.12294
7.11 5.1231
7.14 5.12325
7.17 5.12341
7.2 5.12356
7.23 5.12372
7.26 5.12388
7.29 5.12404
7.32 5.12419
7.35 5.12435
7.38 5.12451
7.41 5.12467
7.44 5.12483
7.47 5.12499
7.5 5.12515
7.53 5.12531
7.56 5.12547
7.59 5.12563
7.62 5.12579
7.65 5.12595
7.68 5.12612
7.71 5.12628
7.74 5.12644
7.77 5.12661
7.8 5.12677
7.83 5.12694
7.86 5.1271
7.89 5.12727
7.92 5.12743
7.95 5.1276
7.98 5.12776
8.01 5.12793
8.04 5.1281
8.07 5.12827
8.1 5.12844
8.13 5.12861
8.16 5.12877
8.19 5.12894
8.22 5.12912
8.25 5.12929
8.28 5.12946
8.31 5.12963
8.34 5.1298
8.37 5.12997
8.4 5.13015
8.43 5.13032
8.46 5.1305
8.49 5.13067
8.52 5.13085
8.55 5.13102
8.58 5.1312
8.61 5.13137
8.64 5.13155
8.67 5.13173
8.7 5.13191
8.73 5.13209
8.76 5.13226
8.79 5.13244
8.82 5.13262
8.85 5.1328
8.88 5.13299
8.91 5.13317
8.94 5.13335
8.97 5.13353
9 5.13372
9.03 5.1339
9.06 5.13408
9.09 5.13427
9.12 5.13446
9.15 5.13464
9.18 5.13483
9.21 5.13502
9.24 5.1352
9.27 5.13539
9.3 5.13558
9.33 5.13577
9.36 5.13596
9.39 5.13615
9.42 5.13634
9.45 5.13653
9.48 5.13673
9.51 5.13692
9.54 5.13711
9.57 5.13731
9.6 5.1375
9.63 5.1377
9.66 5.13789
9.69 5.13809
9.72 5.13829
9.75 5.13848
9.78 5.13868
9.81 5.13888
9.84 5.13908
9.87 5.13928
9.9 5.13948
9.93 5.13968
9.96 5.13988
9.99 5.14009
10.02 5.14029
10.05 5.1405
10.08 5.1407
10.11 5.14091
10.14 5.14111
10.17 5.14132
10.2 5.14153
10.23 5.14173
10.26 5.14194
10.29 5.14215
10.32 5.14236
10.35 5.14257
10.38 5.14278
10.41 5.143
10.44 5.14321
10.47 5.14342
10.5 5.14364
10.53 5.14385
10.56 5.14407
10.59 5.14428
10.62 5.1445
10.65 5.14472
10.68 5.14494
10.71 5.14516
10.74 5.14538
10.77 5.1456
10.8 5.14582
10.83 5.14604
10.86 5.14626
10.89 5.14649
10.92 5.14671
10.95 5.14694
10.98 5.14716
11.01 5.14739
11.04 5.14762
11.07 5.14785
11.1 5.14808
11.13 5.14831
11.16 5.14854
11.19 5.14877
11.22 5.149
11.25 5.14924
11.28 5.14947
11.31 5.1497
11.34 5.14994
11.37 5.15018
11.4 5.15041
11.43 5.15065
11.46 5.15089
11.49 5.15113
11.52 5.15137
11.55 5.15161
11.58 5.15186
11.61 5.1521
11.64 5.15234
11.67 5.15259
11.7 5.15283
11.73 5.15308
11.76 5.15333
11.79 5.15358
11.82 5.15383
11.85 5.15408
11.88 5.15433
11.91 5.15458
11.94 5.15483
11.97 5.15509
12 5.15534
12.03 5.1556
12.06 5.15586
12.09 5.15611
12.12 5.15637
12.15 5.15663
12.18 5.15689
12.21 5.15715
12.24 5.15742
12.27 5.15768
12.3 5.15794
12.33 5.15821
12.36 5.15848
12.39 5.15874
12.42 5.15901
12.45 5.15928
12.48 5.15955
12.51 5.15982
12.54 5.1601
12.57 5.16037
12.6 5.16064
12.63 5.16092
12.66 5.1612
12.69 5.16147
12.72 5.16175
12.75 5.16203
12.78 5.16231
12.81 5.1626
12.84 5.16288
12.87 5.16316
12.9 5.16345
12.93 5.16373
12.96 5.16402
12.99 5.16431
13.02 5.1646
13.05 5.16489
13.08 5.16518
13.11 5.16547
13.14 5.16577
13.17 5.16606
13.2 5.16636
13.23 5.16666
13.26 5.16695
13.29 5.16725
13.32 5.16755
13.35 5.16786
13.38 5.16816
13.41 5.16846
13.44 5.16877
13.47 5.16907
13.5 5.16938
13.53 5.16969
13.56 5.17
13.59 5.17031
13.62 5.17063
13.65 5.17094
13.68 5.17125
13.71 5.17157
13.74 5.17189
13.77 5.17221
13.8 5.17253
13.83 5.17285
13.86 5.17317
13.89 5.17349
13.92 5.17382
13.95 5.17415
13.98 5.17447
14.01 5.1748
14.04 5.17513
14.07 5.17546
14.1 5.1758
14.13 5.17613
14.16 5.17647
14.19 5.1768
14.22 5.17714
14.25 5.17748
14.28 5.17782
14.31 5.17816
14.34 5.17851
14.37 5.17885
14.4 5.1792
14.43 5.17955
14.46 5.17989
14.49 5.18024
14.52 5.1806
14.55 5.18095
14.58 5.1813
14.61 5.18166
14.64 5.18202
14.67 5.18238
14.7 5.18274
14.73 5.1831
14.76 5.18346
14.79 5.18383
14.82 5.18419
14.85 5.18456
14.88 5.18493
14.91 5.1853
14.94 5.18567
14.97 5.18604
15 5.18642
15.03 5.18679
15.06 5.18717
15.09 5.18755
15.12 5.18793
15.15 5.18832
15.18 5.1887
15.21 5.18908
15.24 5.18947
15.27 5.18986
15.3 5.19025
15.33 5.19064
15.36 5.19104
15.39 5.19143
15.42 5.19183
15.45 5.19223
15.48 5.19262
15.51 5.19303
15.54 5.19343
15.57 5.19383
15.6 5.19424
15.63 5.19465
15.66 5.19506
15.69 5.19547
15.72 5.19588
15.75 5.1963
15.78 5.19671
15.81 5.19713
15.84 5.19755
15.87 5.19797
15.9 5.19839
15.93 5.19882
15.96 5.19924
15.99 5.19967
16.02 5.2001
16.05 5.20053
16.08 5.20097
16.11 5.2014
16.14 5.20184
16.17 5.20228
16.2 5.20272
16.23 5.20316
16.26 5.2036
16.29 5.20405
16.32 5.2045
16.35 5.20495
16.38 5.2054
16.41 5.20585
16.44 5.20631
16.47 5.20676
16.5 5.20722
16.53 5.20768
16.56 5.20814
16.59 5.20861
16.62 5.20907
16.65 5.20954
16.68 5.21001
16.71 5.21048
16.74 5.21096
16.77 5.21143
16.8 5.21191
16.83 5.21239
16.86 5.21287
16.89 5.21335
16.92 5.21384
16.95 5.21433
16.98 5.21482
17.01 5.21531
17.04 5.2158
17.07 5.21629
17.1 5.21679
17.13 5.21729
17.16 5.21779
17.19 5.2183
17.22 5.2188
17.25 5.21931
17.28 5.21982
17.31 5.22033
17.34 5.22084
17.37 5.22136
17.4 5.22188
17.43 5.2224
17.46 5.22292
17.49 5.22345
17.52 5.22397
17.55 5.2245
17.58 5.22503
17.61 5.22556
17.64 5.2261
17.67 5.22664
17.7 5.22718
17.73 5.22772
17.76 5.22826
17.79 5.22881
17.82 5.22936
17.85 5.22991
17.88 5.23046
17.91 5.23102
17.94 5.23158
17.97 5.23214
18 5.2327
18.03 5.23326
18.06 5.23383
18.09 5.2344
18.12 5.23497
18.15 5.23555
18.18 5.23613
18.21 5.2367
18.24 5.23729
18.27 5.23787
18.3 5.23846
18.33 5.23905
18.36 5.23964
18.39 5.24023
18.42 5.24083
18.45 5.24143
18.48 5.24203
18.51 5.24263
18.54 5.24324
18.57 5.24385
18.6 5.24446
18.63 5.24508
18.66 5.24569
18.69 5.24632
18.72 5.24694
18.75 5.24756
18.78 5.24819
18.81 5.24882
18.84 5.24946
18.87 5.25009
18.9 5.25073
18.93 5.25137
18.96 5.25202
18.99 5.25267
19.02 5.25332
19.05 5.25397
19.08 5.25463
19.11 5.25529
19.14 5.25595
19.17 5.25662
19.2 5.25728
19.23 5.25795
19.26 5.25863
19.29 5.25931
19.32 5.25999
19.35 5.26067
19.38 5.26136
19.41 5.26205
19.44 5.26274
19.47 5.26344
19.5 5.26414
19.53 5.26484
19.56 5.26555
19.59 5.26626
19.62 5.26697
19.65 5.26768
19.68 5.2684
19.71 5.26913
19.74 5.26985
19.77 5.27058
19.8 5.27132
19.83 5.27205
19.86 5.27279
19.89 5.27354
19.92 5.27429
19.95 5.27504
19.98 5.27579
20.01 5.27655
20.04 5.27731
20.07 5.27808
20.1 5.27885
20.13 5.27963
20.16 5.2804
20.19 5.28119
20.22 5.28197
20.25 5.28276
20.28 5.28356
20.31 5.28436
20.34 5.28516
20.37 5.28596
20.4 5.28677
20.43 5.28759
20.46 5.28841
20.49 5.28923
20.52 5.29006
20.55 5.29089
20.58 5.29173
20.61 5.29257
20.64 5.29342
20.67 5.29427
20.7 5.29512
20.73 5.29598
20.76 5.29685
20.79 5.29772
20.82 5.29859
20.85 5.29947
20.88 5.30036
20.91 5.30125
20.94 5.30214
20.97 5.30304
21 5.30395
21.03 5.30486
21.06 5.30577
21.09 5.30669
21.12 5.30762
21.15 5.30855
21.18 5.30948
21.21 5.31043
21.24 5.31137
21.27 5.31233
21.3 5.31329
21.33 5.31425
21.36 5.31522
21.39 5.3162
21.42 5.31718
21.45 5.31817
21.48 5.31917
21.51 5.32017
21.54 5.32117
21.57 5.32219
21.6 5.32321
21.63 5.32423
21.66 5.32527
21.69 5.32631
21.72 5.32735
21.75 5.3284
21.78 5.32946
21.81 5.33053
21.84 5.3316
21.87 5.33268
21.9 5.33377
21.93 5.33486
21.96 5.33597
21.99 5.33707
22.02 5.33819
22.05 5.33931
22.08 5.34044
22.11 5.34158
22.14 5.34273
22.17 5.34388
22.2 5.34504
22.23 5.34621
22.26 5.34739
22.29 5.34857
22.32 5.34976
22.35 5.35096
22.38 5.35217
22.41 5.35339
22.44 5.35461
22.47 5.35585
22.5 5.35709
22.53 5.35834
22.56 5.3596
22.59 5.36087
22.62 5.36214
22.65 5.36343
22.68 5.36472
22.71 5.36603
22.74 5.36734
22.77 5.36866
22.8 5.36999
22.83 5.37133
22.86 5.37268
22.89 5.37403
22.92 5.3754
22.95 5.37678
22.98 5.37816
23.01 5.37956
23.04 5.38096
23.07 5.38238
23.1 5.3838
23.13 5.38524
23.16 5.38668
23.19 5.38813
23.22 5.3896
23.25 5.39107
23.28 5.39255
23.31 5.39404
23.34 5.39555
23.37 5.39706
23.4 5.39858
23.43 5.40012
23.46 5.40166
23.49 5.40321
23.52 5.40478
23.55 5.40635
23.58 5.40793
23.61 5.40952
23.64 5.41113
23.67 5.41274
23.7 5.41437
23.73 5.416
23.76 5.41764
23.79 5.4193
23.82 5.42096
23.85 5.42263
23.88 5.42432
23.91 5.42601
23.94 5.42772
23.97 5.42943
24 5.43115
24.03 5.43288
24.06 5.43463
24.09 5.43638
24.12 5.43814
24.15 5.43991
24.18 5.44169
24.21 5.44348
24.24 5.44528
24.27 5.44709
24.3 5.4489
24.33 5.45073
24.36 5.45256
24.39 5.4544
24.42 5.45625
24.45 5.45811
24.48 5.45998
24.51 5.46185
24.54 5.46374
24.57 5.46563
24.6 5.46752
24.63 5.46943
24.66 5.47134
24.69 5.47326
24.72 5.47518
24.75 5.47711
24.78 5.47905
24.81 5.481
24.84 5.48295
24.87 5.4849
24.9 5.48686
24.93 5.48882
24.96 5.49079
24.99 5.49277
25.02 5.49475
25.05 5.49673
25.08 5.49871
25.11 5.5007
25.14 5.50269
25.17 5.50469
25.2 5.50669
25.23 5.50869
25.26 5.51069
25.29 5.51269
25.32 5.51469
25.35 5.5167
25.38 5.5187
25.41 5.52071
25.44 5.52271
25.47 5.52472
25.5 5.52672
25.53 5.52872
25.56 5.53072
25.59 5.53272
25.62 5.53471
25.65 5.53671
25.68 5.5387
25.71 5.54068
25.74 5.54267
25.77 5.54465
25.8 5.54662
25.83 5.54859
25.86 5.55055
25.89 5.55251
25.92 5.55447
25.95 5.55641
25.98 5.55835
26.01 5.56028
26.04 5.56221
26.07 5.56413
26.1 5.56604
26.13 5.56794
26.16 5.56983
26.19 5.57171
26.22 5.57359
26.25 5.57545
26.28 5.57731
26.31 5.57915
26.34 5.58099
26.37 5.58281
26.4 5.58462
26.43 5.58642
26.46 5.58821
26.49 5.58998
26.52 5.59175
26.55 5.5935
26.58 5.59524
26.61 5.59696
26.64 5.59868
26.67 5.60037
26.7 5.60206
26.73 5.60373
26.76 5.60539
26.79 5.60703
26.82 5.60866
26.85 5.61027
26.88 5.61187
26.91 5.61346
26.94 5.61503
26.97 5.61658
27 5.61812
27.03 5.61964
27.06 5.62115
27.09 5.62264
27.12 5.62412
27.15 5.62558
27.18 5.62703
27.21 5.62846
27.24 5.62987
27.27 5.63127
27.3 5.63265
27.33 5.63401
27.36 5.63536
27.39 5.6367
27.42 5.63801
27.45 5.63932
27.48 5.6406
27.51 5.64187
27.54 5.64312
27.57 5.64436
27.6 5.64558
27.63 5.64679
27.66 5.64798
27.69 5.64915
27.72 5.65031
27.75 5.65145
27.78 5.65258
27.81 5.65369
27.84 5.65478
27.87 5.65586
27.9 5.65693
27.93 5.65798
27.96 5.65901
27.99 5.66003
28.02 5.66104
28.05 5.66203
28.08 5.663
28.11 5.66396
28.14 5.66491
28.17 5.66584
28.2 5.66676
28.23 5.66767
28.26 5.66856
28.29 5.66943
28.32 5.6703
28.35 5.67115
28.38 5.67198
28.41 5.67281
28.44 5.67362
28.47 5.67441
28.5 5.6752
28.53 5.67597
28.56 5.67673
28.59 5.67748
28.62 5.67821
28.65 5.67893
28.68 5.67964
28.71 5.68034
28.74 5.68103
28.77 5.6817
28.8 5.68237
28.83 5.68302
28.86 5.68366
28.89 5.6843
28.92 5.68492
28.95 5.68553
28.98 5.68612
29.01 5.68671
29.04 5.68729
29.07 5.68786
29.1 5.68842
29.13 5.68897
29.16 5.68951
29.19 5.69004
29.22 5.69056
29.25 5.69107
29.28 5.69157
29.31 5.69206
29.34 5.69255
29.37 5.69302
29.4 5.69349
29.43 5.69394
29.46 5.69439
29.49 5.69484
29.52 5.69527
29.55 5.69569
29.58 5.69611
29.61 5.69652
29.64 5.69692
29.67 5.69732
29.7 5.6977
29.73 5.69808
29.76 5.69845
29.79 5.69882
29.82 5.69918
29.85 5.69953
29.88 5.69987
29.91 5.70021
29.94 5.70054
29.97 5.70086
30 5.70118
30.001 5
