0 0
0.03 0.205909
0.06 0.206271
0.09 0.206635
0.12 0.207003
0.15 0.207375
0.18 0.20775
0.21 0.208128
0.24 0.20851
0.27 0.208895
0.3 0.209283
0.33 0.209676
0.36 0.210072
0.39 0.210471
0.42 0.210875
0.45 0.211282
0.48 0.211693
0.51 0.212107
0.54 0.212526
0.57 0.212949
0.6 0.213375
0.63 0.213806
0.66 0.21424
0.69 0.214679
0.72 0.215122
0.75 0.215569
0.78 0.21602
0.81 0.216476
0.84 0.216936
0.87 0.2174
0.9 0.217869
0.93 0.218342
0.96 0.21882
0.99 0.219302
1.02 0.219789
1.05 0.220281
1.08 0.220778
1.11 0.221279
1.14 0.221785
1.17 0.222296
1.2 0.222813
1.23 0.223334
1.26 0.22386
1.29 0.224391
1.32 0.224928
1.35 0.225469
1.38 0.226017
1.41 0.226569
1.44 0.227127
1.47 0.22769
1.5 0.228259
1.53 0.228834
1.56 0.229414
1.59 0.23
1.62 0.230592
1.65 0.23119
1.68 0.231793
1.71 0.232403
1.74 0.233018
1.77 0.23364
1.8 0.234268
1.83 0.234902
1.86 0.235543
1.89 0.23619
1.92 0.236843
1.95 0.237503
1.98 0.23817
2.01 0.238843
2.04 0.239523
2.07 0.24021
2.1 0.240903
2.13 0.241604
2.16 0.242312
2.19 0.243026
2.22 0.243748
2.25 0.244478
2.28 0.245214
2.31 0.245958
2.34 0.24671
2.37 0.247469
2.4 0.248235
2.43 0.24901
2.46 0.249792
2.49 0.250582
2.52 0.25138
2.55 0.252187
2.58 0.253001
2.61 0.253823
2.64 0.254654
2.67 0.255493
2.7 0.256341
2.73 0.257197
2.76 0.258062
2.79 0.258936
2.82 0.259818
2.85 0.260709
2.88 0.261609
2.91 0.262519
2.94 0.263437
2.97 0.264365
3 0.265302
3.03 0.266248
3.06 0.267204
3.09 0.26817
3.12 0.269145
3.15 0.27013
3.18 0.271125
3.21 0.27213
3.24 0.273145
3.27 0.27417
3.3 0.275205
3.33 0.27625
3.36 0.277306
3.39 0.278373
3.42 0.27945
3.45 0.280538
3.48 0.281637
3.51 0.282746
3.54 0.283867
3.57 0.284998
3.6 0.286141
3.63 0.287295
3.66 0.288461
3.69 0.289637
3.72 0.290826
3.75 0.292026
3.78 0.293238
3.81 0.294461
3.84 0.295697
3.87 0.296945
3.9 0.298204
3.93 0.299476
3.96 0.300761
3.99 0.302057
4.02 0.303366
4.05 0.304688
4.08 0.306023
4.11 0.30737
4.14 0.30873
4.17 0.310103
4.2 0.311489
4.23 0.312889
4.26 0.314301
4.29 0.315727
4.32 0.317166
4.35 0.318619
4.38 0.320086
4.41 0.321566
4.44 0.32306
4.47 0.324568
4.5 0.32609
4.53 0.327625
4.56 0.329175
4.59 0.33074
4.62 0.332318
4.65 0.333911
4.68 0.335519
4.71 0.337141
4.74 0.338777
4.77 0.340428
4.8 0.342095
4.83 0.343776
4.86 0.345472
4.89 0.347183
4.92 0.348909
4.95 0.35065
4.98 0.352407
5.01 0.354179
5.04 0.355966
5.07 0.357769
5.1 0.359587
5.13 0.361421
5.16 0.363271
5.19 0.365136
5.22 0.367017
5.25 0.368914
5.28 0.370827
5.31 0.372756
5.34 0.374701
5.37 0.376662
5.4 0.37864
5.43 0.380633
5.46 0.382643
5.49 0.384669
5.52 0.386711
5.55 0.38877
5.58 0.390845
5.61 0.392937
5.64 0.395045
5.67 0.39717
5.7 0.399311
5.73 0.401469
5.76 0.403644
5.79 0.405835
5.82 0.408043
5.85 0.410268
5.88 0.412509
5.91 0.414768
5.94 0.417043
5.97 0.419335
6 0.421644
6.03 0.42397
6.06 0.426312
6.09 0.428672
6.12 0.431048
6.15 0.433441
6.18 0.435851
6.21 0.438278
6.24 0.440722
6.27 0.443183
6.3 0.445661
6.33 0.448156
6.36 0.450667
6.39 0.453196
6.42 0.455741
6.45 0.458303
6.48 0.460882
6.51 0.463477
6.54 0.46609
6.57 0.468719
6.6 0.471364
6.63 0.474027
6.66 0.476706
6.69 0.479402
6.72 0.482114
6.75 0.484843
6.78 0.487588
6.81 0.49035
6.84 0.493128
6.87 0.495922
6.9 0.498733
6.93 0.50156
6.96 0.504403
6.99 0.507263
7.02 0.510138
7.05 0.513029
7.08 0.515937
7.11 0.51886
7.14 0.521799
7.17 0.524754
7.2 0.527724
7.23 0.53071
7.26 0.533712
7.29 0.536729
7.32 0.539761
7.35 0.542809
7.38 0.545871
7.41 0.548949
7.44 0.552042
7.47 0.55515
7.5 0.558273
7.53 0.56141
7.56 0.564562
7.59 0.567729
7.62 0.57091
7.65 0.574105
7.68 0.577315
7.71 0.580539
7.74 0.583777
7.77 0.587029
7.8 0.590295
7.83 0.593574
7.86 0.596868
7.89 0.600174
7.92 0.603495
7.95 0.606828
7.98 0.610175
8.01 0.613535
8.04 0.616907
8.07 0.620293
8.1 0.623692
8.13 0.627103
8.16 0.630526
8.19 0.633962
8.22 0.637411
8.25 0.640871
8.28 0.644344
8.31 0.647828
8.34 0.651324
8.37 0.654832
8.4 0.658352
8.43 0.661883
8.46 0.665425
8.49 0.668979
8.52 0.672543
8.55 0.676119
8.58 0.679706
8.61 0.683303
8.64 0.686911
8.67 0.690529
8.7 0.694158
8.73 0.697797
8.76 0.701446
8.79 0.705105
8.82 0.708774
8.85 0.712453
8.88 0.716142
8.91 0.71984
8.94 0.723547
8.97 0.727264
9 0.73099
9.03 0.734725
9.06 0.738469
9.09 0.742222
9.12 0.745983
9.15 0.749754
9.18 0.753532
9.21 0.757319
9.24 0.761115
9.27 0.764919
9.3 0.76873
9.33 0.77255
9.36 0.776377
9.39 0.780213
9.42 0.784056
9.45 0.787906
9.48 0.791764
9.51 0.795629
9.54 0.799502
9.57 0.803382
9.6 0.807268
9.63 0.811162
9.66 0.815063
9.69 0.81897
9.72 0.822884
9.75 0.826804
9.78 0.830732
9.81 0.834665
9.84 0.838605
9.87 0.842551
9.9 0.846503
9.93 0.850461
9.96 0.854426
9.99 0.858396
10.02 0.862372
10.05 0.866354
10.08 0.870341
10.11 0.874334
10.14 0.878333
10.17 0.882337
10.2 0.886346
10.23 0.890361
10.26 0.894381
10.29 0.898406
10.32 0.902437
10.35 0.906472
10.38 0.910512
10.41 0.914558
10.44 0.918608
10.47 0.922663
10.5 0.926723
10.53 0.930787
10.56 0.934857
10.59 0.938931
10.62 0.943009
10.65 0.947092
10.68 0.951179
10.71 0.955271
10.74 0.959367
10.77 0.963468
10.8 0.967573
10.83 0.971682
10.86 0.975795
10.89 0.979912
10.92 0.984034
10.95 0.98816
10.98 0.992289
11.01 0.996423
11.04 1.00056
11.07 1.0047
11.1 1.00885
11.13 1.013
11.16 1.01715
11.19 1.02131
11.22 1.02547
11.25 1.02964
11.28 1.0338
11.31 1.03798
11.34 1.04215
11.37 1.04633
11.4 1.05052
11.43 1.0547
11.46 1.05889
11.49 1.06309
11.52 1.06729
11.55 1.07149
11.58 1.0757
11.61 1.0799
11.64 1.08412
11.67 1.08833
11.7 1.09255
11.73 1.09678
11.76 1.101
11.79 1.10523
11.82 1.10947
11.85 1.1137
11.88 1.11794
11.91 1.12219
11.94 1.12644
11.97 1.13069
12 1.13494
12.03 1.1392
12.06 1.14346
12.09 1.14773
12.12 1.15199
12.15 1.15627
12.18 1.16054
12.21 1.16482
12.24 1.1691
12.27 1.17339
12.3 1.17768
12.33 1.18197
12.36 1.18626
12.39 1.19056
12.42 1.19486
12.45 1.19917
12.48 1.20348
12.51 1.20779
12.54 1.2121
12.57 1.21642
12.6 1.22074
12.63 1.22507
12.66 1.2294
12.69 1.23373
12.72 1.23807
12.75 1.2424
12.78 1.24675
12.81 1.25109
12.84 1.25544
12.87 1.25979
12.9 1.26414
12.93 1.2685
12.96 1.27286
12.99 1.27723
13.02 1.28159
13.05 1.28596
13.08 1.29034
13.11 1.29471
13.14 1.29909
13.17 1.30348
13.2 1.30786
13.23 1.31225
13.26 1.31665
13.29 1.32104
13.32 1.32544
13.35 1.32984
13.38 1.33424
13.41 1.33865
13.44 1.34306
13.47 1.34748
13.5 1.35189
13.53 1.35631
13.56 1.36073
13.59 1.36516
13.62 1.36959
13.65 1.37402
13.68 1.37845
13.71 1.38289
13.74 1.38732
13.77 1.39177
13.8 1.39621
13.83 1.40066
13.86 1.40511
13.89 1.40956
13.92 1.41401
13.95 1.41847
13.98 1.42293
14.01 1.42739
14.04 1.43186
14.07 1.43632
14.1 1.44079
14.13 1.44526
14.16 1.44974
14.19 1.45421
14.22 1.45869
14.25 1.46317
14.28 1.46766
14.31 1.47214
14.34 1.47663
14.37 1.48112
14.4 1.48561
14.43 1.4901
14.46 1.4946
14.49 1.4991
14.52 1.5036
14.55 1.5081
14.58 1.5126
14.61 1.5171
14.64 1.52161
14.67 1.52612
14.7 1.53063
14.73 1.53514
14.76 1.53965
14.79 1.54417
14.82 1.54868
14.85 1.5532
14.88 1.55772
14.91 1.56224
14.94 1.56676
14.97 1.57129
15 1.57581
15.03 1.58034
15.06 1.58487
15.09 1.58939
15.12 1.59392
15.15 1.59845
15.18 1.60299
15.21 1.60752
15.24 1.61205
15.27 1.61659
15.3 1.62113
15.33 1.62566
15.36 1.6302
15.39 1.63474
15.42 1.63928
15.45 1.64382
15.48 1.64836
15.51 1.6529
15.54 1.65745
15.57 1.66199
15.6 1.66654
15.63 1.67108
15.66 1.67563
15.69 1.68017
15.72 1.68472
15.75 1.68927
15.78 1.69382
15.81 1.69837
15.84 1.70292
15.87 1.70747
15.9 1.71202
15.93 1.71657
15.96 1.72112
15.99 1.72568
16.02 1.73023
16.05 1.73479
16.08 1.73934
16.11 1.7439
16.14 1.74845
16.17 1.75301
16.2 1.75757
16.23 1.76212
16.26 1.76668
16.29 1.77124
16.32 1.7758
16.35 1.78036
16.38 1.78492
16.41 1.78949
16.44 1.79405
16.47 1.79861
16.5 1.80318
16.53 1.80774
16.56 1.81231
16.59 1.81688
16.62 1.82144
16.65 1.82601
16.68 1.83058
16.71 1.83515
16.74 1.83973
16.77 1.8443
16.8 1.84887
16.83 1.85345
16.86 1.85802
16.89 1.8626
16.92 1.86718
16.95 1.87176
16.98 1.87635
17.01 1.88093
17.04 1.88552
17.07 1.8901
17.1 1.89469
17.13 1.89928
17.16 1.90388
17.19 1.90847
17.22 1.91307
17.25 1.91767
17.28 1.92227
17.31 1.92688
17.34 1.93148
17.37 1.93609
17.4 1.9407
17.43 1.94532
17.46 1.94994
17.49 1.95456
17.52 1.95918
17.55 1.96381
17.58 1.96844
17.61 1.97307
17.64 1.97771
17.67 1.98235
17.7 1.98699
17.73 1.99164
17.76 1.99629
17.79 2.00095
17.82 2.00561
17.85 2.01028
17.88 2.01495
17.91 2.01962
17.94 2.0243
17.97 2.02899
18 2.03368
18.03 2.03838
18.06 2.04308
18.09 2.04779
18.12 2.0525
18.15 2.05722
18.18 2.06195
18.21 2.06668
18.24 2.07142
18.27 2.07617
18.3 2.08093
18.33 2.08569
18.36 2.09046
18.39 2.09524
18.42 2.10002
18.45 2.10482
18.48 2.10962
18.51 2.11443
18.54 2.11925
18.57 2.12409
18.6 2.12893
18.63 2.13378
18.66 2.13864
18.69 2.14351
18.72 2.14839
18.75 2.15329
18.78 2.15819
18.81 2.16311
18.84 2.16804
18.87 2.17298
18.9 2.17793
18.93 2.1829
18.96 2.18788
18.99 2.19288
19.02 2.19789
19.05 2.20291
19.08 2.20795
19.11 2.213
19.14 2.21807
19.17 2.22316
19.2 2.22826
19.23 2.23338
19.26 2.23852
19.29 2.24368
19.32 2.24885
19.35 2.25404
19.38 2.25925
19.41 2.26448
19.44 2.26974
19.47 2.27501
19.5 2.2803
19.53 2.28562
19.56 2.29095
19.59 2.29631
19.62 2.30169
19.65 2.3071
19.68 2.31253
19.71 2.31798
19.74 2.32346
19.77 2.32897
19.8 2.3345
19.83 2.34006
19.86 2.34565
19.89 2.35126
19.92 2.3569
19.95 2.36258
19.98 2.36828
20.01 2.37401
20.04 2.37977
20.07 2.38557
20.1 2.39139
20.13 2.39725
20.16 2.40314
20.19 2.40907
20.22 2.41503
20.25 2.42103
20.28 2.42706
20.31 2.43312
20.34 2.43923
20.37 2.44537
20.4 2.45155
20.43 2.45777
20.46 2.46402
20.49 2.47032
20.52 2.47666
20.55 2.48303
20.58 2.48945
20.61 2.49591
20.64 2.50242
20.67 2.50896
20.7 2.51555
20.73 2.52218
20.76 2.52886
20.79 2.53558
20.82 2.54235
20.85 2.54917
20.88 2.55602
20.91 2.56293
20.94 2.56988
20.97 2.57688
21 2.58393
21.03 2.59103
21.06 2.59817
21.09 2.60536
21.12 2.6126
21.15 2.61989
21.18 2.62723
21.21 2.63462
21.24 2.64205
21.27 2.64954
21.3 2.65707
21.33 2.66466
21.36 2.67229
21.39 2.67998
21.42 2.68771
21.45 2.69549
21.48 2.70332
21.51 2.7112
21.54 2.71913
21.57 2.7271
21.6 2.73512
21.63 2.74319
21.66 2.75131
21.69 2.75947
21.72 2.76768
21.75 2.77593
21.78 2.78423
21.81 2.79257
21.84 2.80096
21.87 2.80938
21.9 2.81785
21.93 2.82636
21.96 2.83491
21.99 2.84349
22.02 2.85212
22.05 2.86078
22.08 2.86947
22.11 2.8782
22.14 2.88696
22.17 2.89575
22.2 2.90458
22.23 2.91343
22.26 2.92231
22.29 2.93121
22.32 2.94014
22.35 2.94909
22.38 2.95806
22.41 2.96705
22.44 2.97606
22.47 2.98509
22.5 2.99413
22.53 3.00318
22.56 3.01224
22.59 3.02131
22.62 3.03039
22.65 3.03947
22.68 3.04855
22.71 3.05764
22.74 3.06672
22.77 3.0758
22.8 3.08488
22.83 3.09394
22.86 3.103
22.89 3.11205
22.92 3.12108
22.95 3.1301
22.98 3.1391
23.01 3.14809
23.04 3.15705
23.07 3.16598
23.1 3.1749
23.13 3.18378
23.16 3.19263
23.19 3.20146
23.22 3.21025
23.25 3.219
23.28 3.22772
23.31 3.2364
23.34 3.24504
23.37 3.25363
23.4 3.26218
23.43 3.27069
23.46 3.27914
23.49 3.28755
23.52 3.29591
23.55 3.30421
23.58 3.31246
23.61 3.32066
23.64 3.3288
23.67 3.33688
23.7 3.3449
23.73 3.35286
23.76 3.36076
23.79 3.3686
23.82 3.37637
23.85 3.38408
23.88 3.39172
23.91 3.39929
23.94 3.4068
23.97 3.41424
24 3.4216
24.03 3.4289
24.06 3.43613
24.09 3.44328
24.12 3.45037
24.15 3.45738
24.18 3.46432
24.21 3.47118
24.24 3.47797
24.27 3.48469
24.3 3.49133
24.33 3.4979
24.36 3.50439
24.39 3.51081
24.42 3.51716
24.45 3.52342
24.48 3.52962
24.51 3.53574
24.54 3.54178
24.57 3.54775
24.6 3.55365
24.63 3.55947
24.66 3.56521
24.69 3.57089
24.72 3.57648
24.75 3.58201
24.78 3.58746
24.81 3.59284
24.84 3.59815
24.87 3.60339
24.9 3.60855
24.93 3.61365
24.96 3.61867
24.99 3.62362
25.02 3.62851
25.05 3.63333
25.08 3.63807
25.11 3.64275
25.14 3.64737
25.17 3.65191
25.2 3.6564
25.23 3.66081
25.26 3.66516
25.29 3.66945
25.32 3.67368
25.35 3.67784
25.38 3.68194
25.41 3.68598
25.44 3.68996
25.47 3.69388
25.5 3.69774
25.53 3.70154
25.56 3.70528
25.59 3.70897
25.62 3.7126
25.65 3.71618
25.68 3.7197
25.71 3.72317
25.74 3.72658
25.77 3.72994
25.8 3.73325
25.83 3.73651
25.86 3.73972
25.89 3.74288
25.92 3.74598
25.95 3.74905
25.98 3.75206
26.01 3.75503
26.04 3.75795
26.07 3.76082
26.1 3.76365
26.13 3.76644
26.16 3.76918
26.19 3.77188
26.22 3.77453
26.25 3.77715
26.28 3.77972
26.31 3.78226
26.34 3.78475
26.37 3.78721
26.4 3.78962
26.43 3.792
26.46 3.79434
26.49 3.79665
26.52 3.79892
26.55 3.80115
26.58 3.80335
26.61 3.80551
26.64 3.80764
26.67 3.80974
26.7 3.81181
26.73 3.81384
26.76 3.81584
26.79 3.81781
26.82 3.81975
26.85 3.82166
26.88 3.82354
26.91 3.82539
26.94 3.82721
26.97 3.829
27 3.83077
27.03 3.83251
27.06 3.83422
27.09 3.8359
27.12 3.83756
27.15 3.8392
27.18 3.84081
27.21 3.84239
27.24 3.84395
27.27 3.84549
27.3 3.847
27.33 3.84849
27.36 3.84996
27.39 3.8514
27.42 3.85283
27.45 3.85423
27.48 3.85561
27.51 3.85697
27.54 3.85831
27.57 3.85963
27.6 3.86093
27.63 3.86221
27.66 3.86348
27.69 3.86472
27.72 3.86594
27.75 3.86715
27.78 3.86834
27.81 3.86951
27.84 3.87066
27.87 3.8718
27.9 3.87292
27.93 3.87402
27.96 3.87511
27.99 3.87618
28.02 3.87724
28.05 3.87828
28.08 3.87931
28.11 3.88032
28.14 3.88132
28.17 3.8823
28.2 3.88327
28.23 3.88422
28.26 3.88516
28.29 3.88609
28.32 3.887
28.35 3.88791
28.38 3.88879
28.41 3.88967
28.44 3.89053
28.47 3.89139
28.5 3.89222
28.53 3.89305
28.56 3.89387
28.59 3.89467
28.62 3.89547
28.65 3.89625
28.68 3.89702
28.71 3.89778
28.74 3.89853
28.77 3.89927
28.8 3.9
28.83 3.90073
28.86 3.90144
28.89 3.90214
28.92 3.90283
28.95 3.90351
28.98 3.90418
29.01 3.90485
29.04 3.9055
29.07 3.90615
29.1 3.90678
29.13 3.90741
29.16 3.90803
29.19 3.90864
29.22 3.90925
29.25 3.90984
29.28 3.91043
29.31 3.91101
29.34 3.91158
29.37 3.91215
29.4 3.91271
29.43 3.91326
29.46 3.9138
29.49 3.91434
29.52 3.91486
29.55 3.91539
29.58 3.9159
29.61 3.91641
29.64 3.91691
29.67 3.91741
29.7 3.9179
29.73 3.91838
29.76 3.91886
29.79 3.91933
29.82 3.91979
29.85 3.92025
29.88 3.9207
29.91 3.92115
29.94 3.92159
29.97 3.92203
30 3.92246
30.001 0
