0 5
0.03 4.96604
0.06 4.96614
0.09 4.96624
0.12 4.96634
0.15 4.96644
0.18 4.96655
0.21 4.96665
0.24 4.96676
0.27 4.96686
0.3 4.96697
0.33 4.96708
0.36 4.96719
0.39 4.96729
0.42 4.9674
0.45 4.96751
0.48 4.96763
0.51 4.96774
0.54 4.96785
0.57 4.96796
0.6 4.96808
0.63 4.96819
0.66 4.96831
0.69 4.96842
0.72 4.96854
0.75 4.96866
0.78 4.96878
0.81 4.9689
0.84 4.96902
0.87 4.96914
0.9 4.96926
0.93 4.96939
0.96 4.96951
0.99 4.96964
1.02 4.96976
1.05 4.96989
1.08 4.97002
1.11 4.97015
1.14 4.97028
1.17 4.97041
1.2 4.97054
1.23 4.97067
1.26 4.9708
1.29 4.97094
1.32 4.97107
1.35 4.97121
1.38 4.97135
1.41 4.97149
1.44 4.97163
1.47 4.97177
1.5 4.97191
1.53 4.97205
1.56 4.97219
1.59 4.97234
1.62 4.97249
1.65 4.97263
1.68 4.97278
1.71 4.97293
1.74 4.97308
1.77 4.97323
1.8 4.97338
1.83 4.97354
1.86 4.97369
1.89 4.97385
1.92 4.97401
1.95 4.97417
1.98 4.97433
2.01 4.97449
2.04 4.97465
2.07 4.97481
2.1 4.97498
2.13 4.97514
2.16 4.97531
2.19 4.97548
2.22 4.97565
2.25 4.97582
2.28 4.97599
2.31 4.97617
2.34 4.97634
2.37 4.97652
2.4 4.9767
2.43 4.97688
2.46 4.97706
2.49 4.97724
2.52 4.97743
2.55 4.97761
2.58 4.9778
2.61 4.97799
2.64 4.97818
2.67 4.97837
2.7 4.97856
2.73 4.97876
2.76 4.97895
2.79 4.97915
2.82 4.97935
2.85 4.97955
2.88 4.97975
2.91 4.97996
2.94 4.98016
2.97 4.98037
3 4.98058
3.03 4.98079
3.06 4.98101
3.09 4.98122
3.12 4.98144
3.15 4.98165
3.18 4.98187
3.21 4.9821
3.24 4.98232
3.27 4.98255
3.3 4.98277
3.33 4.983
3.36 4.98323
3.39 4.98347
3.42 4.9837
3.45 4.98394
3.48 4.98418
3.51 4.98442
3.54 4.98466
3.57 4.98491
3.6 4.98515
3.63 4.9854
3.66 4.98565
3.69 4.98591
3.72 4.98616
3.75 4.98642
3.78 4.98668
3.81 4.98694
3.84 4.98721
3.87 4.98747
3.9 4.98774
3.93 4.98801
3.96 4.98828
3.99 4.98856
4.02 4.98884
4.05 4.98912
4.08 4.9894
4.11 4.98968
4.14 4.98997
4.17 4.99026
4.2 4.99055
4.23 4.99085
4.26 4.99114
4.29 4.99144
4.32 4.99175
4.35 4.99205
4.38 4.99236
4.41 4.99267
4.44 4.99298
4.47 4.99329
4.5 4.99361
4.53 4.99393
4.56 4.99425
4.59 4.99458
4.62 4.9949
4.65 4.99524
4.68 4.99557
4.71 4.9959
4.74 4.99624
4.77 4.99659
4.8 4.99693
4.83 4.99728
4.86 4.99763
4.89 4.99798
4.92 4.99834
4.95 4.99869
4.98 4.99906
5.01 4.99942
5.04 4.99979
5.07 5.00016
5.1 5.00053
5.13 5.00091
5.16 5.00129
5.19 5.00167
5.22 5.00206
5.25 5.00245
5.28 5.00284
5.31 5.00323
5.34 5.00363
5.37 5.00403
5.4 5.00444
5.43 5.00484
5.46 5.00525
5.49 5.00567
5.52 5.00609
5.55 5.00651
5.58 5.00693
5.61 5.00736
5.64 5.00779
5.67 5.00822
5.7 5.00866
5.73 5.0091
5.76 5.00954
5.79 5.00999
5.82 5.01044
5.85 5.01089
5.88 5.01135
5.91 5.01181
5.94 5.01227
5.97 5.01274
6 5.01321
6.03 5.01369
6.06 5.01416
6.09 5.01465
6.12 5.01513
6.15 5.01562
6.18 5.01611
6.21 5.01661
6.24 5.01711
6.27 5.01761
6.3 5.01811
6.33 5.01862
6.36 5.01914
6.39 5.01965
6.42 5.02017
6.45 5.0207
6.48 5.02122
6.51 5.02175
6.54 5.02229
6.57 5.02283
6.6 5.02337
6.63 5.02392
6.66 5.02446
6.69 5.02502
6.72 5.02557
6.75 5.02613
6.78 5.0267
6.81 5.02726
6.84 5.02784
6.87 5.02841
6.9 5.02899
6.93 5.02957
6.96 5.03016
6.99 5.03075
7.02 5.03134
7.05 5.03194
7.08 5.03254
7.11 5.03314
7.14 5.03375
7.17 5.03436
7.2 5.03497
7.23 5.03559
7.26 5.03621
7.29 5.03684
7.32 5.03747
7.35 5.0381
7.38 5.03874
7.41 5.03938
7.44 5.04003
7.47 5.04067
7.5 5.04132
7.53 5.04198
7.56 5.04264
7.59 5.0433
7.62 5.04397
7.65 5.04464
7.68 5.04531
7.71 5.04599
7.74 5.04667
7.77 5.04735
7.8 5.04804
7.83 5.04873
7.86 5.04942
7.89 5.05012
7.92 5.05082
7.95 5.05153
7.98 5.05224
8.01 5.05295
8.04 5.05367
8.07 5.05438
8.1 5.05511
8.13 5.05583
8.16 5.05656
8.19 5.0573
8.22 5.05803
8.25 5.05877
8.28 5.05952
8.31 5.06026
8.34 5.06101
8.37 5.06177
8.4 5.06252
8.43 5.06328
8.46 5.06405
8.49 5.06481
8.52 5.06558
8.55 5.06636
8.58 5.06713
8.61 5.06791
8.64 5.0687
8.67 5.06948
8.7 5.07027
8.73 5.07107
8.76 5.07186
8.79 5.07266
8.82 5.07346
8.85 5.07427
8.88 5.07508
8.91 5.07589
8.94 5.07671
8.97 5.07752
9 5.07834
9.03 5.07917
9.06 5.08
9.09 5.08083
9.12 5.08166
9.15 5.0825
9.18 5.08334
9.21 5.08418
9.24 5.08502
9.27 5.08587
9.3 5.08672
9.33 5.08758
9.36 5.08844
9.39 5.0893
9.42 5.09016
9.45 5.09102
9.48 5.09189
9.51 5.09277
9.54 5.09364
9.57 5.09452
9.6 5.0954
9.63 5.09628
9.66 5.09717
9.69 5.09805
9.72 5.09895
9.75 5.09984
9.78 5.10074
9.81 5.10164
9.84 5.10254
9.87 5.10344
9.9 5.10435
9.93 5.10526
9.96 5.10617
9.99 5.10709
10.02 5.10801
10.05 5.10893
10.08 5.10985
10.11 5.11078
10.14 5.11171
10.17 5.11264
10.2 5.11357
10.23 5.11451
10.26 5.11545
10.29 5.11639
10.32 5.11734
10.35 5.11828
10.38 5.11923
10.41 5.12018
10.44 5.12114
10.47 5.1221
10.5 5.12306
10.53 5.12402
10.56 5.12498
10.59 5.12595
10.62 5.12692
10.65 5.12789
10.68 5.12887
10.71 5.12984
10.74 5.13082
10.77 5.1318
10.8 5.13279
10.83 5.13377
10.86 5.13476
10.89 5.13576
10.92 5.13675
10.95 5.13775
10.98 5.13874
11.01 5.13975
11.04 5.14075
11.07 5.14176
11.1 5.14276
11.13 5.14378
11.16 5.14479
11.19 5.1458
11.22 5.14682
11.25 5.14784
11.28 5.14887
11.31 5.14989
11.34 5.15092
11.37 5.15195
11.4 5.15298
11.43 5.15402
11.46 5.15505
11.49 5.15609
11.52 5.15714
11.55 5.15818
11.58 5.15923
11.61 5.16028
11.64 5.16133
11.67 5.16238
11.7 5.16344
11.73 5.1645
11.76 5.16556
11.79 5.16662
11.82 5.16769
11.85 5.16875
11.88 5.16982
11.91 5.1709
11.94 5.17197
11.97 5.17305
12 5.17413
12.03 5.17521
12.06 5.1763
12.09 5.17738
12.12 5.17847
12.15 5.17957
12.18 5.18066
12.21 5.18176
12.24 5.18286
12.27 5.18396
12.3 5.18506
12.33 5.18617
12.36 5.18727
12.39 5.18839
12.42 5.1895
12.45 5.19061
12.48 5.19173
12.51 5.19285
12.54 5.19397
12.57 5.1951
12.6 5.19623
12.63 5.19736
12.66 5.19849
12.69 5.19962
12.72 5.20076
12.75 5.2019
12.78 5.20304
12.81 5.20418
12.84 5.20533
12.87 5.20648
12.9 5.20763
12.93 5.20878
12.96 5.20994
12.99 5.21109
13.02 5.21225
13.05 5.21342
13.08 5.21458
13.11 5.21575
13.14 5.21692
13.17 5.21809
13.2 5.21926
13.23 5.22044
13.26 5.22162
13.29 5.2228
13.32 5.22398
13.35 5.22517
13.38 5.22636
13.41 5.22755
13.44 5.22874
13.47 5.22993
13.5 5.23113
13.53 5.23233
13.56 5.23353
13.59 5.23473
13.62 5.23594
13.65 5.23715
13.68 5.23836
13.71 5.23957
13.74 5.24079
13.77 5.242
13.8 5.24322
13.83 5.24444
13.86 5.24566
13.89 5.24689
13.92 5.24812
13.95 5.24935
13.98 5.25058
14.01 5.25181
14.04 5.25305
14.07 5.25429
14.1 5.25553
14.13 5.25677
14.16 5.25801
14.19 5.25926
14.22 5.26051
14.25 5.26176
14.28 5.26301
14.31 5.26426
14.34 5.26552
14.37 5.26678
14.4 5.26804
14.43 5.2693
14.46 5.27056
14.49 5.27183
14.52 5.2731
14.55 5.27437
14.58 5.27564
14.61 5.27691
14.64 5.27818
14.67 5.27946
14.7 5.28074
14.73 5.28202
14.76 5.2833
14.79 5.28459
14.82 5.28587
14.85 5.28716
14.88 5.28845
14.91 5.28974
14.94 5.29103
14.97 5.29232
15 5.29362
15.03 5.29492
15.06 5.29621
15.09 5.29752
15.12 5.29882
15.15 5.30012
15.18 5.30143
15.21 5.30273
15.24 5.30404
15.27 5.30535
15.3 5.30666
15.33 5.30797
15.36 5.30929
15.39 5.3106
15.42 5.31192
15.45 5.31324
15.48 5.31456
15.51 5.31588
15.54 5.3172
15.57 5.31852
15.6 5.31985
15.63 5.32117
15.66 5.3225
15.69 5.32383
15.72 5.32516
15.75 5.32649
15.78 5.32782
15.81 5.32916
15.84 5.33049
15.87 5.33183
15.9 5.33317
15.93 5.33451
15.96 5.33585
15.99 5.33719
16.02 5.33853
16.05 5.33987
16.08 5.34122
16.11 5.34256
16.14 5.34391
16.17 5.34526
16.2 5.34661
16.23 5.34796
16.26 5.34931
16.29 5.35066
16.32 5.35202
16.35 5.35337
16.38 5.35473
16.41 5.35609
16.44 5.35744
16.47 5.3588
16.5 5.36016
16.53 5.36153
16.56 5.36289
16.59 5.36425
16.62 5.36562
16.65 5.36698
16.68 5.36835
16.71 5.36972
16.74 5.37109
16.77 5.37246
16.8 5.37383
16.83 5.3752
16.86 5.37658
16.89 5.37795
16.92 5.37933
16.95 5.38071
16.98 5.38209
17.01 5.38347
17.04 5.38485
17.07 5.38623
17.1 5.38761
17.13 5.389
17.16 5.39038
17.19 5.39177
17.22 5.39316
17.25 5.39455
17.28 5.39594
17.31 5.39734
17.34 5.39873
17.37 5.40012
17.4 5.40152
17.43 5.40292
17.46 5.40432
17.49 5.40572
17.52 5.40712
17.55 5.40853
17.58 5.40993
17.61 5.41134
17.64 5.41275
17.67 5.41416
17.7 5.41557
17.73 5.41699
17.76 5.4184
17.79 5.41982
17.82 5.42124
17.85 5.42266
17.88 5.42408
17.91 5.42551
17.94 5.42693
17.97 5.42836
18 5.42979
18.03 5.43122
18.06 5.43266
18.09 5.4341
18.12 5.43554
18.15 5.43698
18.18 5.43842
18.21 5.43987
18.24 5.44131
18.27 5.44276
18.3 5.44422
18.33 5.44567
18.36 5.44713
18.39 5.44859
18.42 5.45006
18.45 5.45152
18.48 5.45299
18.51 5.45447
18.54 5.45594
18.57 5.45742
18.6 5.4589
18.63 5.46039
18.66 5.46187
18.69 5.46336
18.72 5.46486
18.75 5.46636
18.78 5.46786
18.81 5.46936
18.84 5.47087
18.87 5.47239
18.9 5.4739
18.93 5.47542
18.96 5.47695
18.99 5.47848
19.02 5.48001
19.05 5.48155
19.08 5.48309
19.11 5.48464
19.14 5.48619
19.17 5.48775
19.2 5.48931
19.23 5.49088
19.26 5.49245
19.29 5.49403
19.32 5.49561
19.35 5.4972
19.38 5.49879
19.41 5.50039
19.44 5.50199
19.47 5.50361
19.5 5.50522
19.53 5.50685
19.56 5.50848
19.59 5.51011
19.62 5.51176
19.65 5.51341
19.68 5.51506
19.71 5.51673
19.74 5.5184
19.77 5.52008
19.8 5.52177
19.83 5.52346
19.86 5.52516
19.89 5.52687
19.92 5.52859
19.95 5.53031
19.98 5.53205
20.01 5.53379
20.04 5.53554
20.07 5.53731
20.1 5.53907
20.13 5.54085
20.16 5.54264
20.19 5.54444
20.22 5.54625
20.25 5.54806
20.28 5.54989
20.31 5.55173
20.34 5.55358
20.37 5.55543
20.4 5.5573
20.43 5.55918
20.46 5.56107
20.49 5.56297
20.52 5.56488
20.55 5.56681
20.58 5.56874
20.61 5.57069
20.64 5.57264
20.67 5.57461
20.7 5.57659
20.73 5.57858
20.76 5.58059
20.79 5.58261
20.82 5.58463
20.85 5.58667
20.88 5.58873
20.91 5.59079
20.94 5.59287
20.97 5.59496
21 5.59706
21.03 5.59918
21.06 5.60131
21.09 5.60345
21.12 5.6056
21.15 5.60777
21.18 5.60995
21.21 5.61214
21.24 5.61434
21.27 5.61656
21.3 5.61879
21.33 5.62103
21.36 5.62328
21.39 5.62555
21.42 5.62782
21.45 5.63011
21.48 5.63241
21.51 5.63473
21.54 5.63705
21.57 5.63939
21.6 5.64173
21.63 5.64409
21.66 5.64646
21.69 5.64884
21.72 5.65123
21.75 5.65363
21.78 5.65604
21.81 5.65845
21.84 5.66088
21.87 5.66332
21.9 5.66576
21.93 5.66821
21.96 5.67067
21.99 5.67314
22.02 5.67562
22.05 5.6781
22.08 5.68058
22.11 5.68307
22.14 5.68557
22.17 5.68807
22.2 5.69058
22.23 5.69309
22.26 5.6956
22.29 5.69811
22.32 5.70063
22.35 5.70315
22.38 5.70567
22.41 5.70819
22.44 5.71071
22.47 5.71323
22.5 5.71574
22.53 5.71826
22.56 5.72077
22.59 5.72328
22.62 5.72578
22.65 5.72828
22.68 5.73077
22.71 5.73326
22.74 5.73575
22.77 5.73822
22.8 5.74069
22.83 5.74315
22.86 5.7456
22.89 5.74803
22.92 5.75046
22.95 5.75288
22.98 5.75529
23.01 5.75768
23.04 5.76006
23.07 5.76243
23.1 5.76479
23.13 5.76713
23.16 5.76945
23.19 5.77176
23.22 5.77405
23.25 5.77633
23.28 5.77859
23.31 5.78083
23.34 5.78305
23.37 5.78525
23.4 5.78744
23.43 5.7896
23.46 5.79174
23.49 5.79387
23.52 5.79597
23.55 5.79805
23.58 5.80011
23.61 5.80215
23.64 5.80417
23.67 5.80616
23.7 5.80813
23.73 5.81008
23.76 5.812
23.79 5.8139
23.82 5.81578
23.85 5.81763
23.88 5.81946
23.91 5.82127
23.94 5.82305
23.97 5.8248
24 5.82654
24.03 5.82824
24.06 5.82993
24.09 5.83158
24.12 5.83322
24.15 5.83483
24.18 5.83641
24.21 5.83797
24.24 5.83951
24.27 5.84102
24.3 5.8425
24.33 5.84397
24.36 5.8454
24.39 5.84682
24.42 5.84821
24.45 5.84958
24.48 5.85092
24.51 5.85224
24.54 5.85354
24.57 5.85481
24.6 5.85606
24.63 5.85729
24.66 5.8585
24.69 5.85968
24.72 5.86084
24.75 5.86198
24.78 5.8631
24.81 5.8642
24.84 5.86527
24.87 5.86633
24.9 5.86736
24.93 5.86838
24.96 5.86937
24.99 5.87035
25.02 5.87131
25.05 5.87224
25.08 5.87316
25.11 5.87406
25.14 5.87494
25.17 5.8758
25.2 5.87665
25.23 5.87748
25.26 5.87829
25.29 5.87908
25.32 5.87986
25.35 5.88062
25.38 5.88137
25.41 5.8821
25.44 5.88281
25.47 5.88351
25.5 5.88419
25.53 5.88486
25.56 5.88552
25.59 5.88616
25.62 5.88678
25.65 5.8874
25.68 5.888
25.71 5.88858
25.74 5.88916
25.77 5.88972
25.8 5.89027
25.83 5.89081
25.86 5.89133
25.89 5.89184
25.92 5.89235
25.95 5.89284
25.98 5.89332
26.01 5.89378
26.04 5.89424
26.07 5.89469
26.1 5.89513
26.13 5.89556
26.16 5.89598
26.19 5.89639
26.22 5.89679
26.25 5.89718
26.28 5.89756
26.31 5.89793
26.34 5.8983
26.37 5.89865
26.4 5.899
26.43 5.89934
26.46 5.89967
26.49 5.9
26.52 5.90031
26.55 5.90062
26.58 5.90093
26.61 5.90122
26.64 5.90151
26.67 5.90179
26.7 5.90207
26.73 5.90234
26.76 5.9026
26.79 5.90286
26.82 5.90311
26.85 5.90335
26.88 5.90359
26.91 5.90382
26.94 5.90405
26.97 5.90427
27 5.90449
27.03 5.9047
27.06 5.90491
27.09 5.90511
27.12 5.90531
27.15 5.9055
27.18 5.90569
27.21 5.90587
27.24 5.90605
27.27 5.90622
27.3 5.90639
27.33 5.90656
27.36 5.90672
27.39 5.90687
27.42 5.90703
27.45 5.90718
27.48 5.90732
27.51 5.90747
27.54 5.90761
27.57 5.90774
27.6 5.90787
27.63 5.908
27.66 5.90813
27.69 5.90825
27.72 5.90837
27.75 5.90848
27.78 5.9086
27.81 5.90871
27.84 5.90881
27.87 5.90892
27.9 5.90902
27.93 5.90912
27.96 5.90921
27.99 5.90931
28.02 5.9094
28.05 5.90949
28.08 5.90957
28.11 5.90966
28.14 5.90974
28.17 5.90982
28.2 5.90989
28.23 5.90997
28.26 5.91004
28.29 5.91011
28.32 5.91018
28.35 5.91024
28.38 5.91031
28.41 5.91037
28.44 5.91043
28.47 5.91049
28.5 5.91055
28.53 5.9106
28.56 5.91065
28.59 5.9107
28.62 5.91075
28.65 5.9108
28.68 5.91085
28.71 5.91089
28.74 5.91094
28.77 5.91098
28.8 5.91102
28.83 5.91106
28.86 5.9111
28.89 5.91113
28.92 5.91117
28.95 5.9112
28.98 5.91123
29.01 5.91126
29.04 5.91129
29.07 5.91132
29.1 5.91135
29.13 5.91137
29.16 5.9114
29.19 5.91142
29.22 5.91144
29.25 5.91147
29.28 5.91149
29.31 5.9115
29.34 5.91152
29.37 5.91154
29.4 5.91156
29.43 5.91157
29.46 5.91159
29.49 5.9116
29.52 5.91161
29.55 5.91162
29.58 5.91163
29.61 5.91164
29.64 5.91165
29.67 5.91166
29.7 5.91167
29.73 5.91167
29.76 5.91168
29.79 5.91168
29.82 5.91169
29.85 5.91169
29.88 5.91169
29.91 5.9117
29.94 5.9117
29.97 5.9117
30 5.9117
30.001 5
