0 -10
0.03 -8.87431
0.06 -8.87418
0.09 -8.87404
0.12 -8.8739
0.15 -8.87376
0.18 -8.87362
0.21 -8.87348
0.24 -8.87334
0.27 -8.8732
0.3 -8.87305
0.33 -8.8729
0.36 -8.87276
0.39 -8.87261
0.42 -8.87246
0.45 -8.87231
0.48 -8.87215
0.51 -8.872
0.54 -8.87184
0.57 -8.87169
0.6 -8.87153
0.63 -8.87137
0.66 -8.87121
0.69 -8.87105
0.72 -8.87088
0.75 -8.87072
0.78 -8.87055
0.81 -8.87038
0.84 -8.87021
0.87 -8.87004
0.9 -8.86987
0.93 -8.8697
0.96 -8.86952
0.99 -8.86934
1.02 -8.86917
1.05 -8.86899
1.08 -8.8688
1.11 -8.86862
1.14 -8.86844
1.17 -8.86825
1.2 -8.86806
1.23 -8.86787
1.26 -8.86768
1.29 -8.86748
1.32 -8.86729
1.35 -8.86709
1.38 -8.86689
1.41 -8.86669
1.44 -8.86649
1.47 -8.86629
1.5 -8.86608
1.53 -8.86587
1.56 -8.86566
1.59 -8.86545
1.62 -8.86524
1.65 -8.86502
1.68 -8.8648
1.71 -8.86458
1.74 -8.86436
1.77 -8.86414
1.8 -8.86391
1.83 -8.86368
1.86 -8.86345
1.89 -8.86322
1.92 -8.86299
1.95 -8.86275
1.98 -8.86251
2.01 -8.86227
2.04 -8.86203
2.07 -8.86178
2.1 -8.86153
2.13 -8.86128
2.16 -8.86103
2.19 -8.86078
2.22 -8.86052
2.25 -8.86026
2.28 -8.86
2.31 -8.85973
2.34 -8.85947
2.37 -8.8592
2.4 -8.85893
2.43 -8.85865
2.46 -8.85838
2.49 -8.8581
2.52 -8.85781
2.55 -8.85753
2.58 -8.85724
2.61 -8.85695
2.64 -8.85666
2.67 -8.85637
2.7 -8.85607
2.73 -8.85577
2.76 -8.85546
2.79 -8.85516
2.82 -8.85485
2.85 -8.85454
2.88 -8.85422
2.91 -8.8539
2.94 -8.85358
2.97 -8.85326
3 -8.85293
3.03 -8.8526
3.06 -8.85227
3.09 -8.85193
3.12 -8.8516
3.15 -8.85125
3.18 -8.85091
3.21 -8.85056
3.24 -8.85021
3.27 -8.84985
3.3 -8.8495
3.33 -8.84914
3.36 -8.84877
3.39 -8.8484
3.42 -8.84803
3.45 -8.84766
3.48 -8.84728
3.51 -8.8469
3.54 -8.84652
3.57 -8.84613
3.6 -8.84574
3.63 -8.84534
3.66 -8.84494
3.69 -8.84454
3.72 -8.84414
3.75 -8.84373
3.78 -8.84331
3.81 -8.8429
3.84 -8.84248
3.87 -8.84205
3.9 -8.84163
3.93 -8.8412
3.96 -8.84076
3.99 -8.84032
4.02 -8.83988
4.05 -8.83943
4.08 -8.83898
4.11 -8.83853
4.14 -8.83807
4.17 -8.83761
4.2 -8.83715
4.23 -8.83668
4.26 -8.8362
4.29 -8.83573
4.32 -8.83525
4.35 -8.83476
4.38 -8.83427
4.41 -8.83378
4.44 -8.83328
4.47 -8.83278
4.5 -8.83228
4.53 -8.83177
4.56 -8.83125
4.59 -8.83074
4.62 -8.83022
4.65 -8.82969
4.68 -8.82916
4.71 -8.82863
4.74 -8.82809
4.77 -8.82755
4.8 -8.827
4.83 -8.82645
4.86 -8.82589
4.89 -8.82533
4.92 -8.82477
4.95 -8.8242
4.98 -8.82363
5.01 -8.82306
5.04 -8.82248
5.07 -8.82189
5.1 -8.8213
5.13 -8.82071
5.16 -8.82011
5.19 -8.81951
5.22 -8.81891
5.25 -8.8183
5.28 -8.81768
5.31 -8.81706
5.34 -8.81644
5.37 -8.81581
5.4 -8.81518
5.43 -8.81455
5.46 -8.81391
5.49 -8.81326
5.52 -8.81261
5.55 -8.81196
5.58 -8.8113
5.61 -8.81064
5.64 -8.80998
5.67 -8.80931
5.7 -8.80864
5.73 -8.80796
5.76 -8.80728
5.79 -8.80659
5.82 -8.8059
5.85 -8.80521
5.88 -8.80451
5.91 -8.80381
5.94 -8.8031
5.97 -8.80239
6 -8.80168
6.03 -8.80096
6.06 -8.80023
6.09 -8.79951
6.12 -8.79878
6.15 -8.79804
6.18 -8.79731
6.21 -8.79656
6.24 -8.79582
6.27 -8.79507
6.3 -8.79431
6.33 -8.79356
6.36 -8.7928
6.39 -8.79203
6.42 -8.79126
6.45 -8.79049
6.48 -8.78972
6.51 -8.78894
6.54 -8.78816
6.57 -8.78737
6.6 -8.78658
6.63 -8.78579
6.66 -8.78499
6.69 -8.78419
6.72 -8.78339
6.75 -8.78258
6.78 -8.78177
6.81 -8.78096
6.84 -8.78014
6.87 -8.77933
6.9 -8.7785
6.93 -8.77768
6.96 -8.77685
6.99 -8.77602
7.02 -8.77519
7.05 -8.77435
7.08 -8.77351
7.11 -8.77267
7.14 -8.77182
7.17 -8.77098
7.2 -8.77013
7.23 -8.76927
7.26 -8.76842
7.29 -8.76756
7.32 -8.7667
7.35 -8.76584
7.38 -8.76497
7.41 -8.76411
7.44 -8.76324
7.47 -8.76237
7.5 -8.76149
7.53 -8.76062
7.56 -8.75974
7.59 -8.75886
7.62 -8.75798
7.65 -8.7571
7.68 -8.75621
7.71 -8.75532
7.74 -8.75444
7.77 -8.75355
7.8 -8.75265
7.83 -8.75176
7.86 -8.75087
7.89 -8.74997
7.92 -8.74907
7.95 -8.74817
7.98 -8.74727
8.01 -8.74637
8.04 -8.74547
8.07 -8.74457
8.1 -8.74366
8.13 -8.74276
8.16 -8.74185
8.19 -8.74095
8.22 -8.74004
8.25 -8.73913
8.28 -8.73822
8.31 -8.73731
8.34 -8.7364
8.37 -8.73549
8.4 -8.73458
8.43 -8.73366
8.46 -8.73275
8.49 -8.73184
8.52 -8.73093
8.55 -8.73001
8.58 -8.7291
8.61 -8.72819
8.64 -8.72727
8.67 -8.72636
8.7 -8.72545
8.73 -8.72453
8.76 -8.72362
8.79 -8.72271
8.82 -8.72179
8.85 -8.72088
8.88 -8.71997
8.91 -8.71906
8.94 -8.71814
8.97 -8.71723
9 -8.71632
9.03 -8.71541
9.06 -8.7145
9.09 -8.71359
9.12 -8.71268
9.15 -8.71178
9.18 -8.71087
9.21 -8.70996
9.24 -8.70906
9.27 -8.70815
9.3 -8.70725
9.33 -8.70635
9.36 -8.70545
9.39 -8.70455
9.42 -8.70365
9.45 -8.70275
9.48 -8.70185
9.51 -8.70096
9.54 -8.70006
9.57 -8.69917
9.6 -8.69828
9.63 -8.69739
9.66 -8.6965
9.69 -8.69561
9.72 -8.69472
9.75 -8.69384
9.78 -8.69295
9.81 -8.69207
9.84 -8.69119
9.87 -8.69031
9.9 -8.68943
9.93 -8.68856
9.96 -8.68768
9.99 -8.68681
10.02 -8.68594
10.05 -8.68507
10.08 -8.6842
10.11 -8.68334
10.14 -8.68247
10.17 -8.68161
10.2 -8.68075
10.23 -8.67989
10.26 -8.67904
10.29 -8.67818
10.32 -8.67733
10.35 -8.67648
10.38 -8.67563
10.41 -8.67478
10.44 -8.67394
10.47 -8.67309
10.5 -8.67225
10.53 -8.67142
10.56 -8.67058
10.59 -8.66974
10.62 -8.66891
10.65 -8.66808
10.68 -8.66725
10.71 -8.66643
10.74 -8.6656
10.77 -8.66478
10.8 -8.66396
10.83 -8.66315
10.86 -8.66233
10.89 -8.66152
10.92 -8.66071
10.95 -8.6599
10.98 -8.65909
11.01 -8.65829
11.04 -8.65749
11.07 -8.65669
11.1 -8.65589
11.13 -8.6551
11.16 -8.6543
11.19 -8.65351
11.22 -8.65273
11.25 -8.65194
11.28 -8.65116
11.31 -8.65038
11.34 -8.6496
11.37 -8.64882
11.4 -8.64805
11.43 -8.64728
11.46 -8.64651
11.49 -8.64574
11.52 -8.64498
11.55 -8.64422
11.58 -8.64346
11.61 -8.6427
11.64 -8.64194
11.67 -8.64119
11.7 -8.64044
11.73 -8.63969
11.76 -8.63895
11.79 -8.63821
11.82 -8.63747
11.85 -8.63673
11.88 -8.63599
11.91 -8.63526
11.94 -8.63453
11.97 -8.6338
12 -8.63308
12.03 -8.63235
12.06 -8.63163
12.09 -8.63091
12.12 -8.6302
12.15 -8.62948
12.18 -8.62877
12.21 -8.62806
12.24 -8.62736
12.27 -8.62665
12.3 -8.62595
12.33 -8.62525
12.36 -8.62456
12.39 -8.62386
12.42 -8.62317
12.45 -8.62248
12.48 -8.6218
12.51 -8.62111
12.54 -8.62043
12.57 -8.61975
12.6 -8.61907
12.63 -8.6184
12.66 -8.61773
12.69 -8.61706
12.72 -8.61639
12.75 -8.61573
12.78 -8.61507
12.81 -8.61441
12.84 -8.61375
12.87 -8.61309
12.9 -8.61244
12.93 -8.61179
12.96 -8.61114
12.99 -8.6105
13.02 -8.60986
13.05 -8.60922
13.08 -8.60858
13.11 -8.60795
13.14 -8.60731
13.17 -8.60668
13.2 -8.60606
13.23 -8.60543
13.26 -8.60481
13.29 -8.60419
13.32 -8.60357
13.35 -8.60295
13.38 -8.60234
13.41 -8.60173
13.44 -8.60112
13.47 -8.60052
13.5 -8.59991
13.53 -8.59931
13.56 -8.59872
13.59 -8.59812
13.62 -8.59753
13.65 -8.59694
13.68 -8.59635
13.71 -8.59576
13.74 -8.59518
13.77 -8.5946
13.8 -8.59402
13.83 -8.59345
13.86 -8.59287
13.89 -8.5923
13.92 -8.59173
13.95 -8.59117
13.98 -8.5906
14.01 -8.59004
14.04 -8.58949
14.07 -8.58893
14.1 -8.58838
14.13 -8.58783
14.16 -8.58728
14.19 -8.58673
14.22 -8.58619
14.25 -8.58565
14.28 -8.58511
14.31 -8.58457
14.34 -8.58404
14.37 -8.58351
14.4 -8.58298
14.43 -8.58245
14.46 -8.58193
14.49 -8.58141
14.52 -8.58089
14.55 -8.58037
14.58 -8.57986
14.61 -8.57935
14.64 -8.57884
14.67 -8.57833
14.7 -8.57783
14.73 -8.57733
14.76 -8.57683
14.79 -8.57633
14.82 -8.57584
14.85 -8.57534
14.88 -8.57486
14.91 -8.57437
14.94 -8.57388
14.97 -8.5734
15 -8.57292
15.03 -8.57245
15.06 -8.57197
15.09 -8.5715
15.12 -8.57103
15.15 -8.57056
15.18 -8.5701
15.21 -8.56964
15.24 -8.56918
15.27 -8.56872
15.3 -8.56826
15.33 -8.56781
15.36 -8.56736
15.39 -8.56691
15.42 -8.56647
15.45 -8.56602
15.48 -8.56558
15.51 -8.56514
15.54 -8.56471
15.57 -8.56427
15.6 -8.56384
15.63 -8.56341
15.66 -8.56299
15.69 -8.56256
15.72 -8.56214
15.75 -8.56172
15.78 -8.56131
15.81 -8.56089
15.84 -8.56048
15.87 -8.56007
15.9 -8.55966
15.93 -8.55926
15.96 -8.55885
15.99 -8.55845
16.02 -8.55805
16.05 -8.55766
16.08 -8.55726
16.11 -8.55687
16.14 -8.55648
16.17 -8.5561
16.2 -8.55571
16.23 -8.55533
16.26 -8.55495
16.29 -8.55457
16.32 -8.55419
16.35 -8.55382
16.38 -8.55345
16.41 -8.55308
16.44 -8.55271
16.47 -8.55235
16.5 -8.55199
16.53 -8.55163
16.56 -8.55127
16.59 -8.55091
16.62 -8.55056
16.65 -8.55021
16.68 -8.54986
16.71 -8.54951
16.74 -8.54917
16.77 -8.54882
16.8 -8.54848
16.83 -8.54814
16.86 -8.54781
16.89 -8.54747
16.92 -8.54714
16.95 -8.54681
16.98 -8.54648
17.01 -8.54616
17.04 -8.54583
17.07 -8.54551
17.1 -8.54519
17.13 -8.54487
17.16 -8.54456
17.19 -8.54424
17.22 -8.54393
17.25 -8.54362
17.28 -8.54332
17.31 -8.54301
17.34 -8.54271
17.37 -8.54241
17.4 -8.54211
17.43 -8.54181
17.46 -8.54151
17.49 -8.54122
17.52 -8.54093
17.55 -8.54064
17.58 -8.54035
17.61 -8.54007
17.64 -8.53979
17.67 -8.5395
17.7 -8.53923
17.73 -8.53895
17.76 -8.53867
17.79 -8.5384
17.82 -8.53813
17.85 -8.53786
17.88 -8.53759
17.91 -8.53733
17.94 -8.53706
17.97 -8.5368
18 -8.53654
18.03 -8.53628
18.06 -8.53603
18.09 -8.53577
18.12 -8.53552
18.15 -8.53527
18.18 -8.53502
18.21 -8.53478
18.24 -8.53453
18.27 -8.53429
18.3 -8.53405
18.33 -8.53381
18.36 -8.53358
18.39 -8.53334
18.42 -8.53311
18.45 -8.53288
18.48 -8.53265
18.51 -8.53242
18.54 -8.5322
18.57 -8.53198
18.6 -8.53175
18.63 -8.53154
18.66 -8.53132
18.69 -8.5311
18.72 -8.53089
18.75 -8.53068
18.78 -8.53047
18.81 -8.53026
18.84 -8.53006
18.87 -8.52985
18.9 -8.52965
18.93 -8.52945
18.96 -8.52926
18.99 -8.52906
19.02 -8.52887
19.05 -8.52868
19.08 -8.52849
19.11 -8.5283
19.14 -8.52811
19.17 -8.52793
19.2 -8.52775
19.23 -8.52757
19.26 -8.52739
19.29 -8.52722
19.32 -8.52705
19.35 -8.52687
19.38 -8.52671
19.41 -8.52654
19.44 -8.52637
19.47 -8.52621
19.5 -8.52605
19.53 -8.52589
19.56 -8.52574
19.59 -8.52558
19.62 -8.52543
19.65 -8.52528
19.68 -8.52513
19.71 -8.52499
19.74 -8.52485
19.77 -8.5247
19.8 -8.52457
19.83 -8.52443
19.86 -8.5243
19.89 -8.52416
19.92 -8.52404
19.95 -8.52391
19.98 -8.52378
20.01 -8.52366
20.04 -8.52354
20.07 -8.52343
20.1 -8.52331
20.13 -8.5232
20.16 -8.52309
20.19 -8.52298
20.22 -8.52288
20.25 -8.52277
20.28 -8.52267
20.31 -8.52258
20.34 -8.52248
20.37 -8.52239
20.4 -8.5223
20.43 -8.52222
20.46 -8.52213
20.49 -8.52205
20.52 -8.52197
20.55 -8.5219
20.58 -8.52183
20.61 -8.52176
20.64 -8.52169
20.67 -8.52163
20.7 -8.52157
20.73 -8.52151
20.76 -8.52146
20.79 -8.52141
20.82 -8.52136
20.85 -8.52132
20.88 -8.52128
20.91 -8.52124
20.94 -8.5212
20.97 -8.52117
21 -8.52115
21.03 -8.52112
21.06 -8.5211
21.09 -8.52109
21.12 -8.52107
21.15 -8.52107
21.18 -8.52106
21.21 -8.52106
21.24 -8.52106
21.27 -8.52107
21.3 -8.52108
21.33 -8.52109
21.36 -8.52111
21.39 -8.52114
21.42 -8.52116
21.45 -8.5212
21.48 -8.52123
21.51 -8.52127
21.54 -8.52132
21.57 -8.52137
21.6 -8.52142
21.63 -8.52148
21.66 -8.52155
21.69 -8.52162
21.72 -8.52169
21.75 -8.52177
21.78 -8.52185
21.81 -8.52194
21.84 -8.52204
21.87 -8.52214
21.9 -8.52225
21.93 -8.52236
21.96 -8.52247
21.99 -8.5226
22.02 -8.52272
22.05 -8.52286
22.08 -8.523
22.11 -8.52314
22.14 -8.5233
22.17 -8.52346
22.2 -8.52362
22.23 -8.52379
22.26 -8.52397
22.29 -8.52415
22.32 -8.52434
22.35 -8.52454
22.38 -8.52474
22.41 -8.52495
22.44 -8.52517
22.47 -8.5254
22.5 -8.52563
22.53 -8.52587
22.56 -8.52611
22.59 -8.52636
22.62 -8.52662
22.65 -8.52689
22.68 -8.52717
22.71 -8.52745
22.74 -8.52774
22.77 -8.52804
22.8 -8.52834
22.83 -8.52866
22.86 -8.52898
22.89 -8.52931
22.92 -8.52964
22.95 -8.52999
22.98 -8.53034
23.01 -8.5307
23.04 -8.53107
23.07 -8.53145
23.1 -8.53183
23.13 -8.53222
23.16 -8.53262
23.19 -8.53303
23.22 -8.53345
23.25 -8.53388
23.28 -8.53431
23.31 -8.53475
23.34 -8.5352
23.37 -8.53566
23.4 -8.53613
23.43 -8.5366
23.46 -8.53708
23.49 -8.53758
23.52 -8.53807
23.55 -8.53858
23.58 -8.5391
23.61 -8.53962
23.64 -8.54015
23.67 -8.54069
23.7 -8.54123
23.73 -8.54179
23.76 -8.54235
23.79 -8.54292
23.82 -8.5435
23.85 -8.54408
23.88 -8.54467
23.91 -8.54527
23.94 -8.54588
23.97 -8.54649
24 -8.54711
24.03 -8.54774
24.06 -8.54837
24.09 -8.54901
24.12 -8.54966
24.15 -8.55031
24.18 -8.55097
24.21 -8.55164
24.24 -8.55231
24.27 -8.55299
24.3 -8.55367
24.33 -8.55436
24.36 -8.55505
24.39 -8.55575
24.42 -8.55646
24.45 -8.55717
24.48 -8.55788
24.51 -8.5586
24.54 -8.55932
24.57 -8.56005
24.6 -8.56078
24.63 -8.56152
24.66 -8.56226
24.69 -8.56301
24.72 -8.56375
24.75 -8.56451
24.78 -8.56526
24.81 -8.56602
24.84 -8.56678
24.87 -8.56754
24.9 -8.56831
24.93 -8.56908
24.96 -8.56985
24.99 -8.57062
25.02 -8.5714
25.05 -8.57217
25.08 -8.57295
25.11 -8.57373
25.14 -8.57451
25.17 -8.5753
25.2 -8.57608
25.23 -8.57687
25.26 -8.57765
25.29 -8.57844
25.32 -8.57922
25.35 -8.58001
25.38 -8.5808
25.41 -8.58159
25.44 -8.58237
25.47 -8.58316
25.5 -8.58395
25.53 -8.58473
25.56 -8.58552
25.59 -8.5863
25.62 -8.58709
25.65 -8.58787
25.68 -8.58865
25.71 -8.58943
25.74 -8.59021
25.77 -8.59099
25.8 -8.59177
25.83 -8.59254
25.86 -8.59332
25.89 -8.59409
25.92 -8.59486
25.95 -8.59562
25.98 -8.59639
26.01 -8.59715
26.04 -8.59791
26.07 -8.59867
26.1 -8.59943
26.13 -8.60018
26.16 -8.60093
26.19 -8.60168
26.22 -8.60243
26.25 -8.60317
26.28 -8.60391
26.31 -8.60465
26.34 -8.60538
26.37 -8.60611
26.4 -8.60684
26.43 -8.60756
26.46 -8.60828
26.49 -8.609
26.52 -8.60972
26.55 -8.61043
26.58 -8.61114
26.61 -8.61184
26.64 -8.61254
26.67 -8.61324
26.7 -8.61393
26.73 -8.61462
26.76 -8.61531
26.79 -8.61599
26.82 -8.61667
26.85 -8.61735
26.88 -8.61802
26.91 -8.61869
26.94 -8.61935
26.97 -8.62001
27 -8.62067
27.03 -8.62132
27.06 -8.62197
27.09 -8.62262
27.12 -8.62326
27.15 -8.6239
27.18 -8.62453
27.21 -8.62516
27.24 -8.62579
27.27 -8.62641
27.3 -8.62703
27.33 -8.62764
27.36 -8.62825
27.39 -8.62886
27.42 -8.62946
27.45 -8.63006
27.48 -8.63066
27.51 -8.63125
27.54 -8.63183
27.57 -8.63242
27.6 -8.633
27.63 -8.63357
27.66 -8.63414
27.69 -8.63471
27.72 -8.63528
27.75 -8.63584
27.78 -8.63639
27.81 -8.63695
27.84 -8.6375
27.87 -8.63804
27.9 -8.63858
27.93 -8.63912
27.96 -8.63966
27.99 -8.64019
28.02 -8.64071
28.05 -8.64124
28.08 -8.64176
28.11 -8.64227
28.14 -8.64278
28.17 -8.64329
28.2 -8.6438
28.23 -8.6443
28.26 -8.6448
28.29 -8.64529
28.32 -8.64578
28.35 -8.64627
28.38 -8.64675
28.41 -8.64724
28.44 -8.64771
28.47 -8.64819
28.5 -8.64866
28.53 -8.64912
28.56 -8.64959
28.59 -8.65005
28.62 -8.65051
28.65 -8.65096
28.68 -8.65141
28.71 -8.65186
28.74 -8.6523
28.77 -8.65274
28.8 -8.65318
28.83 -8.65362
28.86 -8.65405
28.89 -8.65448
28.92 -8.6549
28.95 -8.65532
28.98 -8.65574
29.01 -8.65616
29.04 -8.65657
29.07 -8.65698
29.1 -8.65739
29.13 -8.6578
29.16 -8.6582
29.19 -8.6586
29.22 -8.65899
29.25 -8.65939
29.28 -8.65978
29.31 -8.66016
29.34 -8.66055
29.37 -8.66093
29.4 -8.66131
29.43 -8.66169
29.46 -8.66206
29.49 -8.66243
29.52 -8.6628
29.55 -8.66317
29.58 -8.66353
29.61 -8.66389
29.64 -8.66425
29.67 -8.66461
29.7 -8.66496
29.73 -8.66531
29.76 -8.66566
29.79 -8.66601
29.82 -8.66635
29.85 -8.6667
29.88 -8.66703
29.91 -8.66737
29.94 -8.66771
29.97 -8.66804
30 -8.66837
30.001 -10
