0 -10
0.03 -8.8378
0.06 -8.83765
0.09 -8.83751
0.12 -8.83736
0.15 -8.83721
0.18 -8.83706
0.21 -8.83691
0.24 -8.83676
0.27 -8.83661
0.3 -8.83647
0.33 -8.83632
0.36 -8.83617
0.39 -8.83602
0.42 -8.83587
0.45 -8.83572
0.48 -8.83557
0.51 -8.83542
0.54 -8.83527
0.57 -8.83512
0.6 -8.83497
0.63 -8.83483
0.66 -8.83468
0.69 -8.83453
0.72 -8.83438
0.75 -8.83423
0.78 -8.83408
0.81 -8.83393
0.84 -8.83378
0.87 -8.83363
0.9 -8.83348
0.93 -8.83333
0.96 -8.83317
0.99 -8.83302
1.02 -8.83287
1.05 -8.83272
1.08 -8.83257
1.11 -8.83242
1.14 -8.83227
1.17 -8.83212
1.2 -8.83197
1.23 -8.83182
1.26 -8.83167
1.29 -8.83152
1.32 -8.83136
1.35 -8.83121
1.38 -8.83106
1.41 -8.83091
1.44 -8.83076
1.47 -8.83061
1.5 -8.83046
1.53 -8.8303
1.56 -8.83015
1.59 -8.83
1.62 -8.82985
1.65 -8.8297
1.68 -8.82954
1.71 -8.82939
1.74 -8.82924
1.77 -8.82909
1.8 -8.82893
1.83 -8.82878
1.86 -8.82863
1.89 -8.82848
1.92 -8.82832
1.95 -8.82817
1.98 -8.82802
2.01 -8.82787
2.04 -8.82771
2.07 -8.82756
2.1 -8.82741
2.13 -8.82725
2.16 -8.8271
2.19 -8.82695
2.22 -8.8268
2.25 -8.82664
2.28 -8.82649
2.31 -8.82634
2.34 -8.82618
2.37 -8.82603
2.4 -8.82587
2.43 -8.82572
2.46 -8.82557
2.49 -8.82541
2.52 -8.82526
2.55 -8.82511
2.58 -8.82495
2.61 -8.8248
2.64 -8.82464
2.67 -8.82449
2.7 -8.82434
2.73 -8.82418
2.76 -8.82403
2.79 -8.82387
2.82 -8.82372
2.85 -8.82356
2.88 -8.82341
2.91 -8.82325
2.94 -8.8231
2.97 -8.82295
3 -8.82279
3.03 -8.82264
3.06 -8.82248
3.09 -8.82233
3.12 -8.82217
3.15 -8.82202
3.18 -8.82186
3.21 -8.82171
3.24 -8.82155
3.27 -8.8214
3.3 -8.82124
3.33 -8.82109
3.36 -8.82093
3.39 -8.82078
3.42 -8.82062
3.45 -8.82046
3.48 -8.82031
3.51 -8.82015
3.54 -8.82
3.57 -8.81984
3.6 -8.81969
3.63 -8.81953
3.66 -8.81937
3.69 -8.81922
3.72 -8.81906
3.75 -8.81891
3.78 -8.81875
3.81 -8.8186
3.84 -8.81844
3.87 -8.81828
3.9 -8.81813
3.93 -8.81797
3.96 -8.81781
3.99 -8.81766
4.02 -8.8175
4.05 -8.81735
4.08 -8.81719
4.11 -8.81703
4.14 -8.81688
4.17 -8.81672
4.2 -8.81656
4.23 -8.81641
4.26 -8.81625
4.29 -8.81609
4.32 -8.81594
4.35 -8.81578
4.38 -8.81562
4.41 -8.81547
4.44 -8.81531
4.47 -8.81515
4.5 -8.815
4.53 -8.81484
4.56 -8.81468
4.59 -8.81453
4.62 -8.81437
4.65 -8.81421
4.68 -8.81405
4.71 -8.8139
4.74 -8.81374
4.77 -8.81358
4.8 -8.81343
4.83 -8.81327
4.86 -8.81311
4.89 -8.81295
4.92 -8.8128
4.95 -8.81264
4.98 -8.81248
5.01 -8.81232
5.04 -8.81217
5.07 -8.81201
5.1 -8.81185
5.13 -8.81169
5.16 -8.81154
5.19 -8.81138
5.22 -8.81122
5.25 -8.81106
5.28 -8.81091
5.31 -8.81075
5.34 -8.81059
5.37 -8.81043
5.4 -8.81027
5.43 -8.81012
5.46 -8.80996
5.49 -8.8098
5.52 -8.80964
5.55 -8.80948
5.58 -8.80933
5.61 -8.80917
5.64 -8.80901
5.67 -8.80885
5.7 -8.80869
5.73 -8.80854
5.76 -8.80838
5.79 -8.80822
5.82 -8.80806
5.85 -8.8079
5.88 -8.80775
5.91 -8.80759
5.94 -8.80743
5.97 -8.80727
6 -8.80711
6.03 -8.80695
6.06 -8.8068
6.09 -8.80664
6.12 -8.80648
6.15 -8.80632
6.18 -8.80616
6.21 -8.806
6.24 -8.80585
6.27 -8.80569
6.3 -8.80553
6.33 -8.80537
6.36 -8.80521
6.39 -8.80505
6.42 -8.8049
6.45 -8.80474
6.48 -8.80458
6.51 -8.80442
6.54 -8.80426
6.57 -8.8041
6.6 -8.80394
6.63 -8.80379
6.66 -8.80363
6.69 -8.80347
6.72 -8.80331
6.75 -8.80315
6.78 -8.80299
6.81 -8.80283
6.84 -8.80267
6.87 -8.80252
6.9 -8.80236
6.93 -8.8022
6.96 -8.80204
6.99 -8.80188
7.02 -8.80172
7.05 -8.80156
7.08 -8.8014
7.11 -8.80125
7.14 -8.80109
7.17 -8.80093
7.2 -8.80077
7.23 -8.80061
7.26 -8.80045
7.29 -8.80029
7.32 -8.80013
7.35 -8.79997
7.38 -8.79982
7.41 -8.79966
7.44 -8.7995
7.47 -8.79934
7.5 -8.79918
7.53 -8.79902
7.56 -8.79886
7.59 -8.7987
7.62 -8.79854
7.65 -8.79838
7.68 -8.79823
7.71 -8.79807
7.74 -8.79791
7.77 -8.79775
7.8 -8.79759
7.83 -8.79743
7.86 -8.79727
7.89 -8.79711
7.92 -8.79695
7.95 -8.79679
7.98 -8.79664
8.01 -8.79648
8.04 -8.79632
8.07 -8.79616
8.1 -8.796
8.13 -8.79584
8.16 -8.79568
8.19 -8.79552
8.22 -8.79536
8.25 -8.7952
8.28 -8.79504
8.31 -8.79489
8.34 -8.79473
8.37 -8.79457
8.4 -8.79441
8.43 -8.79425
8.46 -8.79409
8.49 -8.79393
8.52 -8.79377
8.55 -8.79361
8.58 -8.79345
8.61 -8.79329
8.64 -8.79313
8.67 -8.79298
8.7 -8.79282
8.73 -8.79266
8.76 -8.7925
8.79 -8.79234
8.82 -8.79218
8.85 -8.79202
8.88 -8.79186
8.91 -8.7917
8.94 -8.79154
8.97 -8.79138
9 -8.79122
9.03 -8.79107
9.06 -8.79091
9.09 -8.79075
9.12 -8.79059
9.15 -8.79043
9.18 -8.79027
9.21 -8.79011
9.24 -8.78995
9.27 -8.78979
9.3 -8.78963
9.33 -8.78947
9.36 -8.78931
9.39 -8.78915
9.42 -8.78899
9.45 -8.78883
9.48 -8.78868
9.51 -8.78852
9.54 -8.78836
9.57 -8.7882
9.6 -8.78804
9.63 -8.78788
9.66 -8.78772
9.69 -8.78756
9.72 -8.7874
9.75 -8.78724
9.78 -8.78708
9.81 -8.78692
9.84 -8.78676
9.87 -8.7866
9.9 -8.78644
9.93 -8.78628
9.96 -8.78613
9.99 -8.78597
10.02 -8.78581
10.05 -8.78565
10.08 -8.78549
10.11 -8.78533
10.14 -8.78517
10.17 -8.78501
10.2 -8.78485
10.23 -8.78469
10.26 -8.78453
10.29 -8.78437
10.32 -8.78421
10.35 -8.78405
10.38 -8.78389
10.41 -8.78373
10.44 -8.78357
10.47 -8.78341
10.5 -8.78325
10.53 -8.78309
10.56 -8.78293
10.59 -8.78277
10.62 -8.78261
10.65 -8.78245
10.68 -8.78229
10.71 -8.78213
10.74 -8.78197
10.77 -8.78181
10.8 -8.78166
10.83 -8.7815
10.86 -8.78134
10.89 -8.78118
10.92 -8.78102
10.95 -8.78086
10.98 -8.7807
11.01 -8.78054
11.04 -8.78038
11.07 -8.78022
11.1 -8.78006
11.13 -8.7799
11.16 -8.77974
11.19 -8.77958
11.22 -8.77942
11.25 -8.77926
11.28 -8.77909
11.31 -8.77893
11.34 -8.77877
11.37 -8.77861
11.4 -8.77845
11.43 -8.77829
11.46 -8.77813
11.49 -8.77797
11.52 -8.77781
11.55 -8.77765
11.58 -8.77749
11.61 -8.77733
11.64 -8.77717
11.67 -8.77701
11.7 -8.77685
11.73 -8.77669
11.76 -8.77653
11.79 -8.77637
11.82 -8.77621
11.85 -8.77605
11.88 -8.77589
11.91 -8.77572
11.94 -8.77556
11.97 -8.7754
12 -8.77524
12.03 -8.77508
12.06 -8.77492
12.09 -8.77476
12.12 -8.7746
12.15 -8.77444
12.18 -8.77428
12.21 -8.77412
12.24 -8.77395
12.27 -8.77379
12.3 -8.77363
12.33 -8.77347
12.36 -8.77331
12.39 -8.77315
12.42 -8.77299
12.45 -8.77282
12.48 -8.77266
12.51 -8.7725
12.54 -8.77234
12.57 -8.77218
12.6 -8.77202
12.63 -8.77185
12.66 -8.77169
12.69 -8.77153
12.72 -8.77137
12.75 -8.77121
12.78 -8.77105
12.81 -8.77088
12.84 -8.77072
12.87 -8.77056
12.9 -8.7704
12.93 -8.77023
12.96 -8.77007
12.99 -8.76991
13.02 -8.76975
13.05 -8.76959
13.08 -8.76942
13.11 -8.76926
13.14 -8.7691
13.17 -8.76893
13.2 -8.76877
13.23 -8.76861
13.26 -8.76845
13.29 -8.76828
13.32 -8.76812
13.35 -8.76796
13.38 -8.76779
13.41 -8.76763
13.44 -8.76747
13.47 -8.76731
13.5 -8.76714
13.53 -8.76698
13.56 -8.76681
13.59 -8.76665
13.62 -8.76649
13.65 -8.76632
13.68 -8.76616
13.71 -8.766
13.74 -8.76583
13.77 -8.76567
13.8 -8.76551
13.83 -8.76534
13.86 -8.76518
13.89 -8.76501
13.92 -8.76485
13.95 -8.76468
13.98 -8.76452
14.01 -8.76436
14.04 -8.76419
14.07 -8.76403
14.1 -8.76386
14.13 -8.7637
14.16 -8.76353
14.19 -8.76337
14.22 -8.7632
14.25 -8.76304
14.28 -8.76287
14.31 -8.76271
14.34 -8.76254
14.37 -8.76238
14.4 -8.76221
14.43 -8.76205
14.46 -8.76188
14.49 -8.76172
14.52 -8.76155
14.55 -8.76139
14.58 -8.76122
14.61 -8.76105
14.64 -8.76089
14.67 -8.76072
14.7 -8.76056
14.73 -8.76039
14.76 -8.76023
14.79 -8.76006
14.82 -8.75989
14.85 -8.75973
14.88 -8.75956
14.91 -8.75939
14.94 -8.75923
14.97 -8.75906
15 -8.7589
15.03 -8.75873
15.06 -8.75856
15.09 -8.7584
15.12 -8.75823
15.15 -8.75806
15.18 -8.7579
15.21 -8.75773
15.24 -8.75756
15.27 -8.75739
15.3 -8.75723
15.33 -8.75706
15.36 -8.75689
15.39 -8.75673
15.42 -8.75656
15.45 -8.75639
15.48 -8.75622
15.51 -8.75606
15.54 -8.75589
15.57 -8.75572
15.6 -8.75556
15.63 -8.75539
15.66 -8.75522
15.69 -8.75505
15.72 -8.75489
15.75 -8.75472
15.78 -8.75455
15.81 -8.75438
15.84 -8.75422
15.87 -8.75405
15.9 -8.75388
15.93 -8.75371
15.96 -8.75355
15.99 -8.75338
16.02 -8.75321
16.05 -8.75304
16.08 -8.75288
16.11 -8.75271
16.14 -8.75254
16.17 -8.75237
16.2 -8.75221
16.23 -8.75204
16.26 -8.75187
16.29 -8.7517
16.32 -8.75154
16.35 -8.75137
16.38 -8.7512
16.41 -8.75103
16.44 -8.75087
16.47 -8.7507
16.5 -8.75053
16.53 -8.75037
16.56 -8.7502
16.59 -8.75003
16.62 -8.74986
16.65 -8.7497
16.68 -8.74953
16.71 -8.74936
16.74 -8.7492
16.77 -8.74903
16.8 -8.74887
16.83 -8.7487
16.86 -8.74853
16.89 -8.74837
16.92 -8.7482
16.95 -8.74804
16.98 -8.74787
17.01 -8.74771
17.04 -8.74754
17.07 -8.74738
17.1 -8.74721
17.13 -8.74705
17.16 -8.74688
17.19 -8.74672
17.22 -8.74656
17.25 -8.74639
17.28 -8.74623
17.31 -8.74607
17.34 -8.7459
17.37 -8.74574
17.4 -8.74558
17.43 -8.74542
17.46 -8.74525
17.49 -8.74509
17.52 -8.74493
17.55 -8.74477
17.58 -8.74461
17.61 -8.74445
17.64 -8.74429
17.67 -8.74413
17.7 -8.74397
17.73 -8.74381
17.76 -8.74365
17.79 -8.74349
17.82 -8.74334
17.85 -8.74318
17.88 -8.74302
17.91 -8.74287
17.94 -8.74271
17.97 -8.74255
18 -8.7424
18.03 -8.74225
18.06 -8.74209
18.09 -8.74194
18.12 -8.74179
18.15 -8.74163
18.18 -8.74148
18.21 -8.74133
18.24 -8.74118
18.27 -8.74103
18.3 -8.74088
18.33 -8.74073
18.36 -8.74059
18.39 -8.74044
18.42 -8.74029
18.45 -8.74015
18.48 -8.74
18.51 -8.73986
18.54 -8.73971
18.57 -8.73957
18.6 -8.73943
18.63 -8.73929
18.66 -8.73915
18.69 -8.73901
18.72 -8.73887
18.75 -8.73873
18.78 -8.7386
18.81 -8.73846
18.84 -8.73833
18.87 -8.7382
18.9 -8.73806
18.93 -8.73793
18.96 -8.7378
18.99 -8.73767
19.02 -8.73755
19.05 -8.73742
19.08 -8.73729
19.11 -8.73717
19.14 -8.73705
19.17 -8.73693
19.2 -8.73681
19.23 -8.73669
19.26 -8.73657
19.29 -8.73646
19.32 -8.73634
19.35 -8.73623
19.38 -8.73612
19.41 -8.73601
19.44 -8.7359
19.47 -8.7358
19.5 -8.73569
19.53 -8.73559
19.56 -8.73549
19.59 -8.73539
19.62 -8.73529
19.65 -8.7352
19.68 -8.73511
19.71 -8.73502
19.74 -8.73493
19.77 -8.73484
19.8 -8.73476
19.83 -8.73467
19.86 -8.73459
19.89 -8.73452
19.92 -8.73444
19.95 -8.73437
19.98 -8.7343
20.01 -8.73423
20.04 -8.73417
20.07 -8.73411
20.1 -8.73405
20.13 -8.73399
20.16 -8.73394
20.19 -8.73389
20.22 -8.73385
20.25 -8.7338
20.28 -8.73377
20.31 -8.73373
20.34 -8.7337
20.37 -8.73367
20.4 -8.73365
20.43 -8.73363
20.46 -8.73361
20.49 -8.7336
20.52 -8.73359
20.55 -8.73359
20.58 -8.73359
20.61 -8.7336
20.64 -8.73361
20.67 -8.73362
20.7 -8.73364
20.73 -8.73367
20.76 -8.7337
20.79 -8.73374
20.82 -8.73379
20.85 -8.73384
20.88 -8.7339
20.91 -8.73396
20.94 -8.73403
20.97 -8.73411
21 -8.7342
21.03 -8.73429
21.06 -8.73439
21.09 -8.7345
21.12 -8.73462
21.15 -8.73475
21.18 -8.73488
21.21 -8.73503
21.24 -8.73518
21.27 -8.73535
21.3 -8.73553
21.33 -8.73571
21.36 -8.73591
21.39 -8.73613
21.42 -8.73635
21.45 -8.73659
21.48 -8.73684
21.51 -8.7371
21.54 -8.73738
21.57 -8.73768
21.6 -8.73799
21.63 -8.73832
21.66 -8.73866
21.69 -8.73902
21.72 -8.7394
21.75 -8.7398
21.78 -8.74022
21.81 -8.74066
21.84 -8.74113
21.87 -8.74161
21.9 -8.74212
21.93 -8.74266
21.96 -8.74322
21.99 -8.74381
22.02 -8.74442
22.05 -8.74506
22.08 -8.74574
22.11 -8.74644
22.14 -8.74718
22.17 -8.74795
22.2 -8.74876
22.23 -8.7496
22.26 -8.75049
22.29 -8.75141
22.32 -8.75237
22.35 -8.75338
22.38 -8.75442
22.41 -8.75552
22.44 -8.75666
22.47 -8.75785
22.5 -8.7591
22.53 -8.76039
22.56 -8.76174
22.59 -8.76314
22.62 -8.7646
22.65 -8.76612
22.68 -8.76771
22.71 -8.76935
22.74 -8.77106
22.77 -8.77283
22.8 -8.77467
22.83 -8.77658
22.86 -8.77856
22.89 -8.78061
22.92 -8.78273
22.95 -8.78493
22.98 -8.7872
23.01 -8.78954
23.04 -8.79196
23.07 -8.79445
23.1 -8.79703
23.13 -8.79967
23.16 -8.80239
23.19 -8.80519
23.22 -8.80806
23.25 -8.811
23.28 -8.81402
23.31 -8.8171
23.34 -8.82025
23.37 -8.82347
23.4 -8.82675
23.43 -8.83009
23.46 -8.83349
23.49 -8.83694
23.52 -8.84044
23.55 -8.84398
23.58 -8.84757
23.61 -8.85119
23.64 -8.85485
23.67 -8.85853
23.7 -8.86224
23.73 -8.86597
23.76 -8.86971
23.79 -8.87346
23.82 -8.87721
23.85 -8.88096
23.88 -8.88471
23.91 -8.88844
23.94 -8.89216
23.97 -8.89586
24 -8.89954
24.03 -8.90318
24.06 -8.9068
24.09 -8.91038
24.12 -8.91392
24.15 -8.91742
24.18 -8.92088
24.21 -8.92429
24.24 -8.92765
24.27 -8.93096
24.3 -8.93422
24.33 -8.93742
24.36 -8.94056
24.39 -8.94366
24.42 -8.94669
24.45 -8.94966
24.48 -8.95258
24.51 -8.95544
24.54 -8.95824
24.57 -8.96098
24.6 -8.96366
24.63 -8.96629
24.66 -8.96886
24.69 -8.97137
24.72 -8.97383
24.75 -8.97623
24.78 -8.97857
24.81 -8.98087
24.84 -8.98311
24.87 -8.9853
24.9 -8.98743
24.93 -8.98952
24.96 -8.99156
24.99 -8.99356
25.02 -8.9955
25.05 -8.9974
25.08 -8.99926
25.11 -9.00108
25.14 -9.00285
25.17 -9.00458
25.2 -9.00627
25.23 -9.00793
25.26 -9.00954
25.29 -9.01112
25.32 -9.01267
25.35 -9.01417
25.38 -9.01565
25.41 -9.01709
25.44 -9.0185
25.47 -9.01989
25.5 -9.02124
25.53 -9.02256
25.56 -9.02385
25.59 -9.02512
25.62 -9.02636
25.65 -9.02757
25.68 -9.02876
25.71 -9.02993
25.74 -9.03107
25.77 -9.03219
25.8 -9.03329
25.83 -9.03436
25.86 -9.03541
25.89 -9.03645
25.92 -9.03746
25.95 -9.03846
25.98 -9.03944
26.01 -9.04039
26.04 -9.04134
26.07 -9.04226
26.1 -9.04317
26.13 -9.04406
26.16 -9.04494
26.19 -9.0458
26.22 -9.04664
26.25 -9.04748
26.28 -9.04829
26.31 -9.0491
26.34 -9.04989
26.37 -9.05067
26.4 -9.05143
26.43 -9.05219
26.46 -9.05293
26.49 -9.05366
26.52 -9.05438
26.55 -9.05509
26.58 -9.05579
26.61 -9.05647
26.64 -9.05715
26.67 -9.05782
26.7 -9.05847
26.73 -9.05912
26.76 -9.05976
26.79 -9.06039
26.82 -9.06101
26.85 -9.06162
26.88 -9.06223
26.91 -9.06282
26.94 -9.06341
26.97 -9.06399
27 -9.06456
27.03 -9.06512
27.06 -9.06568
27.09 -9.06623
27.12 -9.06677
27.15 -9.06731
27.18 -9.06784
27.21 -9.06836
27.24 -9.06887
27.27 -9.06938
27.3 -9.06988
27.33 -9.07038
27.36 -9.07087
27.39 -9.07136
27.42 -9.07183
27.45 -9.07231
27.48 -9.07278
27.51 -9.07324
27.54 -9.07369
27.57 -9.07415
27.6 -9.07459
27.63 -9.07503
27.66 -9.07547
27.69 -9.0759
27.72 -9.07633
27.75 -9.07675
27.78 -9.07717
27.81 -9.07758
27.84 -9.07799
27.87 -9.07839
27.9 -9.07879
27.93 -9.07918
27.96 -9.07957
27.99 -9.07996
28.02 -9.08034
28.05 -9.08072
28.08 -9.08109
28.11 -9.08147
28.14 -9.08183
28.17 -9.0822
28.2 -9.08255
28.23 -9.08291
28.26 -9.08326
28.29 -9.08361
28.32 -9.08396
28.35 -9.0843
28.38 -9.08464
28.41 -9.08497
28.44 -9.0853
28.47 -9.08563
28.5 -9.08596
28.53 -9.08628
28.56 -9.0866
28.59 -9.08691
28.62 -9.08723
28.65 -9.08754
28.68 -9.08785
28.71 -9.08815
28.74 -9.08845
28.77 -9.08875
28.8 -9.08905
28.83 -9.08934
28.86 -9.08963
28.89 -9.08992
28.92 -9.09021
28.95 -9.09049
28.98 -9.09077
29.01 -9.09105
29.04 -9.09132
29.07 -9.0916
29.1 -9.09187
29.13 -9.09214
29.16 -9.0924
29.19 -9.09267
29.22 -9.09293
29.25 -9.09319
29.28 -9.09345
29.31 -9.0937
29.34 -9.09396
29.37 -9.09421
29.4 -9.09446
29.43 -9.09471
29.46 -9.09495
29.49 -9.09519
29.52 -9.09544
29.55 -9.09567
29.58 -9.09591
29.61 -9.09615
29.64 -9.09638
29.67 -9.09661
29.7 -9.09684
29.73 -9.09707
29.76 -9.0973
29.79 -9.09752
29.82 -9.09775
29.85 -9.09797
29.88 -9.09819
29.91 -9.09841
29.94 -9.09862
29.97 -9.09884
30 -9.09905
30.001 -10
