0 0
0.03 0.390398
0.06 0.391218
0.09 0.392038
0.12 0.39286
0.15 0.393683
0.18 0.394507
0.21 0.395331
0.24 0.396157
0.27 0.396984
0.3 0.397812
0.33 0.398641
0.36 0.399472
0.39 0.400303
0.42 0.401135
0.45 0.401968
0.48 0.402803
0.51 0.403638
0.54 0.404475
0.57 0.405312
0.6 0.406151
0.63 0.406991
0.66 0.407832
0.69 0.408673
0.72 0.409516
0.75 0.41036
0.78 0.411206
0.81 0.412052
0.84 0.412899
0.87 0.413747
0.9 0.414597
0.93 0.415447
0.96 0.416299
0.99 0.417151
1.02 0.418005
1.05 0.41886
1.08 0.419716
1.11 0.420573
1.14 0.421431
1.17 0.42229
1.2 0.42315
1.23 0.424012
1.26 0.424874
1.29 0.425738
1.32 0.426602
1.35 0.427468
1.38 0.428335
1.41 0.429203
1.44 0.430072
1.47 0.430942
1.5 0.431813
1.53 0.432685
1.56 0.433559
1.59 0.434433
1.62 0.435309
1.65 0.436186
1.68 0.437064
1.71 0.437942
1.74 0.438822
1.77 0.439704
1.8 0.440586
1.83 0.441469
1.86 0.442354
1.89 0.443239
1.92 0.444126
1.95 0.445014
1.98 0.445903
2.01 0.446793
2.04 0.447684
2.07 0.448576
2.1 0.449469
2.13 0.450364
2.16 0.451259
2.19 0.452156
2.22 0.453054
2.25 0.453953
2.28 0.454853
2.31 0.455754
2.34 0.456657
2.37 0.45756
2.4 0.458465
2.43 0.45937
2.46 0.460277
2.49 0.461185
2.52 0.462094
2.55 0.463005
2.58 0.463916
2.61 0.464828
2.64 0.465742
2.67 0.466657
2.7 0.467573
2.73 0.46849
2.76 0.469408
2.79 0.470327
2.82 0.471248
2.85 0.47217
2.88 0.473092
2.91 0.474016
2.94 0.474941
2.97 0.475867
3 0.476795
3.03 0.477723
3.06 0.478653
3.09 0.479584
3.12 0.480516
3.15 0.481449
3.18 0.482383
3.21 0.483319
3.24 0.484255
3.27 0.485193
3.3 0.486132
3.33 0.487072
3.36 0.488013
3.39 0.488955
3.42 0.489899
3.45 0.490844
3.48 0.491789
3.51 0.492736
3.54 0.493685
3.57 0.494634
3.6 0.495585
3.63 0.496536
3.66 0.497489
3.69 0.498443
3.72 0.499398
3.75 0.500355
3.78 0.501312
3.81 0.502271
3.84 0.503231
3.87 0.504192
3.9 0.505155
3.93 0.506118
3.96 0.507083
3.99 0.508049
4.02 0.509016
4.05 0.509984
4.08 0.510953
4.11 0.511924
4.14 0.512896
4.17 0.513869
4.2 0.514843
4.23 0.515818
4.26 0.516795
4.29 0.517773
4.32 0.518752
4.35 0.519732
4.38 0.520713
4.41 0.521696
4.44 0.52268
4.47 0.523665
4.5 0.524651
4.53 0.525638
4.56 0.526627
4.59 0.527617
4.62 0.528608
4.65 0.5296
4.68 0.530594
4.71 0.531589
4.74 0.532585
4.77 0.533582
4.8 0.53458
4.83 0.53558
4.86 0.536581
4.89 0.537583
4.92 0.538586
4.95 0.539591
4.98 0.540596
5.01 0.541603
5.04 0.542612
5.07 0.543621
5.1 0.544632
5.13 0.545644
5.16 0.546657
5.19 0.547672
5.22 0.548687
5.25 0.549704
5.28 0.550723
5.31 0.551742
5.34 0.552763
5.37 0.553785
5.4 0.554808
5.43 0.555833
5.46 0.556858
5.49 0.557885
5.52 0.558914
5.55 0.559943
5.58 0.560974
5.61 0.562006
5.64 0.56304
5.67 0.564075
5.7 0.565111
5.73 0.566148
5.76 0.567186
5.79 0.568226
5.82 0.569267
5.85 0.57031
5.88 0.571353
5.91 0.572398
5.94 0.573445
5.97 0.574492
6 0.575541
6.03 0.576591
6.06 0.577643
6.09 0.578696
6.12 0.57975
6.15 0.580805
6.18 0.581862
6.21 0.58292
6.24 0.58398
6.27 0.585041
6.3 0.586103
6.33 0.587166
6.36 0.588231
6.39 0.589297
6.42 0.590364
6.45 0.591433
6.48 0.592503
6.51 0.593575
6.54 0.594648
6.57 0.595722
6.6 0.596797
6.63 0.597874
6.66 0.598952
6.69 0.600032
6.72 0.601113
6.75 0.602195
6.78 0.603279
6.81 0.604364
6.84 0.605451
6.87 0.606539
6.9 0.607628
6.93 0.608719
6.96 0.609811
6.99 0.610904
7.02 0.611999
7.05 0.613095
7.08 0.614193
7.11 0.615292
7.14 0.616393
7.17 0.617495
7.2 0.618598
7.23 0.619703
7.26 0.620809
7.29 0.621917
7.32 0.623026
7.35 0.624137
7.38 0.625249
7.41 0.626362
7.44 0.627477
7.47 0.628593
7.5 0.629711
7.53 0.630831
7.56 0.631952
7.59 0.633074
7.62 0.634198
7.65 0.635323
7.68 0.63645
7.71 0.637578
7.74 0.638708
7.77 0.639839
7.8 0.640972
7.83 0.642106
7.86 0.643242
7.89 0.644379
7.92 0.645518
7.95 0.646658
7.98 0.6478
8.01 0.648944
8.04 0.650089
8.07 0.651236
8.1 0.652384
8.13 0.653533
8.16 0.654685
8.19 0.655838
8.22 0.656992
8.25 0.658148
8.28 0.659306
8.31 0.660465
8.34 0.661626
8.37 0.662789
8.4 0.663953
8.43 0.665118
8.46 0.666286
8.49 0.667455
8.52 0.668625
8.55 0.669798
8.58 0.670972
8.61 0.672147
8.64 0.673325
8.67 0.674504
8.7 0.675684
8.73 0.676867
8.76 0.678051
8.79 0.679237
8.82 0.680424
8.85 0.681613
8.88 0.682804
8.91 0.683997
8.94 0.685191
8.97 0.686387
9 0.687585
9.03 0.688785
9.06 0.689986
9.09 0.69119
9.12 0.692395
9.15 0.693602
9.18 0.69481
9.21 0.696021
9.24 0.697233
9.27 0.698447
9.3 0.699663
9.33 0.700881
9.36 0.7021
9.39 0.703322
9.42 0.704545
9.45 0.70577
9.48 0.706998
9.51 0.708227
9.54 0.709458
9.57 0.71069
9.6 0.711925
9.63 0.713162
9.66 0.714401
9.69 0.715641
9.72 0.716884
9.75 0.718129
9.78 0.719375
9.81 0.720624
9.84 0.721874
9.87 0.723127
9.9 0.724382
9.93 0.725638
9.96 0.726897
9.99 0.728158
10.02 0.729421
10.05 0.730686
10.08 0.731953
10.11 0.733222
10.14 0.734493
10.17 0.735767
10.2 0.737042
10.23 0.73832
10.26 0.7396
10.29 0.740882
10.32 0.742166
10.35 0.743453
10.38 0.744742
10.41 0.746033
10.44 0.747326
10.47 0.748621
10.5 0.749919
10.53 0.751219
10.56 0.752521
10.59 0.753826
10.62 0.755133
10.65 0.756442
10.68 0.757754
10.71 0.759068
10.74 0.760384
10.77 0.761703
10.8 0.763024
10.83 0.764348
10.86 0.765674
10.89 0.767003
10.92 0.768334
10.95 0.769667
10.98 0.771003
11.01 0.772342
11.04 0.773683
11.07 0.775027
11.1 0.776373
11.13 0.777722
11.16 0.779073
11.19 0.780427
11.22 0.781784
11.25 0.783143
11.28 0.784505
11.31 0.78587
11.34 0.787238
11.37 0.788608
11.4 0.789981
11.43 0.791356
11.46 0.792735
11.49 0.794116
11.52 0.7955
11.55 0.796887
11.58 0.798277
11.61 0.79967
11.64 0.801066
11.67 0.802464
11.7 0.803866
11.73 0.80527
11.76 0.806678
11.79 0.808088
11.82 0.809502
11.85 0.810918
11.88 0.812338
11.91 0.813761
11.94 0.815187
11.97 0.816616
12 0.818048
12.03 0.819483
12.06 0.820922
12.09 0.822364
12.12 0.823809
12.15 0.825257
12.18 0.826709
12.21 0.828164
12.24 0.829622
12.27 0.831084
12.3 0.832549
12.33 0.834018
12.36 0.83549
12.39 0.836965
12.42 0.838444
12.45 0.839927
12.48 0.841413
12.51 0.842903
12.54 0.844396
12.57 0.845893
12.6 0.847394
12.63 0.848899
12.66 0.850407
12.69 0.851919
12.72 0.853434
12.75 0.854954
12.78 0.856477
12.81 0.858005
12.84 0.859536
12.87 0.861071
12.9 0.86261
12.93 0.864153
12.96 0.865701
12.99 0.867252
13.02 0.868807
13.05 0.870367
13.08 0.871931
13.11 0.873498
13.14 0.875071
13.17 0.876647
13.2 0.878228
13.23 0.879813
13.26 0.881402
13.29 0.882996
13.32 0.884595
13.35 0.886197
13.38 0.887805
13.41 0.889417
13.44 0.891033
13.47 0.892654
13.5 0.89428
13.53 0.895911
13.56 0.897546
13.59 0.899186
13.62 0.900831
13.65 0.902481
13.68 0.904136
13.71 0.905795
13.74 0.90746
13.77 0.90913
13.8 0.910805
13.83 0.912485
13.86 0.91417
13.89 0.91586
13.92 0.917556
13.95 0.919257
13.98 0.920963
14.01 0.922674
14.04 0.924392
14.07 0.926114
14.1 0.927842
14.13 0.929576
14.16 0.931315
14.19 0.93306
14.22 0.934811
14.25 0.936567
14.28 0.93833
14.31 0.940098
14.34 0.941872
14.37 0.943652
14.4 0.945438
14.43 0.94723
14.46 0.949028
14.49 0.950833
14.52 0.952643
14.55 0.95446
14.58 0.956284
14.61 0.958114
14.64 0.95995
14.67 0.961792
14.7 0.963642
14.73 0.965498
14.76 0.96736
14.79 0.969229
14.82 0.971106
14.85 0.972989
14.88 0.974878
14.91 0.976775
14.94 0.978679
14.97 0.98059
15 0.982509
15.03 0.984434
15.06 0.986367
15.09 0.988307
15.12 0.990254
15.15 0.992209
15.18 0.994172
15.21 0.996142
15.24 0.99812
15.27 1.00011
15.3 1.0021
15.33 1.0041
15.36 1.00611
15.39 1.00813
15.42 1.01015
15.45 1.01219
15.48 1.01423
15.51 1.01628
15.54 1.01834
15.57 1.0204
15.6 1.02248
15.63 1.02456
15.66 1.02666
15.69 1.02876
15.72 1.03087
15.75 1.03299
15.78 1.03512
15.81 1.03726
15.84 1.0394
15.87 1.04156
15.9 1.04372
15.93 1.0459
15.96 1.04808
15.99 1.05028
16.02 1.05248
16.05 1.05469
16.08 1.05692
16.11 1.05915
16.14 1.06139
16.17 1.06365
16.2 1.06591
16.23 1.06819
16.26 1.07047
16.29 1.07277
16.32 1.07507
16.35 1.07739
16.38 1.07971
16.41 1.08205
16.44 1.0844
16.47 1.08676
16.5 1.08913
16.53 1.09152
16.56 1.09391
16.59 1.09631
16.62 1.09873
16.65 1.10116
16.68 1.1036
16.71 1.10605
16.74 1.10852
16.77 1.111
16.8 1.11348
16.83 1.11599
16.86 1.1185
16.89 1.12103
16.92 1.12356
16.95 1.12612
16.98 1.12868
17.01 1.13126
17.04 1.13385
17.07 1.13646
17.1 1.13907
17.13 1.14171
17.16 1.14435
17.19 1.14701
17.22 1.14968
17.25 1.15237
17.28 1.15507
17.31 1.15779
17.34 1.16052
17.37 1.16326
17.4 1.16602
17.43 1.1688
17.46 1.17159
17.49 1.17439
17.52 1.17721
17.55 1.18005
17.58 1.1829
17.61 1.18577
17.64 1.18865
17.67 1.19155
17.7 1.19447
17.73 1.1974
17.76 1.20035
17.79 1.20331
17.82 1.2063
17.85 1.2093
17.88 1.21231
17.91 1.21535
17.94 1.2184
17.97 1.22147
18 1.22456
18.03 1.22766
18.06 1.23079
18.09 1.23393
18.12 1.2371
18.15 1.24028
18.18 1.24348
18.21 1.2467
18.24 1.24994
18.27 1.2532
18.3 1.25647
18.33 1.25977
18.36 1.26309
18.39 1.26644
18.42 1.2698
18.45 1.27318
18.48 1.27659
18.51 1.28001
18.54 1.28346
18.57 1.28693
18.6 1.29042
18.63 1.29394
18.66 1.29748
18.69 1.30104
18.72 1.30463
18.75 1.30824
18.78 1.31187
18.81 1.31553
18.84 1.31921
18.87 1.32292
18.9 1.32666
18.93 1.33042
18.96 1.3342
18.99 1.33801
19.02 1.34185
19.05 1.34572
19.08 1.34962
19.11 1.35354
19.14 1.35749
19.17 1.36147
19.2 1.36548
19.23 1.36952
19.26 1.37359
19.29 1.37769
19.32 1.38182
19.35 1.38598
19.38 1.39018
19.41 1.3944
19.44 1.39866
19.47 1.40296
19.5 1.40729
19.53 1.41165
19.56 1.41605
19.59 1.42048
19.62 1.42495
19.65 1.42946
19.68 1.43401
19.71 1.43859
19.74 1.44322
19.77 1.44788
19.8 1.45259
19.83 1.45734
19.86 1.46212
19.89 1.46696
19.92 1.47183
19.95 1.47675
19.98 1.48172
20.01 1.48673
20.04 1.4918
20.07 1.49691
20.1 1.50207
20.13 1.50728
20.16 1.51254
20.19 1.51785
20.22 1.52322
20.25 1.52865
20.28 1.53413
20.31 1.53966
20.34 1.54526
20.37 1.55092
20.4 1.55664
20.43 1.56242
20.46 1.56827
20.49 1.57418
20.52 1.58016
20.55 1.58621
20.58 1.59234
20.61 1.59853
20.64 1.6048
20.67 1.61115
20.7 1.61757
20.73 1.62408
20.76 1.63067
20.79 1.63734
20.82 1.6441
20.85 1.65095
20.88 1.65789
20.91 1.66492
20.94 1.67205
20.97 1.67928
21 1.68661
21.03 1.69405
21.06 1.70159
21.09 1.70924
21.12 1.71701
21.15 1.72489
21.18 1.73289
21.21 1.74101
21.24 1.74926
21.27 1.75764
21.3 1.76615
21.33 1.7748
21.36 1.78359
21.39 1.79252
21.42 1.8016
21.45 1.81083
21.48 1.82022
21.51 1.82977
21.54 1.83948
21.57 1.84937
21.6 1.85943
21.63 1.86966
21.66 1.88009
21.69 1.8907
21.72 1.9015
21.75 1.9125
21.78 1.9237
21.81 1.93512
21.84 1.94675
21.87 1.95859
21.9 1.97066
21.93 1.98297
21.96 1.9955
21.99 2.00828
22.02 2.02131
22.05 2.03458
22.08 2.04812
22.11 2.06191
22.14 2.07598
22.17 2.09032
22.2 2.10493
22.23 2.11983
22.26 2.13502
22.29 2.1505
22.32 2.16627
22.35 2.18235
22.38 2.19872
22.41 2.21541
22.44 2.23241
22.47 2.24972
22.5 2.26734
22.53 2.28528
22.56 2.30354
22.59 2.32211
22.62 2.341
22.65 2.3602
22.68 2.37972
22.71 2.39955
22.74 2.41968
22.77 2.44011
22.8 2.46084
22.83 2.48186
22.86 2.50316
22.89 2.52474
22.92 2.54657
22.95 2.56866
22.98 2.59099
23.01 2.61354
23.04 2.6363
23.07 2.65926
23.1 2.6824
23.13 2.7057
23.16 2.72914
23.19 2.7527
23.22 2.77637
23.25 2.80011
23.28 2.82391
23.31 2.84775
23.34 2.87159
23.37 2.89542
23.4 2.91921
23.43 2.94294
23.46 2.96658
23.49 2.99011
23.52 3.0135
23.55 3.03673
23.58 3.05978
23.61 3.08261
23.64 3.10521
23.67 3.12756
23.7 3.14963
23.73 3.17141
23.76 3.19288
23.79 3.21401
23.82 3.2348
23.85 3.25523
23.88 3.27527
23.91 3.29494
23.94 3.3142
23.97 3.33305
24 3.35149
24.03 3.3695
24.06 3.38709
24.09 3.40425
24.12 3.42097
24.15 3.43726
24.18 3.45311
24.21 3.46853
24.24 3.48352
24.27 3.49808
24.3 3.51222
24.33 3.52594
24.36 3.53925
24.39 3.55216
24.42 3.56466
24.45 3.57677
24.48 3.58851
24.51 3.59986
24.54 3.61086
24.57 3.62149
24.6 3.63178
24.63 3.64174
24.66 3.65136
24.69 3.66067
24.72 3.66967
24.75 3.67837
24.78 3.68678
24.81 3.69491
24.84 3.70276
24.87 3.71036
24.9 3.7177
24.93 3.7248
24.96 3.73166
24.99 3.7383
25.02 3.74471
25.05 3.75092
25.08 3.75692
25.11 3.76272
25.14 3.76833
25.17 3.77375
25.2 3.779
25.23 3.78408
25.26 3.789
25.29 3.79376
25.32 3.79836
25.35 3.80282
25.38 3.80713
25.41 3.81131
25.44 3.81535
25.47 3.81927
25.5 3.82306
25.53 3.82674
25.56 3.8303
25.59 3.83375
25.62 3.83709
25.65 3.84033
25.68 3.84347
25.71 3.84651
25.74 3.84946
25.77 3.85232
25.8 3.85509
25.83 3.85778
25.86 3.86038
25.89 3.86291
25.92 3.86536
25.95 3.86774
25.98 3.87004
26.01 3.87228
26.04 3.87445
26.07 3.87655
26.1 3.87859
26.13 3.88057
26.16 3.88249
26.19 3.88436
26.22 3.88617
26.25 3.88792
26.28 3.88962
26.31 3.89127
26.34 3.89288
26.37 3.89443
26.4 3.89594
26.43 3.89741
26.46 3.89883
26.49 3.90021
26.52 3.90155
26.55 3.90285
26.58 3.90411
26.61 3.90534
26.64 3.90653
26.67 3.90768
26.7 3.9088
26.73 3.90989
26.76 3.91095
26.79 3.91197
26.82 3.91297
26.85 3.91393
26.88 3.91487
26.91 3.91578
26.94 3.91666
26.97 3.91752
27 3.91835
27.03 3.91916
27.06 3.91995
27.09 3.92071
27.12 3.92145
27.15 3.92216
27.18 3.92286
27.21 3.92354
27.24 3.92419
27.27 3.92483
27.3 3.92545
27.33 3.92605
27.36 3.92664
27.39 3.9272
27.42 3.92775
27.45 3.92828
27.48 3.9288
27.51 3.92931
27.54 3.92979
27.57 3.93027
27.6 3.93073
27.63 3.93117
27.66 3.93161
27.69 3.93203
27.72 3.93244
27.75 3.93283
27.78 3.93322
27.81 3.93359
27.84 3.93395
27.87 3.93431
27.9 3.93465
27.93 3.93498
27.96 3.9353
27.99 3.93561
28.02 3.93591
28.05 3.93621
28.08 3.93649
28.11 3.93677
28.14 3.93704
28.17 3.9373
28.2 3.93755
28.23 3.93779
28.26 3.93803
28.29 3.93826
28.32 3.93848
28.35 3.9387
28.38 3.93891
28.41 3.93911
28.44 3.93931
28.47 3.9395
28.5 3.93969
28.53 3.93987
28.56 3.94004
28.59 3.94021
28.62 3.94037
28.65 3.94053
28.68 3.94068
28.71 3.94083
28.74 3.94097
28.77 3.94111
28.8 3.94124
28.83 3.94137
28.86 3.9415
28.89 3.94162
28.92 3.94174
28.95 3.94185
28.98 3.94196
29.01 3.94206
29.04 3.94217
29.07 3.94226
29.1 3.94236
29.13 3.94245
29.16 3.94254
29.19 3.94262
29.22 3.94271
29.25 3.94278
29.28 3.94286
29.31 3.94293
29.34 3.943
29.37 3.94307
29.4 3.94314
29.43 3.9432
29.46 3.94326
29.49 3.94332
29.52 3.94337
29.55 3.94342
29.58 3.94347
29.61 3.94352
29.64 3.94357
29.67 3.94361
29.7 3.94365
29.73 3.94369
29.76 3.94373
29.79 3.94377
29.82 3.9438
29.85 3.94383
29.88 3.94386
29.91 3.94389
29.94 3.94392
29.97 3.94394
30 3.94397
30.001 0
