0 5
0.03 4.88297
0.06 4.88305
0.09 4.88314
0.12 4.88322
0.15 4.88331
0.18 4.88339
0.21 4.88348
0.24 4.88356
0.27 4.88365
0.3 4.88373
0.33 4.88382
0.36 4.88391
0.39 4.88399
0.42 4.88408
0.45 4.88416
0.48 4.88425
0.51 4.88434
0.54 4.88442
0.57 4.88451
0.6 4.8846
0.63 4.88469
0.66 4.88478
0.69 4.88486
0.72 4.88495
0.75 4.88504
0.78 4.88513
0.81 4.88522
0.84 4.88531
0.87 4.8854
0.9 4.88549
0.93 4.88557
0.96 4.88566
0.99 4.88575
1.02 4.88584
1.05 4.88594
1.08 4.88603
1.11 4.88612
1.14 4.88621
1.17 4.8863
1.2 4.88639
1.23 4.88648
1.26 4.88657
1.29 4.88667
1.32 4.88676
1.35 4.88685
1.38 4.88694
1.41 4.88704
1.44 4.88713
1.47 4.88722
1.5 4.88732
1.53 4.88741
1.56 4.8875
1.59 4.8876
1.62 4.88769
1.65 4.88779
1.68 4.88788
1.71 4.88798
1.74 4.88807
1.77 4.88817
1.8 4.88826
1.83 4.88836
1.86 4.88845
1.89 4.88855
1.92 4.88865
1.95 4.88874
1.98 4.88884
2.01 4.88894
2.04 4.88903
2.07 4.88913
2.1 4.88923
2.13 4.88933
2.16 4.88943
2.19 4.88952
2.22 4.88962
2.25 4.88972
2.28 4.88982
2.31 4.88992
2.34 4.89002
2.37 4.89012
2.4 4.89022
2.43 4.89032
2.46 4.89042
2.49 4.89052
2.52 4.89062
2.55 4.89072
2.58 4.89082
2.61 4.89092
2.64 4.89103
2.67 4.89113
2.7 4.89123
2.73 4.89133
2.76 4.89144
2.79 4.89154
2.82 4.89164
2.85 4.89174
2.88 4.89185
2.91 4.89195
2.94 4.89206
2.97 4.89216
3 4.89226
3.03 4.89237
3.06 4.89247
3.09 4.89258
3.12 4.89268
3.15 4.89279
3.18 4.8929
3.21 4.893
3.24 4.89311
3.27 4.89322
3.3 4.89332
3.33 4.89343
3.36 4.89354
3.39 4.89364
3.42 4.89375
3.45 4.89386
3.48 4.89397
3.51 4.89408
3.54 4.89419
3.57 4.89429
3.6 4.8944
3.63 4.89451
3.66 4.89462
3.69 4.89473
3.72 4.89484
3.75 4.89495
3.78 4.89506
3.81 4.89518
3.84 4.89529
3.87 4.8954
3.9 4.89551
3.93 4.89562
3.96 4.89573
3.99 4.89585
4.02 4.89596
4.05 4.89607
4.08 4.89618
4.11 4.8963
4.14 4.89641
4.17 4.89653
4.2 4.89664
4.23 4.89675
4.26 4.89687
4.29 4.89698
4.32 4.8971
4.35 4.89722
4.38 4.89733
4.41 4.89745
4.44 4.89756
4.47 4.89768
4.5 4.8978
4.53 4.89791
4.56 4.89803
4.59 4.89815
4.62 4.89827
4.65 4.89839
4.68 4.8985
4.71 4.89862
4.74 4.89874
4.77 4.89886
4.8 4.89898
4.83 4.8991
4.86 4.89922
4.89 4.89934
4.92 4.89946
4.95 4.89958
4.98 4.8997
5.01 4.89982
5.04 4.89995
5.07 4.90007
5.1 4.90019
5.13 4.90031
5.16 4.90043
5.19 4.90056
5.22 4.90068
5.25 4.9008
5.28 4.90093
5.31 4.90105
5.34 4.90118
5.37 4.9013
5.4 4.90143
5.43 4.90155
5.46 4.90168
5.49 4.9018
5.52 4.90193
5.55 4.90206
5.58 4.90218
5.61 4.90231
5.64 4.90244
5.67 4.90257
5.7 4.90269
5.73 4.90282
5.76 4.90295
5.79 4.90308
5.82 4.90321
5.85 4.90334
5.88 4.90347
5.91 4.9036
5.94 4.90373
5.97 4.90386
6 4.90399
6.03 4.90412
6.06 4.90425
6.09 4.90438
6.12 4.90451
6.15 4.90465
6.18 4.90478
6.21 4.90491
6.24 4.90505
6.27 4.90518
6.3 4.90531
6.33 4.90545
6.36 4.90558
6.39 4.90572
6.42 4.90585
6.45 4.90599
6.48 4.90612
6.51 4.90626
6.54 4.9064
6.57 4.90653
6.6 4.90667
6.63 4.90681
6.66 4.90694
6.69 4.90708
6.72 4.90722
6.75 4.90736
6.78 4.9075
6.81 4.90764
6.84 4.90778
6.87 4.90792
6.9 4.90806
6.93 4.9082
6.96 4.90834
6.99 4.90848
7.02 4.90862
7.05 4.90876
7.08 4.90891
7.11 4.90905
7.14 4.90919
7.17 4.90933
7.2 4.90948
7.23 4.90962
7.26 4.90977
7.29 4.90991
7.32 4.91006
7.35 4.9102
7.38 4.91035
7.41 4.91049
7.44 4.91064
7.47 4.91079
7.5 4.91093
7.53 4.91108
7.56 4.91123
7.59 4.91138
7.62 4.91152
7.65 4.91167
7.68 4.91182
7.71 4.91197
7.74 4.91212
7.77 4.91227
7.8 4.91242
7.83 4.91257
7.86 4.91273
7.89 4.91288
7.92 4.91303
7.95 4.91318
7.98 4.91333
8.01 4.91349
8.04 4.91364
8.07 4.9138
8.1 4.91395
8.13 4.9141
8.16 4.91426
8.19 4.91441
8.22 4.91457
8.25 4.91473
8.28 4.91488
8.31 4.91504
8.34 4.9152
8.37 4.91536
8.4 4.91551
8.43 4.91567
8.46 4.91583
8.49 4.91599
8.52 4.91615
8.55 4.91631
8.58 4.91647
8.61 4.91663
8.64 4.91679
8.67 4.91695
8.7 4.91712
8.73 4.91728
8.76 4.91744
8.79 4.91761
8.82 4.91777
8.85 4.91793
8.88 4.9181
8.91 4.91826
8.94 4.91843
8.97 4.91859
9 4.91876
9.03 4.91893
9.06 4.91909
9.09 4.91926
9.12 4.91943
9.15 4.9196
9.18 4.91977
9.21 4.91994
9.24 4.92011
9.27 4.92028
9.3 4.92045
9.33 4.92062
9.36 4.92079
9.39 4.92096
9.42 4.92113
9.45 4.92131
9.48 4.92148
9.51 4.92165
9.54 4.92183
9.57 4.922
9.6 4.92218
9.63 4.92235
9.66 4.92253
9.69 4.92271
9.72 4.92288
9.75 4.92306
9.78 4.92324
9.81 4.92342
9.84 4.9236
9.87 4.92378
9.9 4.92396
9.93 4.92414
9.96 4.92432
9.99 4.9245
10.02 4.92468
10.05 4.92486
10.08 4.92505
10.11 4.92523
10.14 4.92541
10.17 4.9256
10.2 4.92578
10.23 4.92597
10.26 4.92616
10.29 4.92634
10.32 4.92653
10.35 4.92672
10.38 4.9269
10.41 4.92709
10.44 4.92728
10.47 4.92747
10.5 4.92766
10.53 4.92785
10.56 4.92805
10.59 4.92824
10.62 4.92843
10.65 4.92862
10.68 4.92882
10.71 4.92901
10.74 4.92921
10.77 4.9294
10.8 4.9296
10.83 4.92979
10.86 4.92999
10.89 4.93019
10.92 4.93039
10.95 4.93059
10.98 4.93078
11.01 4.93098
11.04 4.93119
11.07 4.93139
11.1 4.93159
11.13 4.93179
11.16 4.93199
11.19 4.9322
11.22 4.9324
11.25 4.93261
11.28 4.93281
11.31 4.93302
11.34 4.93323
11.37 4.93343
11.4 4.93364
11.43 4.93385
11.46 4.93406
11.49 4.93427
11.52 4.93448
11.55 4.93469
11.58 4.93491
11.61 4.93512
11.64 4.93533
11.67 4.93555
11.7 4.93576
11.73 4.93598
11.76 4.93619
11.79 4.93641
11.82 4.93663
11.85 4.93685
11.88 4.93707
11.91 4.93729
11.94 4.93751
11.97 4.93773
12 4.93795
12.03 4.93817
12.06 4.9384
12.09 4.93862
12.12 4.93885
12.15 4.93907
12.18 4.9393
12.21 4.93953
12.24 4.93976
12.27 4.93999
12.3 4.94022
12.33 4.94045
12.36 4.94068
12.39 4.94091
12.42 4.94114
12.45 4.94138
12.48 4.94161
12.51 4.94185
12.54 4.94208
12.57 4.94232
12.6 4.94256
12.63 4.9428
12.66 4.94304
12.69 4.94328
12.72 4.94352
12.75 4.94377
12.78 4.94401
12.81 4.94425
12.84 4.9445
12.87 4.94475
12.9 4.94499
12.93 4.94524
12.96 4.94549
12.99 4.94574
13.02 4.94599
13.05 4.94624
13.08 4.9465
13.11 4.94675
13.14 4.94701
13.17 4.94726
13.2 4.94752
13.23 4.94778
13.26 4.94804
13.29 4.9483
13.32 4.94856
13.35 4.94882
13.38 4.94908
13.41 4.94935
13.44 4.94961
13.47 4.94988
13.5 4.95015
13.53 4.95041
13.56 4.95068
13.59 4.95096
13.62 4.95123
13.65 4.9515
13.68 4.95178
13.71 4.95205
13.74 4.95233
13.77 4.9526
13.8 4.95288
13.83 4.95316
13.86 4.95345
13.89 4.95373
13.92 4.95401
13.95 4.9543
13.98 4.95458
14.01 4.95487
14.04 4.95516
14.07 4.95545
14.1 4.95574
14.13 4.95603
14.16 4.95633
14.19 4.95662
14.22 4.95692
14.25 4.95722
14.28 4.95752
14.31 4.95782
14.34 4.95812
14.37 4.95842
14.4 4.95873
14.43 4.95904
14.46 4.95934
14.49 4.95965
14.52 4.95996
14.55 4.96028
14.58 4.96059
14.61 4.96091
14.64 4.96122
14.67 4.96154
14.7 4.96186
14.73 4.96218
14.76 4.9625
14.79 4.96283
14.82 4.96315
14.85 4.96348
14.88 4.96381
14.91 4.96414
14.94 4.96448
14.97 4.96481
15 4.96515
15.03 4.96548
15.06 4.96582
15.09 4.96616
15.12 4.96651
15.15 4.96685
15.18 4.9672
15.21 4.96755
15.24 4.9679
15.27 4.96825
15.3 4.9686
15.33 4.96896
15.36 4.96932
15.39 4.96968
15.42 4.97004
15.45 4.9704
15.48 4.97077
15.51 4.97113
15.54 4.9715
15.57 4.97187
15.6 4.97225
15.63 4.97262
15.66 4.973
15.69 4.97338
15.72 4.97376
15.75 4.97414
15.78 4.97453
15.81 4.97492
15.84 4.97531
15.87 4.9757
15.9 4.9761
15.93 4.97649
15.96 4.97689
15.99 4.97729
16.02 4.9777
16.05 4.9781
16.08 4.97851
16.11 4.97892
16.14 4.97934
16.17 4.97975
16.2 4.98017
16.23 4.98059
16.26 4.98102
16.29 4.98144
16.32 4.98187
16.35 4.9823
16.38 4.98274
16.41 4.98317
16.44 4.98361
16.47 4.98405
16.5 4.9845
16.53 4.98494
16.56 4.98539
16.59 4.98585
16.62 4.9863
16.65 4.98676
16.68 4.98722
16.71 4.98769
16.74 4.98815
16.77 4.98862
16.8 4.9891
16.83 4.98957
16.86 4.99005
16.89 4.99053
16.92 4.99102
16.95 4.99151
16.98 4.992
17.01 4.99249
17.04 4.99299
17.07 4.99349
17.1 4.994
17.13 4.99451
17.16 4.99502
17.19 4.99553
17.22 4.99605
17.25 4.99657
17.28 4.9971
17.31 4.99763
17.34 4.99816
17.37 4.9987
17.4 4.99923
17.43 4.99978
17.46 5.00033
17.49 5.00088
17.52 5.00143
17.55 5.00199
17.58 5.00255
17.61 5.00312
17.64 5.00369
17.67 5.00426
17.7 5.00484
17.73 5.00542
17.76 5.00601
17.79 5.0066
17.82 5.0072
17.85 5.0078
17.88 5.0084
17.91 5.00901
17.94 5.00962
17.97 5.01024
18 5.01086
18.03 5.01149
18.06 5.01212
18.09 5.01275
18.12 5.01339
18.15 5.01404
18.18 5.01469
18.21 5.01534
18.24 5.016
18.27 5.01666
18.3 5.01733
18.33 5.01801
18.36 5.01869
18.39 5.01937
18.42 5.02006
18.45 5.02076
18.48 5.02146
18.51 5.02217
18.54 5.02288
18.57 5.0236
18.6 5.02432
18.63 5.02505
18.66 5.02578
18.69 5.02652
18.72 5.02727
18.75 5.02802
18.78 5.02878
18.81 5.02955
18.84 5.03032
18.87 5.03109
18.9 5.03188
18.93 5.03267
18.96 5.03346
18.99 5.03427
19.02 5.03508
19.05 5.0359
19.08 5.03672
19.11 5.03755
19.14 5.03839
19.17 5.03923
19.2 5.04009
19.23 5.04095
19.26 5.04182
19.29 5.04269
19.32 5.04357
19.35 5.04447
19.38 5.04536
19.41 5.04627
19.44 5.04719
19.47 5.04811
19.5 5.04904
19.53 5.04998
19.56 5.05093
19.59 5.05189
19.62 5.05286
19.65 5.05384
19.68 5.05482
19.71 5.05582
19.74 5.05683
19.77 5.05784
19.8 5.05887
19.83 5.0599
19.86 5.06095
19.89 5.06201
19.92 5.06307
19.95 5.06415
19.98 5.06524
20.01 5.06634
20.04 5.06746
20.07 5.06858
20.1 5.06972
20.13 5.07087
20.16 5.07203
20.19 5.0732
20.22 5.07439
20.25 5.07559
20.28 5.07681
20.31 5.07804
20.34 5.07928
20.37 5.08054
20.4 5.08181
20.43 5.0831
20.46 5.0844
20.49 5.08572
20.52 5.08705
20.55 5.08841
20.58 5.08978
20.61 5.09116
20.64 5.09257
20.67 5.09399
20.7 5.09543
20.73 5.09689
20.76 5.09837
20.79 5.09987
20.82 5.10139
20.85 5.10293
20.88 5.1045
20.91 5.10608
20.94 5.10769
20.97 5.10932
21 5.11098
21.03 5.11266
21.06 5.11436
21.09 5.1161
21.12 5.11785
21.15 5.11964
21.18 5.12145
21.21 5.12329
21.24 5.12516
21.27 5.12706
21.3 5.12899
21.33 5.13095
21.36 5.13295
21.39 5.13498
21.42 5.13704
21.45 5.13914
21.48 5.14127
21.51 5.14344
21.54 5.14565
21.57 5.14789
21.6 5.15018
21.63 5.1525
21.66 5.15487
21.69 5.15728
21.72 5.15973
21.75 5.16223
21.78 5.16477
21.81 5.16736
21.84 5.17
21.87 5.17268
21.9 5.17542
21.93 5.1782
21.96 5.18103
21.99 5.18392
22.02 5.18686
22.05 5.18986
22.08 5.19291
22.11 5.19601
22.14 5.19917
22.17 5.20239
22.2 5.20566
22.23 5.209
22.26 5.21239
22.29 5.21584
22.32 5.21935
22.35 5.22291
22.38 5.22654
22.41 5.23023
22.44 5.23397
22.47 5.23777
22.5 5.24163
22.53 5.24555
22.56 5.24952
22.59 5.25355
22.62 5.25763
22.65 5.26176
22.68 5.26594
22.71 5.27017
22.74 5.27444
22.77 5.27876
22.8 5.28311
22.83 5.28751
22.86 5.29193
22.89 5.29639
22.92 5.30087
22.95 5.30537
22.98 5.3099
23.01 5.31443
23.04 5.31898
23.07 5.32353
23.1 5.32808
23.13 5.33262
23.16 5.33715
23.19 5.34167
23.22 5.34617
23.25 5.35064
23.28 5.35508
23.31 5.35949
23.34 5.36385
23.37 5.36817
23.4 5.37244
23.43 5.37666
23.46 5.38082
23.49 5.38493
23.52 5.38897
23.55 5.39294
23.58 5.39684
23.61 5.40068
23.64 5.40444
23.67 5.40812
23.7 5.41174
23.73 5.41528
23.76 5.41874
23.79 5.42213
23.82 5.42544
23.85 5.42868
23.88 5.43185
23.91 5.43494
23.94 5.43796
23.97 5.44092
24 5.44381
24.03 5.44664
24.06 5.4494
24.09 5.4521
24.12 5.45475
24.15 5.45733
24.18 5.45987
24.21 5.46235
24.24 5.46478
24.27 5.46716
24.3 5.4695
24.33 5.47179
24.36 5.47404
24.39 5.47625
24.42 5.47843
24.45 5.48056
24.48 5.48266
24.51 5.48472
24.54 5.48674
24.57 5.48874
24.6 5.4907
24.63 5.49264
24.66 5.49454
24.69 5.49641
24.72 5.49825
24.75 5.50007
24.78 5.50186
24.81 5.50362
24.84 5.50535
24.87 5.50706
24.9 5.50874
24.93 5.5104
24.96 5.51203
24.99 5.51364
25.02 5.51522
25.05 5.51678
25.08 5.51831
25.11 5.51982
25.14 5.5213
25.17 5.52276
25.2 5.5242
25.23 5.52561
25.26 5.527
25.29 5.52837
25.32 5.52972
25.35 5.53104
25.38 5.53234
25.41 5.53361
25.44 5.53487
25.47 5.5361
25.5 5.53731
25.53 5.5385
25.56 5.53967
25.59 5.54082
25.62 5.54194
25.65 5.54305
25.68 5.54413
25.71 5.5452
25.74 5.54624
25.77 5.54726
25.8 5.54827
25.83 5.54925
25.86 5.55022
25.89 5.55117
25.92 5.5521
25.95 5.55301
25.98 5.5539
26.01 5.55478
26.04 5.55563
26.07 5.55647
26.1 5.5573
26.13 5.5581
26.16 5.55889
26.19 5.55967
26.22 5.56042
26.25 5.56117
26.28 5.56189
26.31 5.56261
26.34 5.5633
26.37 5.56399
26.4 5.56465
26.43 5.56531
26.46 5.56595
26.49 5.56658
26.52 5.56719
26.55 5.56779
26.58 5.56838
26.61 5.56895
26.64 5.56952
26.67 5.57007
26.7 5.57061
26.73 5.57114
26.76 5.57166
26.79 5.57216
26.82 5.57266
26.85 5.57314
26.88 5.57362
26.91 5.57408
26.94 5.57454
26.97 5.57498
27 5.57542
27.03 5.57585
27.06 5.57626
27.09 5.57667
27.12 5.57707
27.15 5.57746
27.18 5.57785
27.21 5.57822
27.24 5.57859
27.27 5.57895
27.3 5.5793
27.33 5.57965
27.36 5.57998
27.39 5.58031
27.42 5.58064
27.45 5.58095
27.48 5.58126
27.51 5.58157
27.54 5.58186
27.57 5.58216
27.6 5.58244
27.63 5.58272
27.66 5.58299
27.69 5.58326
27.72 5.58352
27.75 5.58378
27.78 5.58403
27.81 5.58428
27.84 5.58452
27.87 5.58476
27.9 5.58499
27.93 5.58522
27.96 5.58544
27.99 5.58566
28.02 5.58587
28.05 5.58608
28.08 5.58629
28.11 5.58649
28.14 5.58669
28.17 5.58688
28.2 5.58707
28.23 5.58726
28.26 5.58744
28.29 5.58762
28.32 5.58779
28.35 5.58796
28.38 5.58813
28.41 5.5883
28.44 5.58846
28.47 5.58862
28.5 5.58878
28.53 5.58893
28.56 5.58908
28.59 5.58923
28.62 5.58937
28.65 5.58951
28.68 5.58965
28.71 5.58979
28.74 5.58992
28.77 5.59005
28.8 5.59018
28.83 5.59031
28.86 5.59043
28.89 5.59055
28.92 5.59067
28.95 5.59079
28.98 5.59091
29.01 5.59102
29.04 5.59113
29.07 5.59124
29.1 5.59135
29.13 5.59145
29.16 5.59156
29.19 5.59166
29.22 5.59176
29.25 5.59185
29.28 5.59195
29.31 5.59204
29.34 5.59214
29.37 5.59223
29.4 5.59232
29.43 5.59241
29.46 5.59249
29.49 5.59258
29.52 5.59266
29.55 5.59274
29.58 5.59282
29.61 5.5929
29.64 5.59298
29.67 5.59305
29.7 5.59313
29.73 5.5932
29.76 5.59328
29.79 5.59335
29.82 5.59342
29.85 5.59349
29.88 5.59355
29.91 5.59362
29.94 5.59369
29.97 5.59375
30 5.59381
30.001 5
