0 0.00748035
1 0.00156687
2 0.010867
3 -0.00981078
4 -0.00948643
5 0.00501799
6 0.00616593
7 0.00450159
8 -0.0178137
9 -0.0212463
10 -0.00581784
11 -0.00372046
12 -0.0203944
13 -0.0166977
14 -0.0174534
15 -0.0542993
16 -0.020112
17 -0.0236814
18 -0.0376034
19 -0.054599
20 -0.078319
21 -0.0982853
22 -0.0516752
23 -0.0740459
24 -0.0922334
25 -0.116051
26 -0.105014
27 -0.13269
28 -0.0852315
29 -0.159761
30 -0.155187
31 -0.297696
32 -0.229406
33 -0.251713
34 -0.312237
35 -0.338374
36 -0.386112
37 -0.422303
38 -0.34377
39 -0.452791
40 -0.418969
41 -0.493024
42 -0.628481
43 -0.675873
44 -0.700858
45 -0.724317
46 -0.789951
47 -0.816314
48 -0.865185
49 -0.846647
50 -1.13698
51 -1.16176
52 -1.13008
53 -1.18437
54 -1.22089
55 -1.28868
56 -1.24633
57 -1.43386
58 -1.57235
59 -1.57373
60 -1.74249
61 -1.67417
62 -1.84887
63 -1.99318
64 -2.09008
65 -2.04924
66 -2.36255
67 -2.22986
68 -2.20541
69 -2.5195
70 -2.4966
71 -2.54316
72 -2.80812
73 -2.86565
74 -3.04405
75 -3.03135
76 -2.88715
77 -2.78289
78 -3.07184
79 -3.15449
80 -3.20117
81 -3.1656
82 -3.22537
83 -3.30996
84 -3.47665
85 -3.49194
86 -3.32814
87 -3.32781
88 -3.40326
89 -3.28594
90 -3.44849
91 -3.44786
92 -3.49606
93 -3.47782
94 -3.55264
95 -3.39899
96 -3.64226
97 -3.77633
98 -3.78446
99 -3.40518
100 -3.74998
101 -3.85048
102 -3.39222
103 -3.44659
104 -3.78911
105 -3.8828
106 -3.55382
107 -3.78482
108 -3.64348
109 -3.4555
110 -3.40805
111 -3.281
112 -3.34592
113 -3.27393
114 -3.43155
115 -3.40857
116 -3.45341
117 -3.31508
118 -3.30846
119 -3.4947
120 -3.38405
121 -3.12122
122 -3.16774
123 -3.40329
124 -3.51309
125 -3.32352
126 -3.30005
127 -3.1632
128 -3.27715
129 -3.25664
130 -3.21591
131 -3.05695
132 -3.30339
133 -3.36654
134 -3.38173
135 -3.09881
136 -3.4057
137 -3.17714
138 -3.26009
139 -3.14716
140 -3.20576
141 -3.16418
142 -3.1253
143 -3.09922
144 -3.21484
145 -3.08229
146 -3.05275
147 -3.24308
148 -3.31549
149 -3.14857
150 -3.34275
151 -3.30229
152 -3.35393
153 -3.11035
154 -3.09535
155 -3.10441
156 -3.33885
157 -3.32941
158 -3.19482
159 -3.13217
160 -3.08076
161 -2.93194
162 -2.94282
163 -3.05673
164 -3.08397
165 -3.18442
166 -3.01138
167 -2.88386
168 -2.98811
169 -3.05021
170 -3.03376
171 -3.14579
172 -2.9267
173 -3.07552
174 -3.09199
175 -2.8552
176 -3.14207
177 -3.16607
178 -3.26552
179 -3.20318
180 -3.25295
181 -2.78503
182 -3.1226
183 -2.86286
184 -3.17185
185 -2.94195
186 -2.69345
187 -2.82631
188 -2.90589
189 -3.13908
190 -2.77483
191 -2.77076
192 -2.79899
193 -2.82028
194 -2.78149
195 -2.85702
196 -2.8074
197 -3.00773
198 -2.88917
199 -2.6066
200 -2.55545
201 -2.7966
202 -2.86264
203 -2.63693
204 -2.888
205 -2.82064
206 -2.72565
207 -2.77788
208 -2.85453
209 -2.9379
210 -2.80976
211 -2.64266
212 -2.66532
213 -2.62395
214 -2.50371
215 -2.73
216 -2.52877
217 -2.86968
218 -2.87438
219 -2.84716
220 -2.73095
221 -2.77568
222 -2.84169
223 -2.78692
224 -2.61731
225 -2.70461
226 -2.71729
227 -2.66604
228 -2.75955
229 -2.38519
230 -2.64385
231 -2.58673
232 -2.6226
233 -2.739
234 -2.09974
235 -2.4678
236 -2.22257
237 -2.10851
238 -2.29645
239 -2.32114
240 -2.18218
241 -2.31241
242 -2.08868
243 -2.1481
244 -2.08287
245 -2.21273
246 -2.48072
247 -2.11072
248 -2.24657
249 -2.49947
250 -2.08479
251 -2.19245
252 -2.3429
253 -2.26021
254 -2.17621
255 -2.31399
256 -2.23307
257 -2.37554
258 -2.24046
259 -2.14714
260 -2.28458
261 -2.23403
262 -2.282
263 -2.17446
264 -2.24306
265 -2.28582
266 -2.14651
267 -2.3971
268 -2.03626
269 -2.36695
270 -2.2918
271 -2.35745
272 -2.34331
273 -2.2788
274 -2.10477
275 -2.12749
276 -2.21989
277 -2.32539
278 -2.27733
279 -2.28399
280 -1.9903
281 -2.11583
282 -2.10372
283 -2.29108
284 -2.11941
285 -2.20234
286 -2.23826
287 -2.0825
288 -2.01705
289 -2.39139
290 -2.1993
291 -2.12867
292 -2.27169
293 -2.15866
294 -2.2094
295 -2.21605
296 -2.19614
297 -2.18059
298 -2.28994
299 -2.30385
300 -2.30978
301 -2.38236
302 -2.28861
303 -2.28131
304 -2.13014
305 -2.42696
306 -2.26936
307 -2.29487
308 -2.28101
309 -2.35936
310 -2.44539
311 -2.31486
312 -2.23714
313 -2.37755
314 -2.1651
315 -2.26214
316 -2.26333
317 -2.26448
318 -2.35914
319 -2.14951
320 -2.09458
321 -2.17719
322 -2.33339
323 -2.24525
