0 0.5113
1 0.5115
2 0.5129
3 0.5124
4 0.5123
5 0.5148
6 0.5171
7 0.5163
8 0.5217
9 0.5201
10 0.5206
11 0.5194
12 0.5227
13 0.5197
14 0.5205
15 0.5262
16 0.5245
17 0.524
18 0.5324
19 0.536
20 0.538
21 0.538
22 0.5444
23 0.5387
24 0.5498
25 0.5551
26 0.5538
27 0.5568
28 0.5552
29 0.5583
30 0.5693
31 0.579
32 0.5799
33 0.5835
34 0.5849
35 0.591
36 0.5914
37 0.6044
38 0.5977
39 0.6112
40 0.6132
41 0.6166
42 0.6295
43 0.6395
44 0.6497
45 0.6501
46 0.6616
47 0.6619
48 0.674
49 0.6762
50 0.7027
51 0.7104
52 0.7131
53 0.7135
54 0.7165
55 0.7353
56 0.7339
57 0.746
58 0.7624
59 0.7674
60 0.7861
61 0.784
62 0.8002
63 0.8129
64 0.8179
65 0.8238
66 0.8371
67 0.8447
68 0.8425
69 0.8618
70 0.8649
71 0.8697
72 0.8883
73 0.8947
74 0.9067
75 0.9035
76 0.8979
77 0.8996
78 0.9141
79 0.9183
80 0.9248
81 0.9223
82 0.928
83 0.9309
84 0.9402
85 0.9432
86 0.9356
87 0.9362
88 0.9418
89 0.936
90 0.9434
91 0.9429
92 0.948
93 0.9456
94 0.9484
95 0.9433
96 0.9595
97 0.9592
98 0.9615
99 0.9439
100 0.9623
101 0.9661
102 0.9498
103 0.9481
104 0.9629
105 0.9732
106 0.9618
107 0.9685
108 0.9641
109 0.9581
110 0.9552
111 0.9522
112 0.9513
113 0.9529
114 0.9585
115 0.959
116 0.9568
117 0.9553
118 0.9565
119 0.9633
120 0.9597
121 0.9476
122 0.9499
123 0.9615
124 0.9685
125 0.9608
126 0.9583
127 0.9547
128 0.9586
129 0.9568
130 0.9576
131 0.9467
132 0.9574
133 0.9591
134 0.965
135 0.9553
136 0.9631
137 0.9558
138 0.9591
139 0.9586
140 0.958
141 0.9592
142 0.9549
143 0.957
144 0.9623
145 0.9538
146 0.9549
147 0.9667
148 0.9698
149 0.9626
150 0.9705
151 0.968
152 0.9707
153 0.9602
154 0.9595
155 0.9632
156 0.969
157 0.9714
158 0.9655
159 0.9624
160 0.9582
161 0.9548
162 0.9539
163 0.9606
164 0.962
165 0.9684
166 0.9594
167 0.9556
168 0.9616
169 0.9667
170 0.9606
171 0.9665
172 0.9571
173 0.9627
174 0.9639
175 0.9532
176 0.9669
177 0.9722
178 0.9753
179 0.9717
180 0.9726
181 0.9555
182 0.9701
183 0.958
184 0.9703
185 0.9615
186 0.9506
187 0.9581
188 0.9608
189 0.9725
190 0.9556
191 0.954
192 0.9586
193 0.9608
194 0.9574
195 0.9606
196 0.9584
197 0.9686
198 0.964
199 0.9553
200 0.9476
201 0.9597
202 0.9639
203 0.9574
204 0.9657
205 0.9622
206 0.9613
207 0.9627
208 0.9671
209 0.9653
210 0.9653
211 0.9595
212 0.961
213 0.9586
214 0.9525
215 0.9622
216 0.953
217 0.9652
218 0.9687
219 0.9682
220 0.9687
221 0.9663
222 0.9652
223 0.969
224 0.9613
225 0.9663
226 0.9665
227 0.9643
228 0.9709
229 0.9521
230 0.9628
231 0.9644
232 0.9622
233 0.9691
234 0.947
235 0.9634
236 0.9548
237 0.957
238 0.9627
239 0.9652
240 0.9599
241 0.9643
242 0.9585
243 0.963
244 0.9624
245 0.9697
246 0.9784
247 0.9692
248 0.9719
249 0.9836
250 0.9684
251 0.9744
252 0.977
253 0.9731
254 0.9725
255 0.9755
256 0.9747
257 0.9796
258 0.9737
259 0.9698
260 0.9744
261 0.9747
262 0.9759
263 0.9695
264 0.9746
265 0.9751
266 0.972
267 0.9794
268 0.9652
269 0.9765
270 0.9766
271 0.9809
272 0.9771
273 0.9766
274 0.971
275 0.9751
276 0.9781
277 0.979
278 0.9779
279 0.9817
280 0.9701
281 0.9758
282 0.9763
283 0.9794
284 0.9732
285 0.9785
286 0.9759
287 0.9721
288 0.9691
289 0.9859
290 0.9783
291 0.9758
292 0.98
293 0.9744
294 0.9781
295 0.9753
296 0.9774
297 0.9784
298 0.9828
299 0.9824
300 0.9822
301 0.9849
302 0.9835
303 0.9797
304 0.9779
305 0.989
306 0.9806
307 0.9849
308 0.9843
309 0.9847
310 0.9882
311 0.9836
312 0.9836
313 0.9847
314 0.9795
315 0.9839
316 0.9843
317 0.9856
318 0.9855
319 0.9828
320 0.9784
321 0.9812
322 0.9855
323 0.9854
