0 0.488823
1 0.488681
2 0.487434
3 0.487808
4 0.487819
5 0.485611
6 0.483384
7 0.484054
8 0.478669
9 0.480221
10 0.480452
11 0.480861
12 0.477737
13 0.481413
14 0.480366
15 0.476051
16 0.477619
17 0.477783
18 0.470869
19 0.469797
20 0.468795
21 0.470241
22 0.463195
23 0.468339
24 0.460151
25 0.456032
26 0.455543
27 0.453232
28 0.454386
29 0.454737
30 0.4432
31 0.43935
32 0.436865
33 0.433646
34 0.43447
35 0.43127
36 0.431534
37 0.42203
38 0.425131
39 0.417148
40 0.413516
41 0.415145
42 0.409723
43 0.402235
44 0.393499
45 0.394497
46 0.386932
47 0.388049
48 0.378319
49 0.376253
50 0.363827
51 0.358809
52 0.354873
53 0.357109
54 0.35598
55 0.34271
56 0.340451
57 0.336893
58 0.329695
59 0.326288
60 0.315277
61 0.314854
62 0.307097
63 0.301768
64 0.300743
65 0.294643
66 0.294642
67 0.284771
68 0.28307
69 0.279214
70 0.275985
71 0.272347
72 0.266453
73 0.261172
74 0.256899
75 0.261226
76 0.258869
77 0.253621
78 0.251486
79 0.252882
80 0.247532
81 0.247791
82 0.244764
83 0.24517
84 0.243571
85 0.240941
86 0.242684
87 0.242553
88 0.24174
89 0.239083
90 0.239152
91 0.239063
92 0.238731
93 0.240071
94 0.23928
95 0.237434
96 0.234164
97 0.236989
98 0.237265
99 0.237165
100 0.234341
101 0.234538
102 0.233069
103 0.233521
104 0.233264
105 0.230957
106 0.229328
107 0.230858
108 0.227774
109 0.229841
110 0.229132
111 0.226185
112 0.227939
113 0.226421
114 0.225718
115 0.222481
116 0.224755
117 0.223777
118 0.223503
119 0.221761
120 0.219844
121 0.222236
122 0.221847
123 0.222304
124 0.218755
125 0.216612
126 0.219104
127 0.217816
128 0.218272
129 0.216949
130 0.215767
131 0.217281
132 0.218039
133 0.216845
134 0.216422
135 0.214241
136 0.217074
137 0.214057
138 0.214601
139 0.210204
140 0.212458
141 0.210497
142 0.212017
143 0.209749
144 0.209108
145 0.21092
146 0.208068
147 0.207202
148 0.207378
149 0.208729
150 0.207834
151 0.20734
152 0.206579
153 0.206838
154 0.207002
155 0.204782
156 0.20652
157 0.207369
158 0.205244
159 0.206494
160 0.207011
161 0.205234
162 0.206016
163 0.204313
164 0.205912
165 0.203966
166 0.205634
167 0.202733
168 0.201916
169 0.201443
170 0.205293
171 0.203928
172 0.203389
173 0.203689
174 0.202904
175 0.203508
176 0.201978
177 0.196867
178 0.199528
179 0.20068
180 0.201244
181 0.198354
182 0.199598
183 0.199784
184 0.199849
185 0.198542
186 0.199582
187 0.198852
188 0.198864
189 0.198455
190 0.19911
191 0.200221
192 0.197791
193 0.194963
194 0.19794
195 0.196072
196 0.196921
197 0.19549
198 0.196912
199 0.195973
200 0.197974
201 0.195726
202 0.195095
203 0.193711
204 0.194014
205 0.195073
206 0.193618
207 0.193578
208 0.193381
209 0.19515
210 0.19376
211 0.19169
212 0.192905
213 0.1911
214 0.192297
215 0.193628
216 0.194157
217 0.194569
218 0.194536
219 0.191126
220 0.188778
221 0.192795
222 0.194044
223 0.189709
224 0.190659
225 0.190835
226 0.190077
227 0.189929
228 0.186525
229 0.191439
230 0.190265
231 0.187407
232 0.188653
233 0.186259
234 0.183401
235 0.180739
236 0.177942
237 0.172065
238 0.175121
239 0.173338
240 0.167903
241 0.16635
242 0.167143
243 0.163241
244 0.163147
245 0.162076
246 0.161762
247 0.157389
248 0.162553
249 0.160036
250 0.160117
251 0.15789
252 0.160479
253 0.158766
254 0.158733
255 0.161103
256 0.158511
257 0.158396
258 0.158893
259 0.157668
260 0.159656
261 0.159646
262 0.158391
263 0.161103
264 0.157019
265 0.158058
266 0.158589
267 0.159858
268 0.159537
269 0.159231
270 0.155743
271 0.156573
272 0.156628
273 0.157171
274 0.15663
275 0.153498
276 0.154057
277 0.154123
278 0.156008
279 0.154857
280 0.155794
281 0.154141
282 0.154607
283 0.153705
284 0.154358
285 0.151166
286 0.15392
287 0.152833
288 0.151381
289 0.15172
290 0.152895
291 0.152413
292 0.152602
293 0.152271
294 0.154108
295 0.153561
296 0.151932
297 0.150697
298 0.148378
299 0.14966
300 0.149156
301 0.14903
302 0.148345
303 0.1502
304 0.149502
305 0.147686
306 0.149171
307 0.148075
308 0.147069
309 0.149334
310 0.150504
311 0.149977
312 0.148763
313 0.150153
314 0.147211
315 0.146342
316 0.144431
317 0.144113
318 0.145986
319 0.143155
320 0.144682
321 0.145125
322 0.144585
323 0.142828
