0 0
0.03 0.676668
0.06 0.677594
0.09 0.678521
0.12 0.679449
0.15 0.680378
0.18 0.681308
0.21 0.682238
0.24 0.68317
0.27 0.684103
0.3 0.685036
0.33 0.68597
0.36 0.686906
0.39 0.687842
0.42 0.688779
0.45 0.689718
0.48 0.690657
0.51 0.691597
0.54 0.692538
0.57 0.693479
0.6 0.694422
0.63 0.695366
0.66 0.696311
0.69 0.697256
0.72 0.698203
0.75 0.699151
0.78 0.700099
0.81 0.701049
0.84 0.701999
0.87 0.70295
0.9 0.703903
0.93 0.704856
0.96 0.70581
0.99 0.706765
1.02 0.707721
1.05 0.708678
1.08 0.709637
1.11 0.710596
1.14 0.711556
1.17 0.712517
1.2 0.713478
1.23 0.714441
1.26 0.715405
1.29 0.71637
1.32 0.717336
1.35 0.718303
1.38 0.719271
1.41 0.720239
1.44 0.721209
1.47 0.72218
1.5 0.723152
1.53 0.724124
1.56 0.725098
1.59 0.726073
1.62 0.727049
1.65 0.728025
1.68 0.729003
1.71 0.729982
1.74 0.730962
1.77 0.731942
1.8 0.732924
1.83 0.733907
1.86 0.734891
1.89 0.735875
1.92 0.736861
1.95 0.737848
1.98 0.738836
2.01 0.739825
2.04 0.740815
2.07 0.741806
2.1 0.742798
2.13 0.743791
2.16 0.744785
2.19 0.74578
2.22 0.746776
2.25 0.747773
2.28 0.748771
2.31 0.749771
2.34 0.750771
2.37 0.751772
2.4 0.752775
2.43 0.753778
2.46 0.754783
2.49 0.755788
2.52 0.756795
2.55 0.757803
2.58 0.758812
2.61 0.759822
2.64 0.760833
2.67 0.761845
2.7 0.762858
2.73 0.763872
2.76 0.764887
2.79 0.765904
2.82 0.766921
2.85 0.76794
2.88 0.768959
2.91 0.76998
2.94 0.771002
2.97 0.772025
3 0.773049
3.03 0.774074
3.06 0.775101
3.09 0.776128
3.12 0.777157
3.15 0.778187
3.18 0.779217
3.21 0.780249
3.24 0.781282
3.27 0.782317
3.3 0.783352
3.33 0.784389
3.36 0.785426
3.39 0.786465
3.42 0.787505
3.45 0.788546
3.48 0.789589
3.51 0.790632
3.54 0.791677
3.57 0.792722
3.6 0.793769
3.63 0.794818
3.66 0.795867
3.69 0.796917
3.72 0.797969
3.75 0.799022
3.78 0.800076
3.81 0.801131
3.84 0.802188
3.87 0.803246
3.9 0.804304
3.93 0.805365
3.96 0.806426
3.99 0.807488
4.02 0.808552
4.05 0.809617
4.08 0.810684
4.11 0.811751
4.14 0.81282
4.17 0.81389
4.2 0.814961
4.23 0.816033
4.26 0.817107
4.29 0.818182
4.32 0.819258
4.35 0.820336
4.38 0.821415
4.41 0.822495
4.44 0.823576
4.47 0.824659
4.5 0.825743
4.53 0.826828
4.56 0.827915
4.59 0.829002
4.62 0.830092
4.65 0.831182
4.68 0.832274
4.71 0.833367
4.74 0.834461
4.77 0.835557
4.8 0.836654
4.83 0.837753
4.86 0.838852
4.89 0.839953
4.92 0.841056
4.95 0.84216
4.98 0.843265
5.01 0.844372
5.04 0.84548
5.07 0.846589
5.1 0.8477
5.13 0.848812
5.16 0.849925
5.19 0.85104
5.22 0.852156
5.25 0.853274
5.28 0.854393
5.31 0.855514
5.34 0.856636
5.37 0.857759
5.4 0.858884
5.43 0.86001
5.46 0.861138
5.49 0.862267
5.52 0.863398
5.55 0.86453
5.58 0.865664
5.61 0.866799
5.64 0.867936
5.67 0.869074
5.7 0.870213
5.73 0.871354
5.76 0.872497
5.79 0.873641
5.82 0.874786
5.85 0.875933
5.88 0.877082
5.91 0.878232
5.94 0.879384
5.97 0.880537
6 0.881692
6.03 0.882848
6.06 0.884006
6.09 0.885166
6.12 0.886327
6.15 0.88749
6.18 0.888654
6.21 0.88982
6.24 0.890987
6.27 0.892156
6.3 0.893327
6.33 0.8945
6.36 0.895674
6.39 0.896849
6.42 0.898026
6.45 0.899205
6.48 0.900386
6.51 0.901568
6.54 0.902752
6.57 0.903938
6.6 0.905125
6.63 0.906314
6.66 0.907505
6.69 0.908697
6.72 0.909891
6.75 0.911087
6.78 0.912285
6.81 0.913484
6.84 0.914685
6.87 0.915888
6.9 0.917093
6.93 0.918299
6.96 0.919507
6.99 0.920717
7.02 0.921929
7.05 0.923143
7.08 0.924358
7.11 0.925575
7.14 0.926794
7.17 0.928015
7.2 0.929238
7.23 0.930462
7.26 0.931689
7.29 0.932917
7.32 0.934147
7.35 0.935379
7.38 0.936613
7.41 0.937849
7.44 0.939087
7.47 0.940327
7.5 0.941568
7.53 0.942812
7.56 0.944057
7.59 0.945305
7.62 0.946554
7.65 0.947806
7.68 0.949059
7.71 0.950315
7.74 0.951572
7.77 0.952831
7.8 0.954093
7.83 0.955356
7.86 0.956622
7.89 0.95789
7.92 0.959159
7.95 0.960431
7.98 0.961705
8.01 0.962981
8.04 0.964259
8.07 0.965539
8.1 0.966821
8.13 0.968105
8.16 0.969392
8.19 0.97068
8.22 0.971971
8.25 0.973264
8.28 0.97456
8.31 0.975857
8.34 0.977156
8.37 0.978458
8.4 0.979762
8.43 0.981069
8.46 0.982377
8.49 0.983688
8.52 0.985001
8.55 0.986316
8.58 0.987634
8.61 0.988954
8.64 0.990276
8.67 0.991601
8.7 0.992927
8.73 0.994257
8.76 0.995588
8.79 0.996922
8.82 0.998259
8.85 0.999597
8.88 1.00094
8.91 1.00228
8.94 1.00363
8.97 1.00498
9 1.00633
9.03 1.00768
9.06 1.00904
9.09 1.0104
9.12 1.01176
9.15 1.01312
9.18 1.01449
9.21 1.01585
9.24 1.01723
9.27 1.0186
9.3 1.01998
9.33 1.02135
9.36 1.02274
9.39 1.02412
9.42 1.02551
9.45 1.0269
9.48 1.02829
9.51 1.02968
9.54 1.03108
9.57 1.03248
9.6 1.03388
9.63 1.03529
9.66 1.0367
9.69 1.03811
9.72 1.03952
9.75 1.04094
9.78 1.04236
9.81 1.04378
9.84 1.0452
9.87 1.04663
9.9 1.04806
9.93 1.0495
9.96 1.05093
9.99 1.05237
10.02 1.05382
10.05 1.05526
10.08 1.05671
10.11 1.05816
10.14 1.05961
10.17 1.06107
10.2 1.06253
10.23 1.064
10.26 1.06546
10.29 1.06693
10.32 1.0684
10.35 1.06988
10.38 1.07136
10.41 1.07284
10.44 1.07432
10.47 1.07581
10.5 1.0773
10.53 1.0788
10.56 1.0803
10.59 1.0818
10.62 1.0833
10.65 1.08481
10.68 1.08632
10.71 1.08783
10.74 1.08935
10.77 1.09087
10.8 1.0924
10.83 1.09392
10.86 1.09546
10.89 1.09699
10.92 1.09853
10.95 1.10007
10.98 1.10161
11.01 1.10316
11.04 1.10471
11.07 1.10627
11.1 1.10783
11.13 1.10939
11.16 1.11096
11.19 1.11252
11.22 1.1141
11.25 1.11567
11.28 1.11725
11.31 1.11884
11.34 1.12043
11.37 1.12202
11.4 1.12361
11.43 1.12521
11.46 1.12682
11.49 1.12842
11.52 1.13003
11.55 1.13165
11.58 1.13326
11.61 1.13489
11.64 1.13651
11.67 1.13814
11.7 1.13978
11.73 1.14141
11.76 1.14306
11.79 1.1447
11.82 1.14635
11.85 1.14801
11.88 1.14966
11.91 1.15133
11.94 1.15299
11.97 1.15466
12 1.15634
12.03 1.15802
12.06 1.1597
12.09 1.16139
12.12 1.16308
12.15 1.16477
12.18 1.16647
12.21 1.16818
12.24 1.16989
12.27 1.1716
12.3 1.17332
12.33 1.17504
12.36 1.17677
12.39 1.1785
12.42 1.18024
12.45 1.18198
12.48 1.18372
12.51 1.18547
12.54 1.18722
12.57 1.18898
12.6 1.19075
12.63 1.19252
12.66 1.19429
12.69 1.19607
12.72 1.19785
12.75 1.19964
12.78 1.20143
12.81 1.20323
12.84 1.20503
12.87 1.20684
12.9 1.20865
12.93 1.21047
12.96 1.21229
12.99 1.21411
13.02 1.21595
13.05 1.21778
13.08 1.21963
13.11 1.22148
13.14 1.22333
13.17 1.22519
13.2 1.22705
13.23 1.22892
13.26 1.23079
13.29 1.23267
13.32 1.23456
13.35 1.23645
13.38 1.23835
13.41 1.24025
13.44 1.24216
13.47 1.24407
13.5 1.24599
13.53 1.24791
13.56 1.24984
13.59 1.25178
13.62 1.25372
13.65 1.25567
13.68 1.25762
13.71 1.25958
13.74 1.26155
13.77 1.26352
13.8 1.2655
13.83 1.26748
13.86 1.26947
13.89 1.27147
13.92 1.27347
13.95 1.27548
13.98 1.27749
14.01 1.27951
14.04 1.28154
14.07 1.28358
14.1 1.28562
14.13 1.28766
14.16 1.28972
14.19 1.29178
14.22 1.29384
14.25 1.29592
14.28 1.298
14.31 1.30008
14.34 1.30218
14.37 1.30428
14.4 1.30639
14.43 1.3085
14.46 1.31062
14.49 1.31275
14.52 1.31489
14.55 1.31703
14.58 1.31919
14.61 1.32134
14.64 1.32351
14.67 1.32568
14.7 1.32786
14.73 1.33005
14.76 1.33225
14.79 1.33445
14.82 1.33666
14.85 1.33888
14.88 1.34111
14.91 1.34335
14.94 1.34559
14.97 1.34784
15 1.3501
15.03 1.35237
15.06 1.35465
15.09 1.35693
15.12 1.35922
15.15 1.36153
15.18 1.36384
15.21 1.36616
15.24 1.36848
15.27 1.37082
15.3 1.37317
15.33 1.37552
15.36 1.37789
15.39 1.38026
15.42 1.38264
15.45 1.38503
15.48 1.38743
15.51 1.38984
15.54 1.39227
15.57 1.3947
15.6 1.39714
15.63 1.39959
15.66 1.40205
15.69 1.40452
15.72 1.407
15.75 1.40949
15.78 1.41199
15.81 1.4145
15.84 1.41702
15.87 1.41955
15.9 1.4221
15.93 1.42465
15.96 1.42722
15.99 1.4298
16.02 1.43239
16.05 1.43499
16.08 1.4376
16.11 1.44022
16.14 1.44286
16.17 1.4455
16.2 1.44816
16.23 1.45083
16.26 1.45352
16.29 1.45621
16.32 1.45892
16.35 1.46164
16.38 1.46438
16.41 1.46713
16.44 1.46989
16.47 1.47266
16.5 1.47545
16.53 1.47825
16.56 1.48107
16.59 1.4839
16.62 1.48674
16.65 1.4896
16.68 1.49248
16.71 1.49536
16.74 1.49827
16.77 1.50118
16.8 1.50412
16.83 1.50707
16.86 1.51003
16.89 1.51301
16.92 1.51601
16.95 1.51902
16.98 1.52205
17.01 1.5251
17.04 1.52816
17.07 1.53124
17.1 1.53434
17.13 1.53746
17.16 1.54059
17.19 1.54375
17.22 1.54692
17.25 1.55011
17.28 1.55332
17.31 1.55654
17.34 1.55979
17.37 1.56306
17.4 1.56635
17.43 1.56965
17.46 1.57298
17.49 1.57633
17.52 1.5797
17.55 1.58309
17.58 1.58651
17.61 1.58994
17.64 1.5934
17.67 1.59688
17.7 1.60039
17.73 1.60392
17.76 1.60747
17.79 1.61104
17.82 1.61464
17.85 1.61827
17.88 1.62192
17.91 1.6256
17.94 1.6293
17.97 1.63303
18 1.63679
18.03 1.64057
18.06 1.64438
18.09 1.64822
18.12 1.65209
18.15 1.65598
18.18 1.65991
18.21 1.66387
18.24 1.66785
18.27 1.67187
18.3 1.67592
18.33 1.68
18.36 1.68411
18.39 1.68826
18.42 1.69244
18.45 1.69665
18.48 1.7009
18.51 1.70518
18.54 1.7095
18.57 1.71385
18.6 1.71825
18.63 1.72267
18.66 1.72714
18.69 1.73164
18.72 1.73619
18.75 1.74077
18.78 1.74539
18.81 1.75006
18.84 1.75476
18.87 1.75951
18.9 1.7643
18.93 1.76914
18.96 1.77401
18.99 1.77894
19.02 1.78391
19.05 1.78892
19.08 1.79398
19.11 1.79909
19.14 1.80425
19.17 1.80946
19.2 1.81472
19.23 1.82003
19.26 1.82539
19.29 1.8308
19.32 1.83627
19.35 1.84179
19.38 1.84736
19.41 1.85299
19.44 1.85868
19.47 1.86442
19.5 1.87023
19.53 1.87609
19.56 1.88201
19.59 1.88799
19.62 1.89404
19.65 1.90014
19.68 1.90631
19.71 1.91255
19.74 1.91884
19.77 1.92521
19.8 1.93164
19.83 1.93814
19.86 1.94471
19.89 1.95135
19.92 1.95806
19.95 1.96484
19.98 1.97169
20.01 1.97862
20.04 1.98562
20.07 1.99269
20.1 1.99984
20.13 2.00707
20.16 2.01438
20.19 2.02176
20.22 2.02922
20.25 2.03677
20.28 2.04439
20.31 2.0521
20.34 2.05989
20.37 2.06776
20.4 2.07572
20.43 2.08376
20.46 2.09189
20.49 2.1001
20.52 2.1084
20.55 2.11679
20.58 2.12527
20.61 2.13384
20.64 2.14249
20.67 2.15124
20.7 2.16008
20.73 2.169
20.76 2.17802
20.79 2.18713
20.82 2.19634
20.85 2.20563
20.88 2.21502
20.91 2.2245
20.94 2.23408
20.97 2.24374
21 2.2535
21.03 2.26335
21.06 2.2733
21.09 2.28333
21.12 2.29346
21.15 2.30369
21.18 2.314
21.21 2.3244
21.24 2.33489
21.27 2.34548
21.3 2.35615
21.33 2.36691
21.36 2.37776
21.39 2.38869
21.42 2.39971
21.45 2.41081
21.48 2.422
21.51 2.43326
21.54 2.44461
21.57 2.45603
21.6 2.46753
21.63 2.47911
21.66 2.49076
21.69 2.50247
21.72 2.51426
21.75 2.52611
21.78 2.53803
21.81 2.55001
21.84 2.56205
21.87 2.57415
21.9 2.5863
21.93 2.5985
21.96 2.61075
21.99 2.62305
22.02 2.63538
22.05 2.64776
22.08 2.66018
22.11 2.67262
22.14 2.6851
22.17 2.6976
22.2 2.71013
22.23 2.72267
22.26 2.73523
22.29 2.74781
22.32 2.76039
22.35 2.77297
22.38 2.78556
22.41 2.79814
22.44 2.81072
22.47 2.82329
22.5 2.83584
22.53 2.84837
22.56 2.86088
22.59 2.87337
22.62 2.88582
22.65 2.89824
22.68 2.91062
22.71 2.92297
22.74 2.93526
22.77 2.94751
22.8 2.95971
22.83 2.97185
22.86 2.98393
22.89 2.99594
22.92 3.00789
22.95 3.01977
22.98 3.03158
23.01 3.04331
23.04 3.05497
23.07 3.06654
23.1 3.07802
23.13 3.08942
23.16 3.10073
23.19 3.11194
23.22 3.12306
23.25 3.13408
23.28 3.145
23.31 3.15582
23.34 3.16654
23.37 3.17715
23.4 3.18765
23.43 3.19804
23.46 3.20833
23.49 3.2185
23.52 3.22855
23.55 3.23849
23.58 3.24832
23.61 3.25803
23.64 3.26762
23.67 3.2771
23.7 3.28645
23.73 3.29569
23.76 3.30481
23.79 3.31381
23.82 3.32268
23.85 3.33144
23.88 3.34008
23.91 3.3486
23.94 3.357
23.97 3.36528
24 3.37344
24.03 3.38148
24.06 3.3894
24.09 3.39721
24.12 3.4049
24.15 3.41247
24.18 3.41993
24.21 3.42728
24.24 3.43451
24.27 3.44162
24.3 3.44863
24.33 3.45553
24.36 3.46232
24.39 3.46899
24.42 3.47557
24.45 3.48203
24.48 3.48839
24.51 3.49465
24.54 3.50081
24.57 3.50686
24.6 3.51282
24.63 3.51868
24.66 3.52444
24.69 3.5301
24.72 3.53568
24.75 3.54115
24.78 3.54654
24.81 3.55184
24.84 3.55705
24.87 3.56217
24.9 3.5672
24.93 3.57216
24.96 3.57702
24.99 3.58181
25.02 3.58652
25.05 3.59114
25.08 3.59569
25.11 3.60017
25.14 3.60457
25.17 3.60889
25.2 3.61314
25.23 3.61732
25.26 3.62144
25.29 3.62548
25.32 3.62946
25.35 3.63337
25.38 3.63721
25.41 3.64099
25.44 3.64471
25.47 3.64837
25.5 3.65197
25.53 3.65551
25.56 3.65899
25.59 3.66241
25.62 3.66578
25.65 3.6691
25.68 3.67236
25.71 3.67556
25.74 3.67872
25.77 3.68183
25.8 3.68488
25.83 3.68789
25.86 3.69085
25.89 3.69376
25.92 3.69663
25.95 3.69945
25.98 3.70223
26.01 3.70496
26.04 3.70766
26.07 3.71031
26.1 3.71292
26.13 3.71548
26.16 3.71801
26.19 3.72051
26.22 3.72296
26.25 3.72538
26.28 3.72776
26.31 3.7301
26.34 3.73241
26.37 3.73469
26.4 3.73693
26.43 3.73913
26.46 3.74131
26.49 3.74345
26.52 3.74557
26.55 3.74765
26.58 3.7497
26.61 3.75172
26.64 3.75372
26.67 3.75568
26.7 3.75762
26.73 3.75953
26.76 3.76141
26.79 3.76326
26.82 3.76509
26.85 3.7669
26.88 3.76868
26.91 3.77043
26.94 3.77216
26.97 3.77387
27 3.77555
27.03 3.77722
27.06 3.77885
27.09 3.78047
27.12 3.78206
27.15 3.78364
27.18 3.78519
27.21 3.78672
27.24 3.78823
27.27 3.78972
27.3 3.7912
27.33 3.79265
27.36 3.79408
27.39 3.7955
27.42 3.7969
27.45 3.79828
27.48 3.79964
27.51 3.80098
27.54 3.80231
27.57 3.80362
27.6 3.80491
27.63 3.80619
27.66 3.80745
27.69 3.8087
27.72 3.80993
27.75 3.81114
27.78 3.81235
27.81 3.81353
27.84 3.8147
27.87 3.81586
27.9 3.817
27.93 3.81813
27.96 3.81925
27.99 3.82035
28.02 3.82144
28.05 3.82252
28.08 3.82358
28.11 3.82463
28.14 3.82567
28.17 3.8267
28.2 3.82771
28.23 3.82871
28.26 3.82971
28.29 3.83069
28.32 3.83165
28.35 3.83261
28.38 3.83356
28.41 3.83449
28.44 3.83542
28.47 3.83633
28.5 3.83724
28.53 3.83813
28.56 3.83902
28.59 3.83989
28.62 3.84076
28.65 3.84161
28.68 3.84246
28.71 3.8433
28.74 3.84412
28.77 3.84494
28.8 3.84575
28.83 3.84655
28.86 3.84735
28.89 3.84813
28.92 3.8489
28.95 3.84967
28.98 3.85043
29.01 3.85118
29.04 3.85193
29.07 3.85266
29.1 3.85339
29.13 3.85411
29.16 3.85482
29.19 3.85553
29.22 3.85622
29.25 3.85691
29.28 3.8576
29.31 3.85827
29.34 3.85894
29.37 3.85961
29.4 3.86026
29.43 3.86091
29.46 3.86155
29.49 3.86219
29.52 3.86282
29.55 3.86344
29.58 3.86406
29.61 3.86467
29.64 3.86528
29.67 3.86588
29.7 3.86647
29.73 3.86706
29.76 3.86764
29.79 3.86822
29.82 3.86879
29.85 3.86935
29.88 3.86991
29.91 3.87047
29.94 3.87102
29.97 3.87156
30 3.8721
30.001 0
