0 5
0.03 4.88489
0.06 4.88499
0.09 4.88509
0.12 4.88518
0.15 4.88528
0.18 4.88538
0.21 4.88547
0.24 4.88557
0.27 4.88567
0.3 4.88577
0.33 4.88586
0.36 4.88596
0.39 4.88606
0.42 4.88616
0.45 4.88626
0.48 4.88636
0.51 4.88645
0.54 4.88655
0.57 4.88665
0.6 4.88675
0.63 4.88685
0.66 4.88695
0.69 4.88705
0.72 4.88715
0.75 4.88726
0.78 4.88736
0.81 4.88746
0.84 4.88756
0.87 4.88766
0.9 4.88776
0.93 4.88787
0.96 4.88797
0.99 4.88807
1.02 4.88817
1.05 4.88828
1.08 4.88838
1.11 4.88848
1.14 4.88859
1.17 4.88869
1.2 4.8888
1.23 4.8889
1.26 4.88901
1.29 4.88911
1.32 4.88922
1.35 4.88932
1.38 4.88943
1.41 4.88953
1.44 4.88964
1.47 4.88975
1.5 4.88985
1.53 4.88996
1.56 4.89007
1.59 4.89017
1.62 4.89028
1.65 4.89039
1.68 4.8905
1.71 4.8906
1.74 4.89071
1.77 4.89082
1.8 4.89093
1.83 4.89104
1.86 4.89115
1.89 4.89126
1.92 4.89137
1.95 4.89148
1.98 4.89159
2.01 4.8917
2.04 4.89181
2.07 4.89192
2.1 4.89203
2.13 4.89215
2.16 4.89226
2.19 4.89237
2.22 4.89248
2.25 4.89259
2.28 4.89271
2.31 4.89282
2.34 4.89293
2.37 4.89305
2.4 4.89316
2.43 4.89328
2.46 4.89339
2.49 4.8935
2.52 4.89362
2.55 4.89374
2.58 4.89385
2.61 4.89397
2.64 4.89408
2.67 4.8942
2.7 4.89431
2.73 4.89443
2.76 4.89455
2.79 4.89467
2.82 4.89478
2.85 4.8949
2.88 4.89502
2.91 4.89514
2.94 4.89526
2.97 4.89537
3 4.89549
3.03 4.89561
3.06 4.89573
3.09 4.89585
3.12 4.89597
3.15 4.89609
3.18 4.89621
3.21 4.89634
3.24 4.89646
3.27 4.89658
3.3 4.8967
3.33 4.89682
3.36 4.89694
3.39 4.89707
3.42 4.89719
3.45 4.89731
3.48 4.89744
3.51 4.89756
3.54 4.89768
3.57 4.89781
3.6 4.89793
3.63 4.89806
3.66 4.89818
3.69 4.89831
3.72 4.89843
3.75 4.89856
3.78 4.89869
3.81 4.89881
3.84 4.89894
3.87 4.89907
3.9 4.89919
3.93 4.89932
3.96 4.89945
3.99 4.89958
4.02 4.89971
4.05 4.89984
4.08 4.89997
4.11 4.90009
4.14 4.90022
4.17 4.90035
4.2 4.90049
4.23 4.90062
4.26 4.90075
4.29 4.90088
4.32 4.90101
4.35 4.90114
4.38 4.90127
4.41 4.90141
4.44 4.90154
4.47 4.90167
4.5 4.90181
4.53 4.90194
4.56 4.90207
4.59 4.90221
4.62 4.90234
4.65 4.90248
4.68 4.90261
4.71 4.90275
4.74 4.90289
4.77 4.90302
4.8 4.90316
4.83 4.9033
4.86 4.90343
4.89 4.90357
4.92 4.90371
4.95 4.90385
4.98 4.90398
5.01 4.90412
5.04 4.90426
5.07 4.9044
5.1 4.90454
5.13 4.90468
5.16 4.90482
5.19 4.90496
5.22 4.90511
5.25 4.90525
5.28 4.90539
5.31 4.90553
5.34 4.90567
5.37 4.90582
5.4 4.90596
5.43 4.9061
5.46 4.90625
5.49 4.90639
5.52 4.90654
5.55 4.90668
5.58 4.90683
5.61 4.90697
5.64 4.90712
5.67 4.90727
5.7 4.90741
5.73 4.90756
5.76 4.90771
5.79 4.90785
5.82 4.908
5.85 4.90815
5.88 4.9083
5.91 4.90845
5.94 4.9086
5.97 4.90875
6 4.9089
6.03 4.90905
6.06 4.9092
6.09 4.90935
6.12 4.90951
6.15 4.90966
6.18 4.90981
6.21 4.90996
6.24 4.91012
6.27 4.91027
6.3 4.91042
6.33 4.91058
6.36 4.91073
6.39 4.91089
6.42 4.91105
6.45 4.9112
6.48 4.91136
6.51 4.91151
6.54 4.91167
6.57 4.91183
6.6 4.91199
6.63 4.91215
6.66 4.91231
6.69 4.91246
6.72 4.91262
6.75 4.91278
6.78 4.91295
6.81 4.91311
6.84 4.91327
6.87 4.91343
6.9 4.91359
6.93 4.91375
6.96 4.91392
6.99 4.91408
7.02 4.91424
7.05 4.91441
7.08 4.91457
7.11 4.91474
7.14 4.9149
7.17 4.91507
7.2 4.91524
7.23 4.9154
7.26 4.91557
7.29 4.91574
7.32 4.91591
7.35 4.91608
7.38 4.91624
7.41 4.91641
7.44 4.91658
7.47 4.91675
7.5 4.91693
7.53 4.9171
7.56 4.91727
7.59 4.91744
7.62 4.91761
7.65 4.91779
7.68 4.91796
7.71 4.91813
7.74 4.91831
7.77 4.91848
7.8 4.91866
7.83 4.91884
7.86 4.91901
7.89 4.91919
7.92 4.91937
7.95 4.91954
7.98 4.91972
8.01 4.9199
8.04 4.92008
8.07 4.92026
8.1 4.92044
8.13 4.92062
8.16 4.9208
8.19 4.92099
8.22 4.92117
8.25 4.92135
8.28 4.92153
8.31 4.92172
8.34 4.9219
8.37 4.92209
8.4 4.92227
8.43 4.92246
8.46 4.92265
8.49 4.92283
8.52 4.92302
8.55 4.92321
8.58 4.9234
8.61 4.92359
8.64 4.92378
8.67 4.92397
8.7 4.92416
8.73 4.92435
8.76 4.92454
8.79 4.92473
8.82 4.92493
8.85 4.92512
8.88 4.92531
8.91 4.92551
8.94 4.9257
8.97 4.9259
9 4.9261
9.03 4.92629
9.06 4.92649
9.09 4.92669
9.12 4.92689
9.15 4.92709
9.18 4.92729
9.21 4.92749
9.24 4.92769
9.27 4.92789
9.3 4.92809
9.33 4.92829
9.36 4.9285
9.39 4.9287
9.42 4.92891
9.45 4.92911
9.48 4.92932
9.51 4.92952
9.54 4.92973
9.57 4.92994
9.6 4.93015
9.63 4.93035
9.66 4.93056
9.69 4.93077
9.72 4.93099
9.75 4.9312
9.78 4.93141
9.81 4.93162
9.84 4.93184
9.87 4.93205
9.9 4.93226
9.93 4.93248
9.96 4.9327
9.99 4.93291
10.02 4.93313
10.05 4.93335
10.08 4.93357
10.11 4.93379
10.14 4.93401
10.17 4.93423
10.2 4.93445
10.23 4.93467
10.26 4.93489
10.29 4.93512
10.32 4.93534
10.35 4.93557
10.38 4.93579
10.41 4.93602
10.44 4.93625
10.47 4.93647
10.5 4.9367
10.53 4.93693
10.56 4.93716
10.59 4.93739
10.62 4.93762
10.65 4.93786
10.68 4.93809
10.71 4.93832
10.74 4.93856
10.77 4.93879
10.8 4.93903
10.83 4.93927
10.86 4.93951
10.89 4.93974
10.92 4.93998
10.95 4.94022
10.98 4.94046
11.01 4.94071
11.04 4.94095
11.07 4.94119
11.1 4.94144
11.13 4.94168
11.16 4.94193
11.19 4.94217
11.22 4.94242
11.25 4.94267
11.28 4.94292
11.31 4.94317
11.34 4.94342
11.37 4.94367
11.4 4.94392
11.43 4.94418
11.46 4.94443
11.49 4.94469
11.52 4.94494
11.55 4.9452
11.58 4.94546
11.61 4.94571
11.64 4.94597
11.67 4.94623
11.7 4.9465
11.73 4.94676
11.76 4.94702
11.79 4.94728
11.82 4.94755
11.85 4.94782
11.88 4.94808
11.91 4.94835
11.94 4.94862
11.97 4.94889
12 4.94916
12.03 4.94943
12.06 4.9497
12.09 4.94998
12.12 4.95025
12.15 4.95053
12.18 4.9508
12.21 4.95108
12.24 4.95136
12.27 4.95164
12.3 4.95192
12.33 4.9522
12.36 4.95248
12.39 4.95277
12.42 4.95305
12.45 4.95334
12.48 4.95362
12.51 4.95391
12.54 4.9542
12.57 4.95449
12.6 4.95478
12.63 4.95507
12.66 4.95537
12.69 4.95566
12.72 4.95596
12.75 4.95625
12.78 4.95655
12.81 4.95685
12.84 4.95715
12.87 4.95745
12.9 4.95775
12.93 4.95805
12.96 4.95836
12.99 4.95866
13.02 4.95897
13.05 4.95928
13.08 4.95959
13.11 4.9599
13.14 4.96021
13.17 4.96052
13.2 4.96084
13.23 4.96115
13.26 4.96147
13.29 4.96178
13.32 4.9621
13.35 4.96242
13.38 4.96274
13.41 4.96307
13.44 4.96339
13.47 4.96371
13.5 4.96404
13.53 4.96437
13.56 4.9647
13.59 4.96503
13.62 4.96536
13.65 4.96569
13.68 4.96603
13.71 4.96636
13.74 4.9667
13.77 4.96704
13.8 4.96738
13.83 4.96772
13.86 4.96806
13.89 4.9684
13.92 4.96875
13.95 4.96909
13.98 4.96944
14.01 4.96979
14.04 4.97014
14.07 4.97049
14.1 4.97085
14.13 4.9712
14.16 4.97156
14.19 4.97192
14.22 4.97228
14.25 4.97264
14.28 4.973
14.31 4.97337
14.34 4.97373
14.37 4.9741
14.4 4.97447
14.43 4.97484
14.46 4.97521
14.49 4.97558
14.52 4.97596
14.55 4.97634
14.58 4.97671
14.61 4.97709
14.64 4.97748
14.67 4.97786
14.7 4.97824
14.73 4.97863
14.76 4.97902
14.79 4.97941
14.82 4.9798
14.85 4.9802
14.88 4.98059
14.91 4.98099
14.94 4.98139
14.97 4.98179
15 4.98219
15.03 4.9826
15.06 4.983
15.09 4.98341
15.12 4.98382
15.15 4.98423
15.18 4.98465
15.21 4.98506
15.24 4.98548
15.27 4.9859
15.3 4.98632
15.33 4.98675
15.36 4.98717
15.39 4.9876
15.42 4.98803
15.45 4.98846
15.48 4.98889
15.51 4.98933
15.54 4.98977
15.57 4.99021
15.6 4.99065
15.63 4.9911
15.66 4.99154
15.69 4.99199
15.72 4.99244
15.75 4.9929
15.78 4.99335
15.81 4.99381
15.84 4.99427
15.87 4.99473
15.9 4.9952
15.93 4.99566
15.96 4.99613
15.99 4.99661
16.02 4.99708
16.05 4.99756
16.08 4.99804
16.11 4.99852
16.14 4.999
16.17 4.99949
16.2 4.99998
16.23 5.00047
16.26 5.00097
16.29 5.00147
16.32 5.00197
16.35 5.00247
16.38 5.00298
16.41 5.00348
16.44 5.004
16.47 5.00451
16.5 5.00503
16.53 5.00555
16.56 5.00607
16.59 5.0066
16.62 5.00713
16.65 5.00766
16.68 5.00819
16.71 5.00873
16.74 5.00927
16.77 5.00982
16.8 5.01037
16.83 5.01092
16.86 5.01147
16.89 5.01203
16.92 5.01259
16.95 5.01316
16.98 5.01373
17.01 5.0143
17.04 5.01487
17.07 5.01545
17.1 5.01604
17.13 5.01662
17.16 5.01721
17.19 5.01781
17.22 5.0184
17.25 5.01901
17.28 5.01961
17.31 5.02022
17.34 5.02084
17.37 5.02145
17.4 5.02208
17.43 5.0227
17.46 5.02333
17.49 5.02397
17.52 5.02461
17.55 5.02525
17.58 5.0259
17.61 5.02655
17.64 5.02721
17.67 5.02787
17.7 5.02854
17.73 5.02921
17.76 5.02989
17.79 5.03057
17.82 5.03126
17.85 5.03195
17.88 5.03264
17.91 5.03335
17.94 5.03405
17.97 5.03477
18 5.03549
18.03 5.03621
18.06 5.03694
18.09 5.03768
18.12 5.03842
18.15 5.03916
18.18 5.03992
18.21 5.04068
18.24 5.04144
18.27 5.04221
18.3 5.04299
18.33 5.04378
18.36 5.04457
18.39 5.04537
18.42 5.04617
18.45 5.04698
18.48 5.0478
18.51 5.04863
18.54 5.04946
18.57 5.0503
18.6 5.05115
18.63 5.052
18.66 5.05287
18.69 5.05374
18.72 5.05462
18.75 5.0555
18.78 5.0564
18.81 5.0573
18.84 5.05821
18.87 5.05913
18.9 5.06006
18.93 5.06099
18.96 5.06194
18.99 5.0629
19.02 5.06386
19.05 5.06483
19.08 5.06581
19.11 5.06681
19.14 5.06781
19.17 5.06882
19.2 5.06984
19.23 5.07087
19.26 5.07191
19.29 5.07297
19.32 5.07403
19.35 5.0751
19.38 5.07619
19.41 5.07728
19.44 5.07839
19.47 5.07951
19.5 5.08064
19.53 5.08178
19.56 5.08293
19.59 5.08409
19.62 5.08527
19.65 5.08646
19.68 5.08766
19.71 5.08887
19.74 5.0901
19.77 5.09134
19.8 5.09259
19.83 5.09386
19.86 5.09514
19.89 5.09643
19.92 5.09773
19.95 5.09905
19.98 5.10039
20.01 5.10174
20.04 5.1031
20.07 5.10447
20.1 5.10586
20.13 5.10727
20.16 5.10869
20.19 5.11012
20.22 5.11157
20.25 5.11304
20.28 5.11452
20.31 5.11601
20.34 5.11752
20.37 5.11905
20.4 5.12059
20.43 5.12214
20.46 5.12372
20.49 5.12531
20.52 5.12691
20.55 5.12853
20.58 5.13017
20.61 5.13182
20.64 5.13349
20.67 5.13517
20.7 5.13687
20.73 5.13859
20.76 5.14032
20.79 5.14206
20.82 5.14383
20.85 5.14561
20.88 5.1474
20.91 5.14921
20.94 5.15104
20.97 5.15288
21 5.15474
21.03 5.15661
21.06 5.1585
21.09 5.1604
21.12 5.16232
21.15 5.16425
21.18 5.16619
21.21 5.16815
21.24 5.17012
21.27 5.17211
21.3 5.17411
21.33 5.17612
21.36 5.17815
21.39 5.18018
21.42 5.18223
21.45 5.18429
21.48 5.18636
21.51 5.18844
21.54 5.19053
21.57 5.19263
21.6 5.19474
21.63 5.19686
21.66 5.19899
21.69 5.20112
21.72 5.20326
21.75 5.20541
21.78 5.20756
21.81 5.20972
21.84 5.21188
21.87 5.21405
21.9 5.21622
21.93 5.21839
21.96 5.22057
21.99 5.22275
22.02 5.22492
22.05 5.2271
22.08 5.22928
22.11 5.23146
22.14 5.23363
22.17 5.2358
22.2 5.23797
22.23 5.24014
22.26 5.2423
22.29 5.24445
22.32 5.2466
22.35 5.24874
22.38 5.25088
22.41 5.25301
22.44 5.25513
22.47 5.25724
22.5 5.25934
22.53 5.26143
22.56 5.26351
22.59 5.26558
22.62 5.26764
22.65 5.26969
22.68 5.27172
22.71 5.27374
22.74 5.27574
22.77 5.27773
22.8 5.27971
22.83 5.28167
22.86 5.28362
22.89 5.28555
22.92 5.28747
22.95 5.28937
22.98 5.29125
23.01 5.29312
23.04 5.29497
23.07 5.2968
23.1 5.29861
23.13 5.30041
23.16 5.30219
23.19 5.30396
23.22 5.3057
23.25 5.30743
23.28 5.30914
23.31 5.31083
23.34 5.31251
23.37 5.31416
23.4 5.3158
23.43 5.31743
23.46 5.31903
23.49 5.32062
23.52 5.32219
23.55 5.32374
23.58 5.32528
23.61 5.32679
23.64 5.3283
23.67 5.32978
23.7 5.33125
23.73 5.33271
23.76 5.33414
23.79 5.33556
23.82 5.33697
23.85 5.33836
23.88 5.33974
23.91 5.3411
23.94 5.34244
23.97 5.34377
24 5.34509
24.03 5.34639
24.06 5.34768
24.09 5.34896
24.12 5.35022
24.15 5.35147
24.18 5.35271
24.21 5.35393
24.24 5.35514
24.27 5.35634
24.3 5.35752
24.33 5.3587
24.36 5.35986
24.39 5.36101
24.42 5.36215
24.45 5.36328
24.48 5.3644
24.51 5.36551
24.54 5.36661
24.57 5.36769
24.6 5.36877
24.63 5.36984
24.66 5.37089
24.69 5.37194
24.72 5.37298
24.75 5.37401
24.78 5.37503
24.81 5.37604
24.84 5.37704
24.87 5.37803
24.9 5.37902
24.93 5.37999
24.96 5.38096
24.99 5.38192
25.02 5.38287
25.05 5.38381
25.08 5.38474
25.11 5.38567
25.14 5.38659
25.17 5.3875
25.2 5.38841
25.23 5.3893
25.26 5.39019
25.29 5.39107
25.32 5.39195
25.35 5.39282
25.38 5.39368
25.41 5.39453
25.44 5.39538
25.47 5.39622
25.5 5.39705
25.53 5.39788
25.56 5.3987
25.59 5.39951
25.62 5.40032
25.65 5.40112
25.68 5.40191
25.71 5.4027
25.74 5.40348
25.77 5.40426
25.8 5.40503
25.83 5.40579
25.86 5.40655
25.89 5.4073
25.92 5.40805
25.95 5.40879
25.98 5.40952
26.01 5.41025
26.04 5.41097
26.07 5.41169
26.1 5.4124
26.13 5.41311
26.16 5.41381
26.19 5.4145
26.22 5.41519
26.25 5.41587
26.28 5.41655
26.31 5.41722
26.34 5.41789
26.37 5.41855
26.4 5.41921
26.43 5.41986
26.46 5.42051
26.49 5.42115
26.52 5.42179
26.55 5.42242
26.58 5.42305
26.61 5.42367
26.64 5.42429
26.67 5.4249
26.7 5.4255
26.73 5.42611
26.76 5.4267
26.79 5.4273
26.82 5.42788
26.85 5.42847
26.88 5.42905
26.91 5.42962
26.94 5.43019
26.97 5.43075
27 5.43131
27.03 5.43187
27.06 5.43242
27.09 5.43297
27.12 5.43351
27.15 5.43405
27.18 5.43458
27.21 5.43511
27.24 5.43564
27.27 5.43616
27.3 5.43667
27.33 5.43718
27.36 5.43769
27.39 5.4382
27.42 5.4387
27.45 5.43919
27.48 5.43969
27.51 5.44017
27.54 5.44066
27.57 5.44114
27.6 5.44161
27.63 5.44209
27.66 5.44255
27.69 5.44302
27.72 5.44348
27.75 5.44394
27.78 5.44439
27.81 5.44484
27.84 5.44529
27.87 5.44573
27.9 5.44617
27.93 5.4466
27.96 5.44703
27.99 5.44746
28.02 5.44789
28.05 5.44831
28.08 5.44873
28.11 5.44914
28.14 5.44955
28.17 5.44996
28.2 5.45036
28.23 5.45076
28.26 5.45116
28.29 5.45156
28.32 5.45195
28.35 5.45233
28.38 5.45272
28.41 5.4531
28.44 5.45348
28.47 5.45385
28.5 5.45423
28.53 5.4546
28.56 5.45496
28.59 5.45533
28.62 5.45569
28.65 5.45604
28.68 5.4564
28.71 5.45675
28.74 5.4571
28.77 5.45745
28.8 5.45779
28.83 5.45813
28.86 5.45847
28.89 5.4588
28.92 5.45914
28.95 5.45946
28.98 5.45979
29.01 5.46012
29.04 5.46044
29.07 5.46076
29.1 5.46107
29.13 5.46139
29.16 5.4617
29.19 5.46201
29.22 5.46231
29.25 5.46262
29.28 5.46292
29.31 5.46322
29.34 5.46352
29.37 5.46381
29.4 5.4641
29.43 5.46439
29.46 5.46468
29.49 5.46497
29.52 5.46525
29.55 5.46553
29.58 5.46581
29.61 5.46608
29.64 5.46636
29.67 5.46663
29.7 5.4669
29.73 5.46717
29.76 5.46743
29.79 5.4677
29.82 5.46796
29.85 5.46822
29.88 5.46847
29.91 5.46873
29.94 5.46898
29.97 5.46923
30 5.46948
30.001 5
