0 -10
0.03 -8.7474
0.06 -8.74727
0.09 -8.74714
0.12 -8.74701
0.15 -8.74688
0.18 -8.74675
0.21 -8.74662
0.24 -8.74649
0.27 -8.74636
0.3 -8.74623
0.33 -8.7461
0.36 -8.74597
0.39 -8.74584
0.42 -8.74571
0.45 -8.74558
0.48 -8.74545
0.51 -8.74532
0.54 -8.74519
0.57 -8.74506
0.6 -8.74493
0.63 -8.7448
0.66 -8.74467
0.69 -8.74454
0.72 -8.74441
0.75 -8.74428
0.78 -8.74415
0.81 -8.74402
0.84 -8.74389
0.87 -8.74376
0.9 -8.74363
0.93 -8.7435
0.96 -8.74337
0.99 -8.74324
1.02 -8.74311
1.05 -8.74298
1.08 -8.74285
1.11 -8.74272
1.14 -8.74259
1.17 -8.74246
1.2 -8.74233
1.23 -8.7422
1.26 -8.74207
1.29 -8.74194
1.32 -8.74181
1.35 -8.74168
1.38 -8.74155
1.41 -8.74142
1.44 -8.74129
1.47 -8.74116
1.5 -8.74103
1.53 -8.7409
1.56 -8.74077
1.59 -8.74064
1.62 -8.74051
1.65 -8.74039
1.68 -8.74026
1.71 -8.74013
1.74 -8.74
1.77 -8.73987
1.8 -8.73974
1.83 -8.73961
1.86 -8.73948
1.89 -8.73935
1.92 -8.73922
1.95 -8.73909
1.98 -8.73896
2.01 -8.73883
2.04 -8.7387
2.07 -8.73857
2.1 -8.73845
2.13 -8.73832
2.16 -8.73819
2.19 -8.73806
2.22 -8.73793
2.25 -8.7378
2.28 -8.73767
2.31 -8.73754
2.34 -8.73741
2.37 -8.73728
2.4 -8.73715
2.43 -8.73703
2.46 -8.7369
2.49 -8.73677
2.52 -8.73664
2.55 -8.73651
2.58 -8.73638
2.61 -8.73625
2.64 -8.73612
2.67 -8.736
2.7 -8.73587
2.73 -8.73574
2.76 -8.73561
2.79 -8.73548
2.82 -8.73535
2.85 -8.73522
2.88 -8.73509
2.91 -8.73497
2.94 -8.73484
2.97 -8.73471
3 -8.73458
3.03 -8.73445
3.06 -8.73432
3.09 -8.7342
3.12 -8.73407
3.15 -8.73394
3.18 -8.73381
3.21 -8.73368
3.24 -8.73355
3.27 -8.73343
3.3 -8.7333
3.33 -8.73317
3.36 -8.73304
3.39 -8.73291
3.42 -8.73278
3.45 -8.73266
3.48 -8.73253
3.51 -8.7324
3.54 -8.73227
3.57 -8.73214
3.6 -8.73202
3.63 -8.73189
3.66 -8.73176
3.69 -8.73163
3.72 -8.7315
3.75 -8.73138
3.78 -8.73125
3.81 -8.73112
3.84 -8.73099
3.87 -8.73087
3.9 -8.73074
3.93 -8.73061
3.96 -8.73048
3.99 -8.73036
4.02 -8.73023
4.05 -8.7301
4.08 -8.72997
4.11 -8.72985
4.14 -8.72972
4.17 -8.72959
4.2 -8.72946
4.23 -8.72934
4.26 -8.72921
4.29 -8.72908
4.32 -8.72895
4.35 -8.72883
4.38 -8.7287
4.41 -8.72857
4.44 -8.72845
4.47 -8.72832
4.5 -8.72819
4.53 -8.72806
4.56 -8.72794
4.59 -8.72781
4.62 -8.72768
4.65 -8.72756
4.68 -8.72743
4.71 -8.7273
4.74 -8.72718
4.77 -8.72705
4.8 -8.72692
4.83 -8.7268
4.86 -8.72667
4.89 -8.72654
4.92 -8.72642
4.95 -8.72629
4.98 -8.72616
5.01 -8.72604
5.04 -8.72591
5.07 -8.72578
5.1 -8.72566
5.13 -8.72553
5.16 -8.7254
5.19 -8.72528
5.22 -8.72515
5.25 -8.72502
5.28 -8.7249
5.31 -8.72477
5.34 -8.72465
5.37 -8.72452
5.4 -8.72439
5.43 -8.72427
5.46 -8.72414
5.49 -8.72402
5.52 -8.72389
5.55 -8.72376
5.58 -8.72364
5.61 -8.72351
5.64 -8.72339
5.67 -8.72326
5.7 -8.72313
5.73 -8.72301
5.76 -8.72288
5.79 -8.72276
5.82 -8.72263
5.85 -8.72251
5.88 -8.72238
5.91 -8.72225
5.94 -8.72213
5.97 -8.722
6 -8.72188
6.03 -8.72175
6.06 -8.72163
6.09 -8.7215
6.12 -8.72138
6.15 -8.72125
6.18 -8.72113
6.21 -8.721
6.24 -8.72088
6.27 -8.72075
6.3 -8.72063
6.33 -8.7205
6.36 -8.72038
6.39 -8.72025
6.42 -8.72013
6.45 -8.72
6.48 -8.71988
6.51 -8.71975
6.54 -8.71963
6.57 -8.7195
6.6 -8.71938
6.63 -8.71925
6.66 -8.71913
6.69 -8.719
6.72 -8.71888
6.75 -8.71875
6.78 -8.71863
6.81 -8.7185
6.84 -8.71838
6.87 -8.71826
6.9 -8.71813
6.93 -8.71801
6.96 -8.71788
6.99 -8.71776
7.02 -8.71763
7.05 -8.71751
7.08 -8.71739
7.11 -8.71726
7.14 -8.71714
7.17 -8.71701
7.2 -8.71689
7.23 -8.71677
7.26 -8.71664
7.29 -8.71652
7.32 -8.71639
7.35 -8.71627
7.38 -8.71615
7.41 -8.71602
7.44 -8.7159
7.47 -8.71577
7.5 -8.71565
7.53 -8.71553
7.56 -8.7154
7.59 -8.71528
7.62 -8.71516
7.65 -8.71503
7.68 -8.71491
7.71 -8.71479
7.74 -8.71466
7.77 -8.71454
7.8 -8.71442
7.83 -8.71429
7.86 -8.71417
7.89 -8.71405
7.92 -8.71392
7.95 -8.7138
7.98 -8.71368
8.01 -8.71356
8.04 -8.71343
8.07 -8.71331
8.1 -8.71319
8.13 -8.71306
8.16 -8.71294
8.19 -8.71282
8.22 -8.7127
8.25 -8.71257
8.28 -8.71245
8.31 -8.71233
8.34 -8.71221
8.37 -8.71208
8.4 -8.71196
8.43 -8.71184
8.46 -8.71172
8.49 -8.71159
8.52 -8.71147
8.55 -8.71135
8.58 -8.71123
8.61 -8.71111
8.64 -8.71098
8.67 -8.71086
8.7 -8.71074
8.73 -8.71062
8.76 -8.7105
8.79 -8.71037
8.82 -8.71025
8.85 -8.71013
8.88 -8.71001
8.91 -8.70989
8.94 -8.70977
8.97 -8.70964
9 -8.70952
9.03 -8.7094
9.06 -8.70928
9.09 -8.70916
9.12 -8.70904
9.15 -8.70892
9.18 -8.7088
9.21 -8.70867
9.24 -8.70855
9.27 -8.70843
9.3 -8.70831
9.33 -8.70819
9.36 -8.70807
9.39 -8.70795
9.42 -8.70783
9.45 -8.70771
9.48 -8.70759
9.51 -8.70747
9.54 -8.70735
9.57 -8.70723
9.6 -8.70711
9.63 -8.70699
9.66 -8.70686
9.69 -8.70674
9.72 -8.70662
9.75 -8.7065
9.78 -8.70638
9.81 -8.70626
9.84 -8.70614
9.87 -8.70602
9.9 -8.7059
9.93 -8.70579
9.96 -8.70567
9.99 -8.70555
10.02 -8.70543
10.05 -8.70531
10.08 -8.70519
10.11 -8.70507
10.14 -8.70495
10.17 -8.70483
10.2 -8.70471
10.23 -8.70459
10.26 -8.70447
10.29 -8.70435
10.32 -8.70423
10.35 -8.70412
10.38 -8.704
10.41 -8.70388
10.44 -8.70376
10.47 -8.70364
10.5 -8.70352
10.53 -8.70341
10.56 -8.70329
10.59 -8.70317
10.62 -8.70305
10.65 -8.70293
10.68 -8.70281
10.71 -8.7027
10.74 -8.70258
10.77 -8.70246
10.8 -8.70234
10.83 -8.70223
10.86 -8.70211
10.89 -8.70199
10.92 -8.70187
10.95 -8.70176
10.98 -8.70164
11.01 -8.70152
11.04 -8.70141
11.07 -8.70129
11.1 -8.70117
11.13 -8.70106
11.16 -8.70094
11.19 -8.70082
11.22 -8.70071
11.25 -8.70059
11.28 -8.70047
11.31 -8.70036
11.34 -8.70024
11.37 -8.70013
11.4 -8.70001
11.43 -8.69989
11.46 -8.69978
11.49 -8.69966
11.52 -8.69955
11.55 -8.69943
11.58 -8.69932
11.61 -8.6992
11.64 -8.69909
11.67 -8.69897
11.7 -8.69886
11.73 -8.69874
11.76 -8.69863
11.79 -8.69851
11.82 -8.6984
11.85 -8.69829
11.88 -8.69817
11.91 -8.69806
11.94 -8.69795
11.97 -8.69783
12 -8.69772
12.03 -8.6976
12.06 -8.69749
12.09 -8.69738
12.12 -8.69727
12.15 -8.69715
12.18 -8.69704
12.21 -8.69693
12.24 -8.69682
12.27 -8.6967
12.3 -8.69659
12.33 -8.69648
12.36 -8.69637
12.39 -8.69626
12.42 -8.69614
12.45 -8.69603
12.48 -8.69592
12.51 -8.69581
12.54 -8.6957
12.57 -8.69559
12.6 -8.69548
12.63 -8.69537
12.66 -8.69526
12.69 -8.69515
12.72 -8.69504
12.75 -8.69493
12.78 -8.69482
12.81 -8.69471
12.84 -8.6946
12.87 -8.69449
12.9 -8.69438
12.93 -8.69427
12.96 -8.69417
12.99 -8.69406
13.02 -8.69395
13.05 -8.69384
13.08 -8.69373
13.11 -8.69363
13.14 -8.69352
13.17 -8.69341
13.2 -8.69331
13.23 -8.6932
13.26 -8.69309
13.29 -8.69299
13.32 -8.69288
13.35 -8.69277
13.38 -8.69267
13.41 -8.69256
13.44 -8.69246
13.47 -8.69235
13.5 -8.69225
13.53 -8.69215
13.56 -8.69204
13.59 -8.69194
13.62 -8.69183
13.65 -8.69173
13.68 -8.69163
13.71 -8.69152
13.74 -8.69142
13.77 -8.69132
13.8 -8.69122
13.83 -8.69112
13.86 -8.69101
13.89 -8.69091
13.92 -8.69081
13.95 -8.69071
13.98 -8.69061
14.01 -8.69051
14.04 -8.69041
14.07 -8.69031
14.1 -8.69021
14.13 -8.69011
14.16 -8.69002
14.19 -8.68992
14.22 -8.68982
14.25 -8.68972
14.28 -8.68963
14.31 -8.68953
14.34 -8.68943
14.37 -8.68934
14.4 -8.68924
14.43 -8.68915
14.46 -8.68905
14.49 -8.68896
14.52 -8.68886
14.55 -8.68877
14.58 -8.68867
14.61 -8.68858
14.64 -8.68849
14.67 -8.68839
14.7 -8.6883
14.73 -8.68821
14.76 -8.68812
14.79 -8.68803
14.82 -8.68794
14.85 -8.68785
14.88 -8.68776
14.91 -8.68767
14.94 -8.68758
14.97 -8.68749
15 -8.68741
15.03 -8.68732
15.06 -8.68723
15.09 -8.68714
15.12 -8.68706
15.15 -8.68697
15.18 -8.68689
15.21 -8.6868
15.24 -8.68672
15.27 -8.68664
15.3 -8.68655
15.33 -8.68647
15.36 -8.68639
15.39 -8.68631
15.42 -8.68623
15.45 -8.68615
15.48 -8.68607
15.51 -8.68599
15.54 -8.68591
15.57 -8.68583
15.6 -8.68575
15.63 -8.68568
15.66 -8.6856
15.69 -8.68553
15.72 -8.68545
15.75 -8.68538
15.78 -8.6853
15.81 -8.68523
15.84 -8.68516
15.87 -8.68509
15.9 -8.68502
15.93 -8.68495
15.96 -8.68488
15.99 -8.68481
16.02 -8.68474
16.05 -8.68467
16.08 -8.68461
16.11 -8.68454
16.14 -8.68448
16.17 -8.68441
16.2 -8.68435
16.23 -8.68429
16.26 -8.68423
16.29 -8.68416
16.32 -8.6841
16.35 -8.68405
16.38 -8.68399
16.41 -8.68393
16.44 -8.68387
16.47 -8.68382
16.5 -8.68376
16.53 -8.68371
16.56 -8.68366
16.59 -8.6836
16.62 -8.68355
16.65 -8.6835
16.68 -8.68346
16.71 -8.68341
16.74 -8.68336
16.77 -8.68332
16.8 -8.68327
16.83 -8.68323
16.86 -8.68319
16.89 -8.68315
16.92 -8.68311
16.95 -8.68307
16.98 -8.68303
17.01 -8.68299
17.04 -8.68296
17.07 -8.68292
17.1 -8.68289
17.13 -8.68286
17.16 -8.68283
17.19 -8.6828
17.22 -8.68278
17.25 -8.68275
17.28 -8.68273
17.31 -8.6827
17.34 -8.68268
17.37 -8.68266
17.4 -8.68265
17.43 -8.68263
17.46 -8.68261
17.49 -8.6826
17.52 -8.68259
17.55 -8.68258
17.58 -8.68257
17.61 -8.68256
17.64 -8.68256
17.67 -8.68256
17.7 -8.68256
17.73 -8.68256
17.76 -8.68256
17.79 -8.68256
17.82 -8.68257
17.85 -8.68258
17.88 -8.68259
17.91 -8.6826
17.94 -8.68262
17.97 -8.68264
18 -8.68266
18.03 -8.68268
18.06 -8.6827
18.09 -8.68273
18.12 -8.68276
18.15 -8.68279
18.18 -8.68283
18.21 -8.68286
18.24 -8.6829
18.27 -8.68295
18.3 -8.68299
18.33 -8.68304
18.36 -8.68309
18.39 -8.68314
18.42 -8.6832
18.45 -8.68326
18.48 -8.68332
18.51 -8.68339
18.54 -8.68346
18.57 -8.68353
18.6 -8.68361
18.63 -8.68368
18.66 -8.68377
18.69 -8.68385
18.72 -8.68394
18.75 -8.68404
18.78 -8.68414
18.81 -8.68424
18.84 -8.68434
18.87 -8.68445
18.9 -8.68457
18.93 -8.68469
18.96 -8.68481
18.99 -8.68494
19.02 -8.68507
19.05 -8.68521
19.08 -8.68535
19.11 -8.68549
19.14 -8.68565
19.17 -8.6858
19.2 -8.68596
19.23 -8.68613
19.26 -8.6863
19.29 -8.68648
19.32 -8.68666
19.35 -8.68685
19.38 -8.68705
19.41 -8.68725
19.44 -8.68746
19.47 -8.68767
19.5 -8.68789
19.53 -8.68812
19.56 -8.68836
19.59 -8.6886
19.62 -8.68884
19.65 -8.6891
19.68 -8.68936
19.71 -8.68963
19.74 -8.68991
19.77 -8.6902
19.8 -8.69049
19.83 -8.69079
19.86 -8.6911
19.89 -8.69142
19.92 -8.69175
19.95 -8.69209
19.98 -8.69244
20.01 -8.69279
20.04 -8.69316
20.07 -8.69353
20.1 -8.69392
20.13 -8.69431
20.16 -8.69472
20.19 -8.69513
20.22 -8.69556
20.25 -8.696
20.28 -8.69645
20.31 -8.69691
20.34 -8.69738
20.37 -8.69786
20.4 -8.69836
20.43 -8.69887
20.46 -8.69939
20.49 -8.69992
20.52 -8.70047
20.55 -8.70103
20.58 -8.7016
20.61 -8.70219
20.64 -8.70279
20.67 -8.70341
20.7 -8.70404
20.73 -8.70468
20.76 -8.70534
20.79 -8.70602
20.82 -8.70671
20.85 -8.70741
20.88 -8.70814
20.91 -8.70887
20.94 -8.70963
20.97 -8.7104
21 -8.71119
21.03 -8.71199
21.06 -8.71282
21.09 -8.71366
21.12 -8.71452
21.15 -8.71539
21.18 -8.71629
21.21 -8.7172
21.24 -8.71813
21.27 -8.71908
21.3 -8.72005
21.33 -8.72104
21.36 -8.72204
21.39 -8.72307
21.42 -8.72412
21.45 -8.72518
21.48 -8.72627
21.51 -8.72737
21.54 -8.7285
21.57 -8.72964
21.6 -8.73081
21.63 -8.73199
21.66 -8.7332
21.69 -8.73442
21.72 -8.73567
21.75 -8.73693
21.78 -8.73822
21.81 -8.73952
21.84 -8.74085
21.87 -8.74219
21.9 -8.74356
21.93 -8.74494
21.96 -8.74635
21.99 -8.74777
22.02 -8.74921
22.05 -8.75067
22.08 -8.75215
22.11 -8.75365
22.14 -8.75517
22.17 -8.7567
22.2 -8.75825
22.23 -8.75982
22.26 -8.76141
22.29 -8.76301
22.32 -8.76462
22.35 -8.76626
22.38 -8.76791
22.41 -8.76957
22.44 -8.77125
22.47 -8.77294
22.5 -8.77464
22.53 -8.77636
22.56 -8.77809
22.59 -8.77983
22.62 -8.78158
22.65 -8.78334
22.68 -8.78511
22.71 -8.78689
22.74 -8.78868
22.77 -8.79047
22.8 -8.79227
22.83 -8.79408
22.86 -8.7959
22.89 -8.79772
22.92 -8.79954
22.95 -8.80137
22.98 -8.8032
23.01 -8.80503
23.04 -8.80687
23.07 -8.8087
23.1 -8.81054
23.13 -8.81237
23.16 -8.81421
23.19 -8.81604
23.22 -8.81787
23.25 -8.81969
23.28 -8.82152
23.31 -8.82334
23.34 -8.82515
23.37 -8.82696
23.4 -8.82876
23.43 -8.83055
23.46 -8.83234
23.49 -8.83412
23.52 -8.83589
23.55 -8.83765
23.58 -8.8394
23.61 -8.84115
23.64 -8.84288
23.67 -8.8446
23.7 -8.84631
23.73 -8.84801
23.76 -8.8497
23.79 -8.85137
23.82 -8.85303
23.85 -8.85468
23.88 -8.85631
23.91 -8.85794
23.94 -8.85954
23.97 -8.86114
24 -8.86271
24.03 -8.86428
24.06 -8.86583
24.09 -8.86736
24.12 -8.86888
24.15 -8.87038
24.18 -8.87187
24.21 -8.87334
24.24 -8.8748
24.27 -8.87624
24.3 -8.87767
24.33 -8.87908
24.36 -8.88047
24.39 -8.88185
24.42 -8.88321
24.45 -8.88456
24.48 -8.88589
24.51 -8.8872
24.54 -8.8885
24.57 -8.88978
24.6 -8.89105
24.63 -8.8923
24.66 -8.89354
24.69 -8.89476
24.72 -8.89596
24.75 -8.89715
24.78 -8.89832
24.81 -8.89948
24.84 -8.90062
24.87 -8.90175
24.9 -8.90287
24.93 -8.90397
24.96 -8.90505
24.99 -8.90612
25.02 -8.90718
25.05 -8.90822
25.08 -8.90924
25.11 -8.91026
25.14 -8.91126
25.17 -8.91224
25.2 -8.91322
25.23 -8.91417
25.26 -8.91512
25.29 -8.91605
25.32 -8.91697
25.35 -8.91788
25.38 -8.91878
25.41 -8.91966
25.44 -8.92053
25.47 -8.92139
25.5 -8.92224
25.53 -8.92307
25.56 -8.92389
25.59 -8.9247
25.62 -8.92551
25.65 -8.92629
25.68 -8.92707
25.71 -8.92784
25.74 -8.9286
25.77 -8.92934
25.8 -8.93008
25.83 -8.93081
25.86 -8.93152
25.89 -8.93223
25.92 -8.93293
25.95 -8.93361
25.98 -8.93429
26.01 -8.93496
26.04 -8.93562
26.07 -8.93627
26.1 -8.93691
26.13 -8.93754
26.16 -8.93816
26.19 -8.93878
26.22 -8.93938
26.25 -8.93998
26.28 -8.94057
26.31 -8.94115
26.34 -8.94173
26.37 -8.94229
26.4 -8.94285
26.43 -8.9434
26.46 -8.94395
26.49 -8.94448
26.52 -8.94501
26.55 -8.94553
26.58 -8.94605
26.61 -8.94656
26.64 -8.94706
26.67 -8.94755
26.7 -8.94804
26.73 -8.94853
26.76 -8.949
26.79 -8.94947
26.82 -8.94993
26.85 -8.95039
26.88 -8.95084
26.91 -8.95129
26.94 -8.95173
26.97 -8.95216
27 -8.95259
27.03 -8.95302
27.06 -8.95343
27.09 -8.95385
27.12 -8.95425
27.15 -8.95466
27.18 -8.95505
27.21 -8.95545
27.24 -8.95583
27.27 -8.95622
27.3 -8.95659
27.33 -8.95697
27.36 -8.95734
27.39 -8.9577
27.42 -8.95806
27.45 -8.95842
27.48 -8.95877
27.51 -8.95911
27.54 -8.95946
27.57 -8.9598
27.6 -8.96013
27.63 -8.96046
27.66 -8.96079
27.69 -8.96111
27.72 -8.96143
27.75 -8.96174
27.78 -8.96206
27.81 -8.96236
27.84 -8.96267
27.87 -8.96297
27.9 -8.96327
27.93 -8.96356
27.96 -8.96385
27.99 -8.96414
28.02 -8.96442
28.05 -8.9647
28.08 -8.96498
28.11 -8.96526
28.14 -8.96553
28.17 -8.9658
28.2 -8.96606
28.23 -8.96633
28.26 -8.96659
28.29 -8.96684
28.32 -8.9671
28.35 -8.96735
28.38 -8.9676
28.41 -8.96784
28.44 -8.96809
28.47 -8.96833
28.5 -8.96857
28.53 -8.9688
28.56 -8.96904
28.59 -8.96927
28.62 -8.9695
28.65 -8.96973
28.68 -8.96995
28.71 -8.97017
28.74 -8.97039
28.77 -8.97061
28.8 -8.97082
28.83 -8.97104
28.86 -8.97125
28.89 -8.97146
28.92 -8.97166
28.95 -8.97187
28.98 -8.97207
29.01 -8.97227
29.04 -8.97247
29.07 -8.97267
29.1 -8.97287
29.13 -8.97306
29.16 -8.97325
29.19 -8.97344
29.22 -8.97363
29.25 -8.97381
29.28 -8.974
29.31 -8.97418
29.34 -8.97436
29.37 -8.97454
29.4 -8.97472
29.43 -8.9749
29.46 -8.97507
29.49 -8.97524
29.52 -8.97542
29.55 -8.97559
29.58 -8.97575
29.61 -8.97592
29.64 -8.97609
29.67 -8.97625
29.7 -8.97641
29.73 -8.97658
29.76 -8.97674
29.79 -8.97689
29.82 -8.97705
29.85 -8.97721
29.88 -8.97736
29.91 -8.97752
29.94 -8.97767
29.97 -8.97782
30 -8.97797
30.001 -10
