0 -10
0.03 -8.84251
0.06 -8.84213
0.09 -8.84175
0.12 -8.84136
0.15 -8.84097
0.18 -8.84058
0.21 -8.84019
0.24 -8.8398
0.27 -8.8394
0.3 -8.839
0.33 -8.8386
0.36 -8.83819
0.39 -8.83779
0.42 -8.83738
0.45 -8.83697
0.48 -8.83656
0.51 -8.83614
0.54 -8.83573
0.57 -8.83531
0.6 -8.83489
0.63 -8.83446
0.66 -8.83404
0.69 -8.83361
0.72 -8.83318
0.75 -8.83275
0.78 -8.83232
0.81 -8.83188
0.84 -8.83144
0.87 -8.831
0.9 -8.83056
0.93 -8.83011
0.96 -8.82967
0.99 -8.82922
1.02 -8.82877
1.05 -8.82831
1.08 -8.82786
1.11 -8.8274
1.14 -8.82694
1.17 -8.82648
1.2 -8.82602
1.23 -8.82555
1.26 -8.82508
1.29 -8.82461
1.32 -8.82414
1.35 -8.82367
1.38 -8.82319
1.41 -8.82271
1.44 -8.82223
1.47 -8.82175
1.5 -8.82127
1.53 -8.82078
1.56 -8.8203
1.59 -8.81981
1.62 -8.81932
1.65 -8.81882
1.68 -8.81833
1.71 -8.81783
1.74 -8.81733
1.77 -8.81683
1.8 -8.81633
1.83 -8.81583
1.86 -8.81532
1.89 -8.81481
1.92 -8.8143
1.95 -8.81379
1.98 -8.81328
2.01 -8.81277
2.04 -8.81225
2.07 -8.81173
2.1 -8.81121
2.13 -8.81069
2.16 -8.81017
2.19 -8.80965
2.22 -8.80912
2.25 -8.80859
2.28 -8.80807
2.31 -8.80754
2.34 -8.807
2.37 -8.80647
2.4 -8.80594
2.43 -8.8054
2.46 -8.80486
2.49 -8.80432
2.52 -8.80378
2.55 -8.80324
2.58 -8.8027
2.61 -8.80216
2.64 -8.80161
2.67 -8.80106
2.7 -8.80052
2.73 -8.79997
2.76 -8.79942
2.79 -8.79887
2.82 -8.79831
2.85 -8.79776
2.88 -8.79721
2.91 -8.79665
2.94 -8.79609
2.97 -8.79554
3 -8.79498
3.03 -8.79442
3.06 -8.79386
3.09 -8.79329
3.12 -8.79273
3.15 -8.79217
3.18 -8.7916
3.21 -8.79104
3.24 -8.79047
3.27 -8.78991
3.3 -8.78934
3.33 -8.78877
3.36 -8.7882
3.39 -8.78763
3.42 -8.78706
3.45 -8.78649
3.48 -8.78592
3.51 -8.78535
3.54 -8.78477
3.57 -8.7842
3.6 -8.78363
3.63 -8.78305
3.66 -8.78248
3.69 -8.7819
3.72 -8.78133
3.75 -8.78075
3.78 -8.78017
3.81 -8.7796
3.84 -8.77902
3.87 -8.77844
3.9 -8.77786
3.93 -8.77729
3.96 -8.77671
3.99 -8.77613
4.02 -8.77555
4.05 -8.77497
4.08 -8.77439
4.11 -8.77381
4.14 -8.77323
4.17 -8.77265
4.2 -8.77207
4.23 -8.77149
4.26 -8.77091
4.29 -8.77033
4.32 -8.76975
4.35 -8.76917
4.38 -8.76859
4.41 -8.76801
4.44 -8.76743
4.47 -8.76686
4.5 -8.76628
4.53 -8.7657
4.56 -8.76512
4.59 -8.76454
4.62 -8.76396
4.65 -8.76338
4.68 -8.7628
4.71 -8.76223
4.74 -8.76165
4.77 -8.76107
4.8 -8.76049
4.83 -8.75992
4.86 -8.75934
4.89 -8.75877
4.92 -8.75819
4.95 -8.75762
4.98 -8.75704
5.01 -8.75647
5.04 -8.75589
5.07 -8.75532
5.1 -8.75475
5.13 -8.75417
5.16 -8.7536
5.19 -8.75303
5.22 -8.75246
5.25 -8.75189
5.28 -8.75132
5.31 -8.75075
5.34 -8.75018
5.37 -8.74962
5.4 -8.74905
5.43 -8.74848
5.46 -8.74792
5.49 -8.74735
5.52 -8.74679
5.55 -8.74623
5.58 -8.74566
5.61 -8.7451
5.64 -8.74454
5.67 -8.74398
5.7 -8.74342
5.73 -8.74286
5.76 -8.7423
5.79 -8.74174
5.82 -8.74119
5.85 -8.74063
5.88 -8.74008
5.91 -8.73952
5.94 -8.73897
5.97 -8.73842
6 -8.73786
6.03 -8.73731
6.06 -8.73676
6.09 -8.73621
6.12 -8.73567
6.15 -8.73512
6.18 -8.73457
6.21 -8.73403
6.24 -8.73348
6.27 -8.73294
6.3 -8.7324
6.33 -8.73186
6.36 -8.73132
6.39 -8.73078
6.42 -8.73024
6.45 -8.7297
6.48 -8.72916
6.51 -8.72863
6.54 -8.72809
6.57 -8.72756
6.6 -8.72703
6.63 -8.7265
6.66 -8.72597
6.69 -8.72544
6.72 -8.72491
6.75 -8.72438
6.78 -8.72385
6.81 -8.72333
6.84 -8.7228
6.87 -8.72228
6.9 -8.72176
6.93 -8.72124
6.96 -8.72072
6.99 -8.7202
7.02 -8.71968
7.05 -8.71916
7.08 -8.71865
7.11 -8.71813
7.14 -8.71762
7.17 -8.7171
7.2 -8.71659
7.23 -8.71608
7.26 -8.71557
7.29 -8.71506
7.32 -8.71456
7.35 -8.71405
7.38 -8.71355
7.41 -8.71304
7.44 -8.71254
7.47 -8.71204
7.5 -8.71154
7.53 -8.71104
7.56 -8.71054
7.59 -8.71004
7.62 -8.70954
7.65 -8.70905
7.68 -8.70855
7.71 -8.70806
7.74 -8.70757
7.77 -8.70708
7.8 -8.70659
7.83 -8.7061
7.86 -8.70561
7.89 -8.70512
7.92 -8.70464
7.95 -8.70415
7.98 -8.70367
8.01 -8.70318
8.04 -8.7027
8.07 -8.70222
8.1 -8.70174
8.13 -8.70126
8.16 -8.70079
8.19 -8.70031
8.22 -8.69984
8.25 -8.69936
8.28 -8.69889
8.31 -8.69842
8.34 -8.69794
8.37 -8.69747
8.4 -8.697
8.43 -8.69654
8.46 -8.69607
8.49 -8.6956
8.52 -8.69514
8.55 -8.69467
8.58 -8.69421
8.61 -8.69375
8.64 -8.69329
8.67 -8.69283
8.7 -8.69237
8.73 -8.69191
8.76 -8.69145
8.79 -8.691
8.82 -8.69054
8.85 -8.69009
8.88 -8.68963
8.91 -8.68918
8.94 -8.68873
8.97 -8.68828
9 -8.68783
9.03 -8.68738
9.06 -8.68693
9.09 -8.68649
9.12 -8.68604
9.15 -8.6856
9.18 -8.68515
9.21 -8.68471
9.24 -8.68427
9.27 -8.68383
9.3 -8.68339
9.33 -8.68295
9.36 -8.68251
9.39 -8.68207
9.42 -8.68163
9.45 -8.6812
9.48 -8.68076
9.51 -8.68033
9.54 -8.6799
9.57 -8.67946
9.6 -8.67903
9.63 -8.6786
9.66 -8.67817
9.69 -8.67774
9.72 -8.67731
9.75 -8.67689
9.78 -8.67646
9.81 -8.67604
9.84 -8.67561
9.87 -8.67519
9.9 -8.67476
9.93 -8.67434
9.96 -8.67392
9.99 -8.6735
10.02 -8.67308
10.05 -8.67266
10.08 -8.67224
10.11 -8.67182
10.14 -8.67141
10.17 -8.67099
10.2 -8.67057
10.23 -8.67016
10.26 -8.66975
10.29 -8.66933
10.32 -8.66892
10.35 -8.66851
10.38 -8.6681
10.41 -8.66769
10.44 -8.66728
10.47 -8.66687
10.5 -8.66646
10.53 -8.66605
10.56 -8.66565
10.59 -8.66524
10.62 -8.66484
10.65 -8.66443
10.68 -8.66403
10.71 -8.66362
10.74 -8.66322
10.77 -8.66282
10.8 -8.66242
10.83 -8.66202
10.86 -8.66162
10.89 -8.66122
10.92 -8.66082
10.95 -8.66042
10.98 -8.66002
11.01 -8.65963
11.04 -8.65923
11.07 -8.65884
11.1 -8.65844
11.13 -8.65805
11.16 -8.65765
11.19 -8.65726
11.22 -8.65687
11.25 -8.65648
11.28 -8.65608
11.31 -8.65569
11.34 -8.6553
11.37 -8.65491
11.4 -8.65453
11.43 -8.65414
11.46 -8.65375
11.49 -8.65336
11.52 -8.65298
11.55 -8.65259
11.58 -8.6522
11.61 -8.65182
11.64 -8.65144
11.67 -8.65105
11.7 -8.65067
11.73 -8.65029
11.76 -8.6499
11.79 -8.64952
11.82 -8.64914
11.85 -8.64876
11.88 -8.64838
11.91 -8.648
11.94 -8.64762
11.97 -8.64724
12 -8.64686
12.03 -8.64649
12.06 -8.64611
12.09 -8.64573
12.12 -8.64536
12.15 -8.64498
12.18 -8.64461
12.21 -8.64423
12.24 -8.64386
12.27 -8.64348
12.3 -8.64311
12.33 -8.64274
12.36 -8.64236
12.39 -8.64199
12.42 -8.64162
12.45 -8.64125
12.48 -8.64088
12.51 -8.64051
12.54 -8.64014
12.57 -8.63977
12.6 -8.6394
12.63 -8.63903
12.66 -8.63867
12.69 -8.6383
12.72 -8.63793
12.75 -8.63757
12.78 -8.6372
12.81 -8.63683
12.84 -8.63647
12.87 -8.6361
12.9 -8.63574
12.93 -8.63538
12.96 -8.63501
12.99 -8.63465
13.02 -8.63429
13.05 -8.63392
13.08 -8.63356
13.11 -8.6332
13.14 -8.63284
13.17 -8.63248
13.2 -8.63212
13.23 -8.63176
13.26 -8.6314
13.29 -8.63104
13.32 -8.63068
13.35 -8.63032
13.38 -8.62997
13.41 -8.62961
13.44 -8.62925
13.47 -8.6289
13.5 -8.62854
13.53 -8.62818
13.56 -8.62783
13.59 -8.62747
13.62 -8.62712
13.65 -8.62676
13.68 -8.62641
13.71 -8.62606
13.74 -8.6257
13.77 -8.62535
13.8 -8.625
13.83 -8.62464
13.86 -8.62429
13.89 -8.62394
13.92 -8.62359
13.95 -8.62324
13.98 -8.62289
14.01 -8.62254
14.04 -8.62219
14.07 -8.62184
14.1 -8.62149
14.13 -8.62114
14.16 -8.6208
14.19 -8.62045
14.22 -8.6201
14.25 -8.61975
14.28 -8.61941
14.31 -8.61906
14.34 -8.61871
14.37 -8.61837
14.4 -8.61802
14.43 -8.61768
14.46 -8.61733
14.49 -8.61699
14.52 -8.61665
14.55 -8.6163
14.58 -8.61596
14.61 -8.61562
14.64 -8.61527
14.67 -8.61493
14.7 -8.61459
14.73 -8.61425
14.76 -8.61391
14.79 -8.61357
14.82 -8.61323
14.85 -8.61289
14.88 -8.61255
14.91 -8.61221
14.94 -8.61187
14.97 -8.61153
15 -8.61119
15.03 -8.61085
15.06 -8.61052
15.09 -8.61018
15.12 -8.60984
15.15 -8.60951
15.18 -8.60917
15.21 -8.60883
15.24 -8.6085
15.27 -8.60816
15.3 -8.60783
15.33 -8.60749
15.36 -8.60716
15.39 -8.60683
15.42 -8.60649
15.45 -8.60616
15.48 -8.60583
15.51 -8.6055
15.54 -8.60516
15.57 -8.60483
15.6 -8.6045
15.63 -8.60417
15.66 -8.60384
15.69 -8.60351
15.72 -8.60318
15.75 -8.60285
15.78 -8.60252
15.81 -8.60219
15.84 -8.60186
15.87 -8.60154
15.9 -8.60121
15.93 -8.60088
15.96 -8.60055
15.99 -8.60023
16.02 -8.5999
16.05 -8.59958
16.08 -8.59925
16.11 -8.59893
16.14 -8.5986
16.17 -8.59828
16.2 -8.59795
16.23 -8.59763
16.26 -8.59731
16.29 -8.59698
16.32 -8.59666
16.35 -8.59634
16.38 -8.59602
16.41 -8.59569
16.44 -8.59537
16.47 -8.59505
16.5 -8.59473
16.53 -8.59441
16.56 -8.59409
16.59 -8.59377
16.62 -8.59346
16.65 -8.59314
16.68 -8.59282
16.71 -8.5925
16.74 -8.59218
16.77 -8.59187
16.8 -8.59155
16.83 -8.59123
16.86 -8.59092
16.89 -8.5906
16.92 -8.59029
16.95 -8.58997
16.98 -8.58966
17.01 -8.58935
17.04 -8.58903
17.07 -8.58872
17.1 -8.58841
17.13 -8.5881
17.16 -8.58778
17.19 -8.58747
17.22 -8.58716
17.25 -8.58685
17.28 -8.58654
17.31 -8.58623
17.34 -8.58592
17.37 -8.58561
17.4 -8.5853
17.43 -8.585
17.46 -8.58469
17.49 -8.58438
17.52 -8.58408
17.55 -8.58377
17.58 -8.58346
17.61 -8.58316
17.64 -8.58285
17.67 -8.58255
17.7 -8.58224
17.73 -8.58194
17.76 -8.58164
17.79 -8.58133
17.82 -8.58103
17.85 -8.58073
17.88 -8.58043
17.91 -8.58013
17.94 -8.57983
17.97 -8.57953
18 -8.57923
18.03 -8.57893
18.06 -8.57863
18.09 -8.57833
18.12 -8.57803
18.15 -8.57774
18.18 -8.57744
18.21 -8.57714
18.24 -8.57685
18.27 -8.57655
18.3 -8.57626
18.33 -8.57596
18.36 -8.57567
18.39 -8.57537
18.42 -8.57508
18.45 -8.57479
18.48 -8.5745
18.51 -8.57421
18.54 -8.57391
18.57 -8.57362
18.6 -8.57333
18.63 -8.57304
18.66 -8.57276
18.69 -8.57247
18.72 -8.57218
18.75 -8.57189
18.78 -8.57161
18.81 -8.57132
18.84 -8.57103
18.87 -8.57075
18.9 -8.57046
18.93 -8.57018
18.96 -8.5699
18.99 -8.56961
19.02 -8.56933
19.05 -8.56905
19.08 -8.56877
19.11 -8.56849
19.14 -8.56821
19.17 -8.56793
19.2 -8.56765
19.23 -8.56737
19.26 -8.56709
19.29 -8.56681
19.32 -8.56654
19.35 -8.56626
19.38 -8.56599
19.41 -8.56571
19.44 -8.56544
19.47 -8.56516
19.5 -8.56489
19.53 -8.56462
19.56 -8.56435
19.59 -8.56408
19.62 -8.56381
19.65 -8.56354
19.68 -8.56327
19.71 -8.563
19.74 -8.56273
19.77 -8.56246
19.8 -8.5622
19.83 -8.56193
19.86 -8.56167
19.89 -8.5614
19.92 -8.56114
19.95 -8.56088
19.98 -8.56061
20.01 -8.56035
20.04 -8.56009
20.07 -8.55983
20.1 -8.55957
20.13 -8.55931
20.16 -8.55906
20.19 -8.5588
20.22 -8.55854
20.25 -8.55829
20.28 -8.55803
20.31 -8.55778
20.34 -8.55752
20.37 -8.55727
20.4 -8.55702
20.43 -8.55677
20.46 -8.55652
20.49 -8.55627
20.52 -8.55602
20.55 -8.55577
20.58 -8.55552
20.61 -8.55528
20.64 -8.55503
20.67 -8.55479
20.7 -8.55454
20.73 -8.5543
20.76 -8.55406
20.79 -8.55382
20.82 -8.55358
20.85 -8.55334
20.88 -8.5531
20.91 -8.55286
20.94 -8.55262
20.97 -8.55238
21 -8.55215
21.03 -8.55192
21.06 -8.55168
21.09 -8.55145
21.12 -8.55122
21.15 -8.55099
21.18 -8.55076
21.21 -8.55053
21.24 -8.5503
21.27 -8.55007
21.3 -8.54985
21.33 -8.54962
21.36 -8.5494
21.39 -8.54917
21.42 -8.54895
21.45 -8.54873
21.48 -8.54851
21.51 -8.54829
21.54 -8.54807
21.57 -8.54786
21.6 -8.54764
21.63 -8.54742
21.66 -8.54721
21.69 -8.547
21.72 -8.54679
21.75 -8.54657
21.78 -8.54636
21.81 -8.54616
21.84 -8.54595
21.87 -8.54574
21.9 -8.54554
21.93 -8.54533
21.96 -8.54513
21.99 -8.54493
22.02 -8.54473
22.05 -8.54453
22.08 -8.54433
22.11 -8.54413
22.14 -8.54394
22.17 -8.54374
22.2 -8.54355
22.23 -8.54336
22.26 -8.54317
22.29 -8.54298
22.32 -8.54279
22.35 -8.5426
22.38 -8.54242
22.41 -8.54223
22.44 -8.54205
22.47 -8.54187
22.5 -8.54169
22.53 -8.54151
22.56 -8.54133
22.59 -8.54116
22.62 -8.54098
22.65 -8.54081
22.68 -8.54064
22.71 -8.54047
22.74 -8.5403
22.77 -8.54013
22.8 -8.53997
22.83 -8.53981
22.86 -8.53964
22.89 -8.53948
22.92 -8.53933
22.95 -8.53917
22.98 -8.53901
23.01 -8.53886
23.04 -8.53871
23.07 -8.53856
23.1 -8.53841
23.13 -8.53827
23.16 -8.53812
23.19 -8.53798
23.22 -8.53784
23.25 -8.5377
23.28 -8.53757
23.31 -8.53744
23.34 -8.5373
23.37 -8.53717
23.4 -8.53705
23.43 -8.53692
23.46 -8.5368
23.49 -8.53668
23.52 -8.53656
23.55 -8.53645
23.58 -8.53633
23.61 -8.53622
23.64 -8.53611
23.67 -8.53601
23.7 -8.53591
23.73 -8.53581
23.76 -8.53571
23.79 -8.53561
23.82 -8.53552
23.85 -8.53543
23.88 -8.53535
23.91 -8.53526
23.94 -8.53518
23.97 -8.53511
24 -8.53503
24.03 -8.53496
24.06 -8.53489
24.09 -8.53483
24.12 -8.53477
24.15 -8.53471
24.18 -8.53466
24.21 -8.53461
24.24 -8.53456
24.27 -8.53452
24.3 -8.53448
24.33 -8.53445
24.36 -8.53442
24.39 -8.53439
24.42 -8.53437
24.45 -8.53435
24.48 -8.53433
24.51 -8.53432
24.54 -8.53432
24.57 -8.53432
24.6 -8.53432
24.63 -8.53433
24.66 -8.53434
24.69 -8.53436
24.72 -8.53438
24.75 -8.53441
24.78 -8.53444
24.81 -8.53448
24.84 -8.53453
24.87 -8.53457
24.9 -8.53463
24.93 -8.53469
24.96 -8.53475
24.99 -8.53482
25.02 -8.5349
25.05 -8.53498
25.08 -8.53507
25.11 -8.53517
25.14 -8.53527
25.17 -8.53537
25.2 -8.53549
25.23 -8.53561
25.26 -8.53573
25.29 -8.53586
25.32 -8.536
25.35 -8.53615
25.38 -8.5363
25.41 -8.53646
25.44 -8.53663
25.47 -8.5368
25.5 -8.53698
25.53 -8.53717
25.56 -8.53736
25.59 -8.53757
25.62 -8.53777
25.65 -8.53799
25.68 -8.53822
25.71 -8.53845
25.74 -8.53869
25.77 -8.53893
25.8 -8.53919
25.83 -8.53945
25.86 -8.53972
25.89 -8.54
25.92 -8.54029
25.95 -8.54058
25.98 -8.54088
26.01 -8.54119
26.04 -8.54151
26.07 -8.54183
26.1 -8.54217
26.13 -8.54251
26.16 -8.54286
26.19 -8.54322
26.22 -8.54358
26.25 -8.54396
26.28 -8.54434
26.31 -8.54473
26.34 -8.54512
26.37 -8.54553
26.4 -8.54594
26.43 -8.54636
26.46 -8.54679
26.49 -8.54722
26.52 -8.54767
26.55 -8.54812
26.58 -8.54858
26.61 -8.54904
26.64 -8.54951
26.67 -8.54999
26.7 -8.55048
26.73 -8.55098
26.76 -8.55148
26.79 -8.55198
26.82 -8.5525
26.85 -8.55302
26.88 -8.55355
26.91 -8.55408
26.94 -8.55462
26.97 -8.55517
27 -8.55572
27.03 -8.55628
27.06 -8.55684
27.09 -8.55741
27.12 -8.55798
27.15 -8.55856
27.18 -8.55914
27.21 -8.55973
27.24 -8.56033
27.27 -8.56092
27.3 -8.56153
27.33 -8.56213
27.36 -8.56274
27.39 -8.56336
27.42 -8.56397
27.45 -8.5646
27.48 -8.56522
27.51 -8.56585
27.54 -8.56648
27.57 -8.56711
27.6 -8.56775
27.63 -8.56839
27.66 -8.56903
27.69 -8.56967
27.72 -8.57031
27.75 -8.57096
27.78 -8.5716
27.81 -8.57225
27.84 -8.5729
27.87 -8.57355
27.9 -8.5742
27.93 -8.57486
27.96 -8.57551
27.99 -8.57616
28.02 -8.57681
28.05 -8.57747
28.08 -8.57812
28.11 -8.57877
28.14 -8.57942
28.17 -8.58007
28.2 -8.58072
28.23 -8.58137
28.26 -8.58202
28.29 -8.58267
28.32 -8.58331
28.35 -8.58395
28.38 -8.5846
28.41 -8.58524
28.44 -8.58588
28.47 -8.58651
28.5 -8.58715
28.53 -8.58778
28.56 -8.58841
28.59 -8.58904
28.62 -8.58966
28.65 -8.59028
28.68 -8.5909
28.71 -8.59152
28.74 -8.59214
28.77 -8.59275
28.8 -8.59336
28.83 -8.59396
28.86 -8.59456
28.89 -8.59516
28.92 -8.59576
28.95 -8.59635
28.98 -8.59694
29.01 -8.59753
29.04 -8.59811
29.07 -8.59869
29.1 -8.59926
29.13 -8.59983
29.16 -8.6004
29.19 -8.60097
29.22 -8.60153
29.25 -8.60208
29.28 -8.60264
29.31 -8.60319
29.34 -8.60373
29.37 -8.60427
29.4 -8.60481
29.43 -8.60535
29.46 -8.60588
29.49 -8.60641
29.52 -8.60693
29.55 -8.60745
29.58 -8.60796
29.61 -8.60847
29.64 -8.60898
29.67 -8.60949
29.7 -8.60999
29.73 -8.61048
29.76 -8.61097
29.79 -8.61146
29.82 -8.61195
29.85 -8.61243
29.88 -8.61291
29.91 -8.61338
29.94 -8.61385
29.97 -8.61432
30 -8.61478
30.001 -10
