0 5
0.03 4.95852
0.06 4.95876
0.09 4.959
0.12 4.95925
0.15 4.95949
0.18 4.95974
0.21 4.95999
0.24 4.96024
0.27 4.96049
0.3 4.96074
0.33 4.961
0.36 4.96125
0.39 4.96151
0.42 4.96177
0.45 4.96203
0.48 4.96229
0.51 4.96255
0.54 4.96282
0.57 4.96308
0.6 4.96335
0.63 4.96362
0.66 4.96389
0.69 4.96416
0.72 4.96444
0.75 4.96471
0.78 4.96499
0.81 4.96527
0.84 4.96555
0.87 4.96583
0.9 4.96611
0.93 4.9664
0.96 4.96668
0.99 4.96697
1.02 4.96726
1.05 4.96755
1.08 4.96785
1.11 4.96814
1.14 4.96843
1.17 4.96873
1.2 4.96903
1.23 4.96933
1.26 4.96963
1.29 4.96994
1.32 4.97024
1.35 4.97055
1.38 4.97086
1.41 4.97117
1.44 4.97148
1.47 4.97179
1.5 4.9721
1.53 4.97242
1.56 4.97274
1.59 4.97306
1.62 4.97338
1.65 4.9737
1.68 4.97403
1.71 4.97435
1.74 4.97468
1.77 4.97501
1.8 4.97534
1.83 4.97567
1.86 4.976
1.89 4.97634
1.92 4.97667
1.95 4.97701
1.98 4.97735
2.01 4.97769
2.04 4.97804
2.07 4.97838
2.1 4.97873
2.13 4.97908
2.16 4.97942
2.19 4.97978
2.22 4.98013
2.25 4.98048
2.28 4.98084
2.31 4.98119
2.34 4.98155
2.37 4.98191
2.4 4.98227
2.43 4.98264
2.46 4.983
2.49 4.98337
2.52 4.98373
2.55 4.9841
2.58 4.98447
2.61 4.98485
2.64 4.98522
2.67 4.98559
2.7 4.98597
2.73 4.98635
2.76 4.98673
2.79 4.98711
2.82 4.98749
2.85 4.98787
2.88 4.98826
2.91 4.98865
2.94 4.98903
2.97 4.98942
3 4.98981
3.03 4.99021
3.06 4.9906
3.09 4.991
3.12 4.99139
3.15 4.99179
3.18 4.99219
3.21 4.99259
3.24 4.99299
3.27 4.99339
3.3 4.9938
3.33 4.9942
3.36 4.99461
3.39 4.99502
3.42 4.99543
3.45 4.99584
3.48 4.99625
3.51 4.99667
3.54 4.99708
3.57 4.9975
3.6 4.99791
3.63 4.99833
3.66 4.99875
3.69 4.99917
3.72 4.9996
3.75 5.00002
3.78 5.00044
3.81 5.00087
3.84 5.0013
3.87 5.00172
3.9 5.00215
3.93 5.00258
3.96 5.00302
3.99 5.00345
4.02 5.00388
4.05 5.00432
4.08 5.00475
4.11 5.00519
4.14 5.00563
4.17 5.00607
4.2 5.00651
4.23 5.00695
4.26 5.00739
4.29 5.00783
4.32 5.00828
4.35 5.00872
4.38 5.00917
4.41 5.00962
4.44 5.01006
4.47 5.01051
4.5 5.01096
4.53 5.01141
4.56 5.01186
4.59 5.01232
4.62 5.01277
4.65 5.01323
4.68 5.01368
4.71 5.01414
4.74 5.01459
4.77 5.01505
4.8 5.01551
4.83 5.01597
4.86 5.01643
4.89 5.01689
4.92 5.01735
4.95 5.01782
4.98 5.01828
5.01 5.01874
5.04 5.01921
5.07 5.01968
5.1 5.02014
5.13 5.02061
5.16 5.02108
5.19 5.02155
5.22 5.02202
5.25 5.02249
5.28 5.02296
5.31 5.02343
5.34 5.0239
5.37 5.02437
5.4 5.02485
5.43 5.02532
5.46 5.02579
5.49 5.02627
5.52 5.02674
5.55 5.02722
5.58 5.0277
5.61 5.02818
5.64 5.02865
5.67 5.02913
5.7 5.02961
5.73 5.03009
5.76 5.03057
5.79 5.03105
5.82 5.03153
5.85 5.03201
5.88 5.0325
5.91 5.03298
5.94 5.03346
5.97 5.03395
6 5.03443
6.03 5.03491
6.06 5.0354
6.09 5.03588
6.12 5.03637
6.15 5.03686
6.18 5.03734
6.21 5.03783
6.24 5.03832
6.27 5.0388
6.3 5.03929
6.33 5.03978
6.36 5.04027
6.39 5.04076
6.42 5.04125
6.45 5.04174
6.48 5.04223
6.51 5.04272
6.54 5.04321
6.57 5.0437
6.6 5.04419
6.63 5.04468
6.66 5.04518
6.69 5.04567
6.72 5.04616
6.75 5.04665
6.78 5.04715
6.81 5.04764
6.84 5.04813
6.87 5.04863
6.9 5.04912
6.93 5.04962
6.96 5.05011
6.99 5.05061
7.02 5.0511
7.05 5.0516
7.08 5.05209
7.11 5.05259
7.14 5.05309
7.17 5.05358
7.2 5.05408
7.23 5.05458
7.26 5.05507
7.29 5.05557
7.32 5.05607
7.35 5.05657
7.38 5.05706
7.41 5.05756
7.44 5.05806
7.47 5.05856
7.5 5.05906
7.53 5.05956
7.56 5.06005
7.59 5.06055
7.62 5.06105
7.65 5.06155
7.68 5.06205
7.71 5.06255
7.74 5.06305
7.77 5.06355
7.8 5.06405
7.83 5.06455
7.86 5.06505
7.89 5.06555
7.92 5.06605
7.95 5.06656
7.98 5.06706
8.01 5.06756
8.04 5.06806
8.07 5.06856
8.1 5.06906
8.13 5.06957
8.16 5.07007
8.19 5.07057
8.22 5.07107
8.25 5.07157
8.28 5.07208
8.31 5.07258
8.34 5.07308
8.37 5.07359
8.4 5.07409
8.43 5.07459
8.46 5.0751
8.49 5.0756
8.52 5.0761
8.55 5.07661
8.58 5.07711
8.61 5.07762
8.64 5.07812
8.67 5.07863
8.7 5.07913
8.73 5.07964
8.76 5.08014
8.79 5.08065
8.82 5.08115
8.85 5.08166
8.88 5.08216
8.91 5.08267
8.94 5.08318
8.97 5.08368
9 5.08419
9.03 5.0847
9.06 5.0852
9.09 5.08571
9.12 5.08622
9.15 5.08672
9.18 5.08723
9.21 5.08774
9.24 5.08825
9.27 5.08875
9.3 5.08926
9.33 5.08977
9.36 5.09028
9.39 5.09079
9.42 5.0913
9.45 5.09181
9.48 5.09232
9.51 5.09283
9.54 5.09334
9.57 5.09385
9.6 5.09436
9.63 5.09487
9.66 5.09538
9.69 5.09589
9.72 5.0964
9.75 5.09691
9.78 5.09743
9.81 5.09794
9.84 5.09845
9.87 5.09896
9.9 5.09948
9.93 5.09999
9.96 5.1005
9.99 5.10102
10.02 5.10153
10.05 5.10204
10.08 5.10256
10.11 5.10307
10.14 5.10359
10.17 5.1041
10.2 5.10462
10.23 5.10514
10.26 5.10565
10.29 5.10617
10.32 5.10669
10.35 5.1072
10.38 5.10772
10.41 5.10824
10.44 5.10876
10.47 5.10928
10.5 5.1098
10.53 5.11032
10.56 5.11084
10.59 5.11136
10.62 5.11188
10.65 5.1124
10.68 5.11292
10.71 5.11344
10.74 5.11396
10.77 5.11448
10.8 5.11501
10.83 5.11553
10.86 5.11605
10.89 5.11658
10.92 5.1171
10.95 5.11763
10.98 5.11815
11.01 5.11868
11.04 5.1192
11.07 5.11973
11.1 5.12026
11.13 5.12078
11.16 5.12131
11.19 5.12184
11.22 5.12237
11.25 5.1229
11.28 5.12343
11.31 5.12396
11.34 5.12449
11.37 5.12502
11.4 5.12555
11.43 5.12608
11.46 5.12662
11.49 5.12715
11.52 5.12768
11.55 5.12822
11.58 5.12875
11.61 5.12929
11.64 5.12982
11.67 5.13036
11.7 5.1309
11.73 5.13144
11.76 5.13197
11.79 5.13251
11.82 5.13305
11.85 5.13359
11.88 5.13413
11.91 5.13467
11.94 5.13521
11.97 5.13576
12 5.1363
12.03 5.13684
12.06 5.13739
12.09 5.13793
12.12 5.13848
12.15 5.13902
12.18 5.13957
12.21 5.14012
12.24 5.14066
12.27 5.14121
12.3 5.14176
12.33 5.14231
12.36 5.14286
12.39 5.14341
12.42 5.14396
12.45 5.14452
12.48 5.14507
12.51 5.14562
12.54 5.14618
12.57 5.14673
12.6 5.14729
12.63 5.14784
12.66 5.1484
12.69 5.14896
12.72 5.14952
12.75 5.15008
12.78 5.15064
12.81 5.1512
12.84 5.15176
12.87 5.15232
12.9 5.15288
12.93 5.15345
12.96 5.15401
12.99 5.15458
13.02 5.15514
13.05 5.15571
13.08 5.15628
13.11 5.15685
13.14 5.15742
13.17 5.15799
13.2 5.15856
13.23 5.15913
13.26 5.1597
13.29 5.16028
13.32 5.16085
13.35 5.16142
13.38 5.162
13.41 5.16258
13.44 5.16315
13.47 5.16373
13.5 5.16431
13.53 5.16489
13.56 5.16547
13.59 5.16605
13.62 5.16664
13.65 5.16722
13.68 5.1678
13.71 5.16839
13.74 5.16898
13.77 5.16956
13.8 5.17015
13.83 5.17074
13.86 5.17133
13.89 5.17192
13.92 5.17251
13.95 5.1731
13.98 5.1737
14.01 5.17429
14.04 5.17488
14.07 5.17548
14.1 5.17608
14.13 5.17668
14.16 5.17727
14.19 5.17787
14.22 5.17847
14.25 5.17908
14.28 5.17968
14.31 5.18028
14.34 5.18089
14.37 5.18149
14.4 5.1821
14.43 5.18271
14.46 5.18331
14.49 5.18392
14.52 5.18453
14.55 5.18515
14.58 5.18576
14.61 5.18637
14.64 5.18699
14.67 5.1876
14.7 5.18822
14.73 5.18884
14.76 5.18945
14.79 5.19007
14.82 5.19069
14.85 5.19132
14.88 5.19194
14.91 5.19256
14.94 5.19319
14.97 5.19381
15 5.19444
15.03 5.19507
15.06 5.1957
15.09 5.19633
15.12 5.19696
15.15 5.19759
15.18 5.19822
15.21 5.19886
15.24 5.19949
15.27 5.20013
15.3 5.20076
15.33 5.2014
15.36 5.20204
15.39 5.20268
15.42 5.20333
15.45 5.20397
15.48 5.20461
15.51 5.20526
15.54 5.2059
15.57 5.20655
15.6 5.2072
15.63 5.20785
15.66 5.2085
15.69 5.20915
15.72 5.20981
15.75 5.21046
15.78 5.21111
15.81 5.21177
15.84 5.21243
15.87 5.21309
15.9 5.21375
15.93 5.21441
15.96 5.21507
15.99 5.21573
16.02 5.2164
16.05 5.21707
16.08 5.21773
16.11 5.2184
16.14 5.21907
16.17 5.21974
16.2 5.22041
16.23 5.22109
16.26 5.22176
16.29 5.22244
16.32 5.22311
16.35 5.22379
16.38 5.22447
16.41 5.22515
16.44 5.22583
16.47 5.22651
16.5 5.2272
16.53 5.22788
16.56 5.22857
16.59 5.22926
16.62 5.22995
16.65 5.23064
16.68 5.23133
16.71 5.23202
16.74 5.23272
16.77 5.23341
16.8 5.23411
16.83 5.23481
16.86 5.23551
16.89 5.23621
16.92 5.23691
16.95 5.23761
16.98 5.23832
17.01 5.23902
17.04 5.23973
17.07 5.24044
17.1 5.24115
17.13 5.24186
17.16 5.24257
17.19 5.24329
17.22 5.244
17.25 5.24472
17.28 5.24544
17.31 5.24616
17.34 5.24688
17.37 5.2476
17.4 5.24832
17.43 5.24905
17.46 5.24977
17.49 5.2505
17.52 5.25123
17.55 5.25196
17.58 5.25269
17.61 5.25343
17.64 5.25416
17.67 5.2549
17.7 5.25564
17.73 5.25638
17.76 5.25712
17.79 5.25786
17.82 5.2586
17.85 5.25935
17.88 5.26009
17.91 5.26084
17.94 5.26159
17.97 5.26234
18 5.26309
18.03 5.26385
18.06 5.2646
18.09 5.26536
18.12 5.26612
18.15 5.26688
18.18 5.26764
18.21 5.2684
18.24 5.26917
18.27 5.26994
18.3 5.2707
18.33 5.27147
18.36 5.27224
18.39 5.27302
18.42 5.27379
18.45 5.27457
18.48 5.27534
18.51 5.27612
18.54 5.2769
18.57 5.27769
18.6 5.27847
18.63 5.27926
18.66 5.28004
18.69 5.28083
18.72 5.28162
18.75 5.28242
18.78 5.28321
18.81 5.28401
18.84 5.28481
18.87 5.28561
18.9 5.28641
18.93 5.28721
18.96 5.28802
18.99 5.28882
19.02 5.28963
19.05 5.29044
19.08 5.29125
19.11 5.29207
19.14 5.29288
19.17 5.2937
19.2 5.29452
19.23 5.29534
19.26 5.29617
19.29 5.29699
19.32 5.29782
19.35 5.29865
19.38 5.29948
19.41 5.30031
19.44 5.30115
19.47 5.30199
19.5 5.30283
19.53 5.30367
19.56 5.30451
19.59 5.30536
19.62 5.3062
19.65 5.30705
19.68 5.30791
19.71 5.30876
19.74 5.30962
19.77 5.31048
19.8 5.31134
19.83 5.3122
19.86 5.31307
19.89 5.31393
19.92 5.3148
19.95 5.31568
19.98 5.31655
20.01 5.31743
20.04 5.31831
20.07 5.31919
20.1 5.32007
20.13 5.32096
20.16 5.32185
20.19 5.32274
20.22 5.32364
20.25 5.32454
20.28 5.32544
20.31 5.32634
20.34 5.32724
20.37 5.32815
20.4 5.32906
20.43 5.32998
20.46 5.33089
20.49 5.33181
20.52 5.33273
20.55 5.33366
20.58 5.33459
20.61 5.33552
20.64 5.33645
20.67 5.33739
20.7 5.33833
20.73 5.33927
20.76 5.34022
20.79 5.34117
20.82 5.34213
20.85 5.34308
20.88 5.34404
20.91 5.34501
20.94 5.34597
20.97 5.34694
21 5.34792
21.03 5.3489
21.06 5.34988
21.09 5.35086
21.12 5.35185
21.15 5.35285
21.18 5.35384
21.21 5.35484
21.24 5.35585
21.27 5.35686
21.3 5.35787
21.33 5.35889
21.36 5.35991
21.39 5.36094
21.42 5.36197
21.45 5.363
21.48 5.36404
21.51 5.36509
21.54 5.36613
21.57 5.36719
21.6 5.36825
21.63 5.36931
21.66 5.37038
21.69 5.37145
21.72 5.37253
21.75 5.37361
21.78 5.3747
21.81 5.37579
21.84 5.37689
21.87 5.378
21.9 5.37911
21.93 5.38023
21.96 5.38135
21.99 5.38248
22.02 5.38361
22.05 5.38475
22.08 5.38589
22.11 5.38705
22.14 5.3882
22.17 5.38937
22.2 5.39054
22.23 5.39172
22.26 5.3929
22.29 5.39409
22.32 5.39529
22.35 5.3965
22.38 5.39771
22.41 5.39893
22.44 5.40015
22.47 5.40139
22.5 5.40263
22.53 5.40388
22.56 5.40513
22.59 5.4064
22.62 5.40767
22.65 5.40895
22.68 5.41024
22.71 5.41153
22.74 5.41284
22.77 5.41415
22.8 5.41547
22.83 5.4168
22.86 5.41814
22.89 5.41949
22.92 5.42084
22.95 5.42221
22.98 5.42358
23.01 5.42497
23.04 5.42636
23.07 5.42776
23.1 5.42917
23.13 5.4306
23.16 5.43203
23.19 5.43347
23.22 5.43492
23.25 5.43638
23.28 5.43785
23.31 5.43933
23.34 5.44083
23.37 5.44233
23.4 5.44384
23.43 5.44536
23.46 5.4469
23.49 5.44844
23.52 5.45
23.55 5.45157
23.58 5.45314
23.61 5.45473
23.64 5.45633
23.67 5.45794
23.7 5.45956
23.73 5.4612
23.76 5.46284
23.79 5.4645
23.82 5.46617
23.85 5.46784
23.88 5.46954
23.91 5.47124
23.94 5.47295
23.97 5.47468
24 5.47641
24.03 5.47816
24.06 5.47992
24.09 5.48169
24.12 5.48348
24.15 5.48527
24.18 5.48708
24.21 5.4889
24.24 5.49073
24.27 5.49257
24.3 5.49442
24.33 5.49628
24.36 5.49816
24.39 5.50004
24.42 5.50194
24.45 5.50385
24.48 5.50577
24.51 5.5077
24.54 5.50964
24.57 5.51159
24.6 5.51355
24.63 5.51552
24.66 5.51751
24.69 5.5195
24.72 5.5215
24.75 5.52351
24.78 5.52553
24.81 5.52756
24.84 5.5296
24.87 5.53164
24.9 5.5337
24.93 5.53576
24.96 5.53783
24.99 5.53991
25.02 5.542
25.05 5.54409
25.08 5.54619
25.11 5.5483
25.14 5.55041
25.17 5.55253
25.2 5.55465
25.23 5.55678
25.26 5.55892
25.29 5.56105
25.32 5.5632
25.35 5.56534
25.38 5.56749
25.41 5.56964
25.44 5.57179
25.47 5.57395
25.5 5.5761
25.53 5.57826
25.56 5.58042
25.59 5.58258
25.62 5.58473
25.65 5.58689
25.68 5.58904
25.71 5.5912
25.74 5.59335
25.77 5.59549
25.8 5.59764
25.83 5.59978
25.86 5.60191
25.89 5.60404
25.92 5.60617
25.95 5.60829
25.98 5.6104
26.01 5.61251
26.04 5.6146
26.07 5.61669
26.1 5.61878
26.13 5.62085
26.16 5.62291
26.19 5.62496
26.22 5.62701
26.25 5.62904
26.28 5.63106
26.31 5.63307
26.34 5.63506
26.37 5.63704
26.4 5.63901
26.43 5.64097
26.46 5.64291
26.49 5.64484
26.52 5.64675
26.55 5.64865
26.58 5.65053
26.61 5.65239
26.64 5.65424
26.67 5.65607
26.7 5.65788
26.73 5.65968
26.76 5.66146
26.79 5.66322
26.82 5.66496
26.85 5.66668
26.88 5.66839
26.91 5.67007
26.94 5.67174
26.97 5.67338
27 5.67501
27.03 5.67661
27.06 5.6782
27.09 5.67977
27.12 5.68131
27.15 5.68284
27.18 5.68434
27.21 5.68582
27.24 5.68728
27.27 5.68873
27.3 5.69015
27.33 5.69155
27.36 5.69292
27.39 5.69428
27.42 5.69562
27.45 5.69693
27.48 5.69823
27.51 5.6995
27.54 5.70076
27.57 5.70199
27.6 5.7032
27.63 5.70439
27.66 5.70556
27.69 5.70671
27.72 5.70784
27.75 5.70896
27.78 5.71005
27.81 5.71112
27.84 5.71217
27.87 5.7132
27.9 5.71421
27.93 5.71521
27.96 5.71618
27.99 5.71714
28.02 5.71808
28.05 5.719
28.08 5.7199
28.11 5.72078
28.14 5.72165
28.17 5.7225
28.2 5.72333
28.23 5.72414
28.26 5.72494
28.29 5.72572
28.32 5.72649
28.35 5.72724
28.38 5.72797
28.41 5.72869
28.44 5.72939
28.47 5.73008
28.5 5.73076
28.53 5.73142
28.56 5.73206
28.59 5.73269
28.62 5.73331
28.65 5.73391
28.68 5.7345
28.71 5.73508
28.74 5.73565
28.77 5.7362
28.8 5.73674
28.83 5.73726
28.86 5.73778
28.89 5.73828
28.92 5.73878
28.95 5.73926
28.98 5.73973
29.01 5.74019
29.04 5.74064
29.07 5.74108
29.1 5.7415
29.13 5.74192
29.16 5.74233
29.19 5.74273
29.22 5.74312
29.25 5.7435
29.28 5.74387
29.31 5.74424
29.34 5.74459
29.37 5.74494
29.4 5.74528
29.43 5.74561
29.46 5.74593
29.49 5.74624
29.52 5.74655
29.55 5.74685
29.58 5.74714
29.61 5.74742
29.64 5.7477
29.67 5.74797
29.7 5.74824
29.73 5.7485
29.76 5.74875
29.79 5.74899
29.82 5.74923
29.85 5.74946
29.88 5.74969
29.91 5.74991
29.94 5.75013
29.97 5.75034
30 5.75054
30.001 5
