0 0
0.03 0.342747
0.06 0.344022
0.09 0.345305
0.12 0.346596
0.15 0.347896
0.18 0.349203
0.21 0.350519
0.24 0.351843
0.27 0.353175
0.3 0.354516
0.33 0.355865
0.36 0.357222
0.39 0.358587
0.42 0.359961
0.45 0.361343
0.48 0.362734
0.51 0.364132
0.54 0.36554
0.57 0.366955
0.6 0.368379
0.63 0.369812
0.66 0.371252
0.69 0.372702
0.72 0.374159
0.75 0.375625
0.78 0.3771
0.81 0.378583
0.84 0.380075
0.87 0.381575
0.9 0.383083
0.93 0.3846
0.96 0.386125
0.99 0.387659
1.02 0.389201
1.05 0.390752
1.08 0.392311
1.11 0.393878
1.14 0.395454
1.17 0.397039
1.2 0.398632
1.23 0.400233
1.26 0.401843
1.29 0.403461
1.32 0.405087
1.35 0.406722
1.38 0.408365
1.41 0.410017
1.44 0.411676
1.47 0.413345
1.5 0.415021
1.53 0.416706
1.56 0.418399
1.59 0.4201
1.62 0.421809
1.65 0.423527
1.68 0.425252
1.71 0.426986
1.74 0.428728
1.77 0.430478
1.8 0.432236
1.83 0.434002
1.86 0.435777
1.89 0.437559
1.92 0.439349
1.95 0.441146
1.98 0.442952
2.01 0.444766
2.04 0.446587
2.07 0.448416
2.1 0.450253
2.13 0.452098
2.16 0.45395
2.19 0.45581
2.22 0.457677
2.25 0.459552
2.28 0.461435
2.31 0.463324
2.34 0.465222
2.37 0.467126
2.4 0.469038
2.43 0.470957
2.46 0.472884
2.49 0.474817
2.52 0.476758
2.55 0.478705
2.58 0.48066
2.61 0.482622
2.64 0.48459
2.67 0.486566
2.7 0.488548
2.73 0.490537
2.76 0.492532
2.79 0.494535
2.82 0.496543
2.85 0.498559
2.88 0.500581
2.91 0.502609
2.94 0.504643
2.97 0.506684
3 0.508731
3.03 0.510784
3.06 0.512844
3.09 0.514909
3.12 0.51698
3.15 0.519058
3.18 0.521141
3.21 0.52323
3.24 0.525324
3.27 0.527425
3.3 0.52953
3.33 0.531642
3.36 0.533759
3.39 0.535881
3.42 0.538008
3.45 0.540141
3.48 0.542279
3.51 0.544423
3.54 0.546571
3.57 0.548724
3.6 0.550882
3.63 0.553045
3.66 0.555213
3.69 0.557385
3.72 0.559563
3.75 0.561744
3.78 0.56393
3.81 0.566121
3.84 0.568316
3.87 0.570516
3.9 0.572719
3.93 0.574927
3.96 0.577139
3.99 0.579355
4.02 0.581574
4.05 0.583798
4.08 0.586026
4.11 0.588257
4.14 0.590492
4.17 0.59273
4.2 0.594973
4.23 0.597218
4.26 0.599467
4.29 0.601719
4.32 0.603975
4.35 0.606234
4.38 0.608496
4.41 0.610761
4.44 0.613028
4.47 0.615299
4.5 0.617573
4.53 0.619849
4.56 0.622129
4.59 0.62441
4.62 0.626695
4.65 0.628982
4.68 0.631271
4.71 0.633563
4.74 0.635857
4.77 0.638154
4.8 0.640452
4.83 0.642753
4.86 0.645056
4.89 0.64736
4.92 0.649667
4.95 0.651976
4.98 0.654286
5.01 0.656598
5.04 0.658912
5.07 0.661228
5.1 0.663545
5.13 0.665863
5.16 0.668184
5.19 0.670505
5.22 0.672828
5.25 0.675152
5.28 0.677477
5.31 0.679804
5.34 0.682131
5.37 0.68446
5.4 0.68679
5.43 0.68912
5.46 0.691452
5.49 0.693784
5.52 0.696118
5.55 0.698452
5.58 0.700786
5.61 0.703121
5.64 0.705457
5.67 0.707794
5.7 0.710131
5.73 0.712468
5.76 0.714806
5.79 0.717144
5.82 0.719482
5.85 0.721821
5.88 0.72416
5.91 0.726499
5.94 0.728838
5.97 0.731178
6 0.733517
6.03 0.735857
6.06 0.738196
6.09 0.740535
6.12 0.742874
6.15 0.745214
6.18 0.747552
6.21 0.749891
6.24 0.752229
6.27 0.754567
6.3 0.756905
6.33 0.759243
6.36 0.76158
6.39 0.763916
6.42 0.766252
6.45 0.768588
6.48 0.770923
6.51 0.773257
6.54 0.775591
6.57 0.777925
6.6 0.780257
6.63 0.782589
6.66 0.784921
6.69 0.787251
6.72 0.789581
6.75 0.79191
6.78 0.794239
6.81 0.796566
6.84 0.798893
6.87 0.801218
6.9 0.803543
6.93 0.805867
6.96 0.80819
6.99 0.810512
7.02 0.812833
7.05 0.815153
7.08 0.817472
7.11 0.819791
7.14 0.822108
7.17 0.824424
7.2 0.826738
7.23 0.829052
7.26 0.831365
7.29 0.833677
7.32 0.835987
7.35 0.838296
7.38 0.840605
7.41 0.842912
7.44 0.845218
7.47 0.847522
7.5 0.849826
7.53 0.852128
7.56 0.854429
7.59 0.856729
7.62 0.859028
7.65 0.861325
7.68 0.863621
7.71 0.865916
7.74 0.86821
7.77 0.870502
7.8 0.872793
7.83 0.875083
7.86 0.877372
7.89 0.879659
7.92 0.881946
7.95 0.88423
7.98 0.886514
8.01 0.888796
8.04 0.891077
8.07 0.893357
8.1 0.895636
8.13 0.897913
8.16 0.900189
8.19 0.902464
8.22 0.904737
8.25 0.907009
8.28 0.90928
8.31 0.91155
8.34 0.913818
8.37 0.916086
8.4 0.918352
8.43 0.920616
8.46 0.92288
8.49 0.925142
8.52 0.927403
8.55 0.929663
8.58 0.931922
8.61 0.934179
8.64 0.936436
8.67 0.938691
8.7 0.940945
8.73 0.943198
8.76 0.94545
8.79 0.9477
8.82 0.94995
8.85 0.952198
8.88 0.954445
8.91 0.956691
8.94 0.958936
8.97 0.96118
9 0.963423
9.03 0.965665
9.06 0.967906
9.09 0.970146
9.12 0.972385
9.15 0.974623
9.18 0.97686
9.21 0.979096
9.24 0.981331
9.27 0.983565
9.3 0.985798
9.33 0.98803
9.36 0.990262
9.39 0.992492
9.42 0.994722
9.45 0.996951
9.48 0.999179
9.51 1.00141
9.54 1.00363
9.57 1.00586
9.6 1.00808
9.63 1.01031
9.66 1.01253
9.69 1.01475
9.72 1.01698
9.75 1.0192
9.78 1.02142
9.81 1.02364
9.84 1.02586
9.87 1.02808
9.9 1.03029
9.93 1.03251
9.96 1.03473
9.99 1.03695
10.02 1.03916
10.05 1.04138
10.08 1.04359
10.11 1.04581
10.14 1.04802
10.17 1.05024
10.2 1.05245
10.23 1.05466
10.26 1.05688
10.29 1.05909
10.32 1.0613
10.35 1.06351
10.38 1.06573
10.41 1.06794
10.44 1.07015
10.47 1.07236
10.5 1.07457
10.53 1.07678
10.56 1.07899
10.59 1.0812
10.62 1.08342
10.65 1.08563
10.68 1.08784
10.71 1.09005
10.74 1.09226
10.77 1.09447
10.8 1.09668
10.83 1.09889
10.86 1.1011
10.89 1.10331
10.92 1.10552
10.95 1.10773
10.98 1.10994
11.01 1.11216
11.04 1.11437
11.07 1.11658
11.1 1.11879
11.13 1.12101
11.16 1.12322
11.19 1.12543
11.22 1.12764
11.25 1.12986
11.28 1.13207
11.31 1.13429
11.34 1.1365
11.37 1.13872
11.4 1.14094
11.43 1.14315
11.46 1.14537
11.49 1.14759
11.52 1.1498
11.55 1.15202
11.58 1.15424
11.61 1.15646
11.64 1.15868
11.67 1.16091
11.7 1.16313
11.73 1.16535
11.76 1.16757
11.79 1.1698
11.82 1.17202
11.85 1.17425
11.88 1.17648
11.91 1.1787
11.94 1.18093
11.97 1.18316
12 1.18539
12.03 1.18762
12.06 1.18986
12.09 1.19209
12.12 1.19432
12.15 1.19656
12.18 1.1988
12.21 1.20103
12.24 1.20327
12.27 1.20551
12.3 1.20775
12.33 1.20999
12.36 1.21224
12.39 1.21448
12.42 1.21673
12.45 1.21897
12.48 1.22122
12.51 1.22347
12.54 1.22572
12.57 1.22797
12.6 1.23022
12.63 1.23248
12.66 1.23473
12.69 1.23699
12.72 1.23925
12.75 1.24151
12.78 1.24377
12.81 1.24603
12.84 1.2483
12.87 1.25056
12.9 1.25283
12.93 1.2551
12.96 1.25737
12.99 1.25964
13.02 1.26191
13.05 1.26419
13.08 1.26646
13.11 1.26874
13.14 1.27102
13.17 1.2733
13.2 1.27559
13.23 1.27787
13.26 1.28016
13.29 1.28244
13.32 1.28473
13.35 1.28703
13.38 1.28932
13.41 1.29161
13.44 1.29391
13.47 1.29621
13.5 1.29851
13.53 1.30081
13.56 1.30312
13.59 1.30543
13.62 1.30773
13.65 1.31004
13.68 1.31236
13.71 1.31467
13.74 1.31699
13.77 1.3193
13.8 1.32162
13.83 1.32395
13.86 1.32627
13.89 1.3286
13.92 1.33092
13.95 1.33326
13.98 1.33559
14.01 1.33792
14.04 1.34026
14.07 1.3426
14.1 1.34494
14.13 1.34728
14.16 1.34963
14.19 1.35197
14.22 1.35432
14.25 1.35668
14.28 1.35903
14.31 1.36139
14.34 1.36375
14.37 1.36611
14.4 1.36847
14.43 1.37084
14.46 1.3732
14.49 1.37557
14.52 1.37795
14.55 1.38032
14.58 1.3827
14.61 1.38508
14.64 1.38746
14.67 1.38985
14.7 1.39223
14.73 1.39462
14.76 1.39702
14.79 1.39941
14.82 1.40181
14.85 1.40421
14.88 1.40661
14.91 1.40901
14.94 1.41142
14.97 1.41383
15 1.41624
15.03 1.41866
15.06 1.42107
15.09 1.42349
15.12 1.42592
15.15 1.42834
15.18 1.43077
15.21 1.4332
15.24 1.43563
15.27 1.43807
15.3 1.44051
15.33 1.44295
15.36 1.44539
15.39 1.44784
15.42 1.45029
15.45 1.45274
15.48 1.4552
15.51 1.45766
15.54 1.46012
15.57 1.46258
15.6 1.46505
15.63 1.46752
15.66 1.46999
15.69 1.47246
15.72 1.47494
15.75 1.47742
15.78 1.4799
15.81 1.48239
15.84 1.48488
15.87 1.48737
15.9 1.48987
15.93 1.49237
15.96 1.49487
15.99 1.49737
16.02 1.49988
16.05 1.50239
16.08 1.5049
16.11 1.50742
16.14 1.50994
16.17 1.51246
16.2 1.51499
16.23 1.51752
16.26 1.52005
16.29 1.52259
16.32 1.52512
16.35 1.52767
16.38 1.53021
16.41 1.53276
16.44 1.53531
16.47 1.53786
16.5 1.54042
16.53 1.54298
16.56 1.54555
16.59 1.54811
16.62 1.55069
16.65 1.55326
16.68 1.55584
16.71 1.55842
16.74 1.561
16.77 1.56359
16.8 1.56618
16.83 1.56878
16.86 1.57137
16.89 1.57397
16.92 1.57658
16.95 1.57919
16.98 1.5818
17.01 1.58442
17.04 1.58703
17.07 1.58966
17.1 1.59228
17.13 1.59491
17.16 1.59755
17.19 1.60018
17.22 1.60282
17.25 1.60547
17.28 1.60812
17.31 1.61077
17.34 1.61342
17.37 1.61608
17.4 1.61875
17.43 1.62141
17.46 1.62408
17.49 1.62676
17.52 1.62944
17.55 1.63212
17.58 1.6348
17.61 1.63749
17.64 1.64019
17.67 1.64289
17.7 1.64559
17.73 1.64829
17.76 1.651
17.79 1.65372
17.82 1.65644
17.85 1.65916
17.88 1.66189
17.91 1.66462
17.94 1.66735
17.97 1.67009
18 1.67283
18.03 1.67558
18.06 1.67833
18.09 1.68109
18.12 1.68385
18.15 1.68661
18.18 1.68938
18.21 1.69216
18.24 1.69494
18.27 1.69772
18.3 1.70051
18.33 1.7033
18.36 1.70609
18.39 1.7089
18.42 1.7117
18.45 1.71451
18.48 1.71733
18.51 1.72015
18.54 1.72297
18.57 1.7258
18.6 1.72864
18.63 1.73148
18.66 1.73432
18.69 1.73717
18.72 1.74002
18.75 1.74288
18.78 1.74575
18.81 1.74862
18.84 1.75149
18.87 1.75437
18.9 1.75726
18.93 1.76015
18.96 1.76304
18.99 1.76595
19.02 1.76885
19.05 1.77177
19.08 1.77468
19.11 1.77761
19.14 1.78054
19.17 1.78347
19.2 1.78641
19.23 1.78936
19.26 1.79231
19.29 1.79527
19.32 1.79824
19.35 1.80121
19.38 1.80418
19.41 1.80717
19.44 1.81016
19.47 1.81315
19.5 1.81615
19.53 1.81916
19.56 1.82218
19.59 1.8252
19.62 1.82823
19.65 1.83126
19.68 1.8343
19.71 1.83735
19.74 1.84041
19.77 1.84347
19.8 1.84654
19.83 1.84962
19.86 1.8527
19.89 1.85579
19.92 1.85889
19.95 1.862
19.98 1.86512
20.01 1.86824
20.04 1.87137
20.07 1.87451
20.1 1.87765
20.13 1.88081
20.16 1.88397
20.19 1.88714
20.22 1.89032
20.25 1.89351
20.28 1.89671
20.31 1.89991
20.34 1.90313
20.37 1.90635
20.4 1.90959
20.43 1.91283
20.46 1.91608
20.49 1.91934
20.52 1.92262
20.55 1.9259
20.58 1.92919
20.61 1.93249
20.64 1.9358
20.67 1.93913
20.7 1.94246
20.73 1.94581
20.76 1.94916
20.79 1.95253
20.82 1.95591
20.85 1.9593
20.88 1.9627
20.91 1.96611
20.94 1.96954
20.97 1.97298
21 1.97643
21.03 1.97989
21.06 1.98336
21.09 1.98685
21.12 1.99036
21.15 1.99387
21.18 1.9974
21.21 2.00094
21.24 2.0045
21.27 2.00807
21.3 2.01166
21.33 2.01526
21.36 2.01888
21.39 2.02251
21.42 2.02616
21.45 2.02982
21.48 2.0335
21.51 2.0372
21.54 2.04091
21.57 2.04464
21.6 2.04839
21.63 2.05215
21.66 2.05593
21.69 2.05973
21.72 2.06355
21.75 2.06739
21.78 2.07125
21.81 2.07512
21.84 2.07902
21.87 2.08293
21.9 2.08687
21.93 2.09083
21.96 2.0948
21.99 2.0988
22.02 2.10282
22.05 2.10686
22.08 2.11093
22.11 2.11502
22.14 2.11913
22.17 2.12326
22.2 2.12742
22.23 2.1316
22.26 2.13581
22.29 2.14004
22.32 2.1443
22.35 2.14858
22.38 2.15289
22.41 2.15722
22.44 2.16159
22.47 2.16598
22.5 2.17039
22.53 2.17484
22.56 2.17932
22.59 2.18382
22.62 2.18835
22.65 2.19292
22.68 2.19751
22.71 2.20214
22.74 2.20679
22.77 2.21148
22.8 2.2162
22.83 2.22096
22.86 2.22574
22.89 2.23056
22.92 2.23542
22.95 2.2403
22.98 2.24523
23.01 2.25019
23.04 2.25518
23.07 2.26021
23.1 2.26528
23.13 2.27039
23.16 2.27553
23.19 2.28071
23.22 2.28594
23.25 2.2912
23.28 2.2965
23.31 2.30184
23.34 2.30722
23.37 2.31264
23.4 2.3181
23.43 2.32361
23.46 2.32915
23.49 2.33475
23.52 2.34038
23.55 2.34606
23.58 2.35178
23.61 2.35755
23.64 2.36336
23.67 2.36921
23.7 2.37512
23.73 2.38107
23.76 2.38706
23.79 2.39311
23.82 2.3992
23.85 2.40533
23.88 2.41152
23.91 2.41775
23.94 2.42404
23.97 2.43037
24 2.43675
24.03 2.44318
24.06 2.44966
24.09 2.4562
24.12 2.46278
24.15 2.46941
24.18 2.47609
24.21 2.48283
24.24 2.48961
24.27 2.49645
24.3 2.50333
24.33 2.51027
24.36 2.51726
24.39 2.5243
24.42 2.5314
24.45 2.53854
24.48 2.54574
24.51 2.55299
24.54 2.56029
24.57 2.56764
24.6 2.57504
24.63 2.58249
24.66 2.58999
24.69 2.59755
24.72 2.60515
24.75 2.61281
24.78 2.62051
24.81 2.62827
24.84 2.63607
24.87 2.64392
24.9 2.65182
24.93 2.65977
24.96 2.66776
24.99 2.6758
25.02 2.68389
25.05 2.69202
25.08 2.7002
25.11 2.70842
25.14 2.71669
25.17 2.72499
25.2 2.73334
25.23 2.74173
25.26 2.75016
25.29 2.75863
25.32 2.76714
25.35 2.77569
25.38 2.78427
25.41 2.79288
25.44 2.80153
25.47 2.81022
25.5 2.81893
25.53 2.82768
25.56 2.83645
25.59 2.84526
25.62 2.85409
25.65 2.86294
25.68 2.87182
25.71 2.88073
25.74 2.88965
25.77 2.8986
25.8 2.90756
25.83 2.91654
25.86 2.92553
25.89 2.93454
25.92 2.94356
25.95 2.9526
25.98 2.96164
26.01 2.97069
26.04 2.97974
26.07 2.9888
26.1 2.99787
26.13 3.00693
26.16 3.016
26.19 3.02506
26.22 3.03411
26.25 3.04317
26.28 3.05221
26.31 3.06124
26.34 3.07027
26.37 3.07928
26.4 3.08828
26.43 3.09726
26.46 3.10623
26.49 3.11517
26.52 3.1241
26.55 3.133
26.58 3.14188
26.61 3.15073
26.64 3.15956
26.67 3.16835
26.7 3.17712
26.73 3.18586
26.76 3.19456
26.79 3.20322
26.82 3.21185
26.85 3.22044
26.88 3.229
26.91 3.23751
26.94 3.24598
26.97 3.2544
27 3.26278
27.03 3.27112
27.06 3.27941
27.09 3.28765
27.12 3.29584
27.15 3.30397
27.18 3.31206
27.21 3.3201
27.24 3.32808
27.27 3.336
27.3 3.34387
27.33 3.35168
27.36 3.35944
27.39 3.36713
27.42 3.37477
27.45 3.38235
27.48 3.38986
27.51 3.39732
27.54 3.40471
27.57 3.41204
27.6 3.41931
27.63 3.42651
27.66 3.43364
27.69 3.44072
27.72 3.44773
27.75 3.45467
27.78 3.46154
27.81 3.46835
27.84 3.47509
27.87 3.48177
27.9 3.48838
27.93 3.49492
27.96 3.50139
27.99 3.5078
28.02 3.51414
28.05 3.52041
28.08 3.52661
28.11 3.53275
28.14 3.53882
28.17 3.54482
28.2 3.55075
28.23 3.55662
28.26 3.56241
28.29 3.56814
28.32 3.57381
28.35 3.5794
28.38 3.58493
28.41 3.5904
28.44 3.5958
28.47 3.60113
28.5 3.6064
28.53 3.6116
28.56 3.61673
28.59 3.62181
28.62 3.62681
28.65 3.63176
28.68 3.63664
28.71 3.64146
28.74 3.64622
28.77 3.65091
28.8 3.65554
28.83 3.66012
28.86 3.66463
28.89 3.66908
28.92 3.67347
28.95 3.67781
28.98 3.68208
29.01 3.6863
29.04 3.69046
29.07 3.69456
29.1 3.69861
29.13 3.7026
29.16 3.70653
29.19 3.71041
29.22 3.71424
29.25 3.71801
29.28 3.72173
29.31 3.7254
29.34 3.72902
29.37 3.73258
29.4 3.73609
29.43 3.73956
29.46 3.74297
29.49 3.74634
29.52 3.74966
29.55 3.75293
29.58 3.75615
29.61 3.75932
29.64 3.76245
29.67 3.76554
29.7 3.76858
29.73 3.77157
29.76 3.77452
29.79 3.77743
29.82 3.7803
29.85 3.78312
29.88 3.7859
29.91 3.78864
29.94 3.79134
29.97 3.794
30 3.79662
30.001 0
