0 -10
0.03 -8.66708
0.06 -8.66701
0.09 -8.66694
0.12 -8.66687
0.15 -8.6668
0.18 -8.66673
0.21 -8.66666
0.24 -8.66659
0.27 -8.66652
0.3 -8.66645
0.33 -8.66638
0.36 -8.66632
0.39 -8.66625
0.42 -8.66618
0.45 -8.66611
0.48 -8.66604
0.51 -8.66597
0.54 -8.6659
0.57 -8.66583
0.6 -8.66577
0.63 -8.6657
0.66 -8.66563
0.69 -8.66556
0.72 -8.66549
0.75 -8.66542
0.78 -8.66536
0.81 -8.66529
0.84 -8.66522
0.87 -8.66515
0.9 -8.66508
0.93 -8.66501
0.96 -8.66495
0.99 -8.66488
1.02 -8.66481
1.05 -8.66474
1.08 -8.66467
1.11 -8.66461
1.14 -8.66454
1.17 -8.66447
1.2 -8.6644
1.23 -8.66434
1.26 -8.66427
1.29 -8.6642
1.32 -8.66413
1.35 -8.66406
1.38 -8.664
1.41 -8.66393
1.44 -8.66386
1.47 -8.66379
1.5 -8.66373
1.53 -8.66366
1.56 -8.66359
1.59 -8.66353
1.62 -8.66346
1.65 -8.66339
1.68 -8.66332
1.71 -8.66326
1.74 -8.66319
1.77 -8.66312
1.8 -8.66306
1.83 -8.66299
1.86 -8.66292
1.89 -8.66286
1.92 -8.66279
1.95 -8.66272
1.98 -8.66265
2.01 -8.66259
2.04 -8.66252
2.07 -8.66245
2.1 -8.66239
2.13 -8.66232
2.16 -8.66225
2.19 -8.66219
2.22 -8.66212
2.25 -8.66206
2.28 -8.66199
2.31 -8.66192
2.34 -8.66186
2.37 -8.66179
2.4 -8.66172
2.43 -8.66166
2.46 -8.66159
2.49 -8.66152
2.52 -8.66146
2.55 -8.66139
2.58 -8.66133
2.61 -8.66126
2.64 -8.66119
2.67 -8.66113
2.7 -8.66106
2.73 -8.661
2.76 -8.66093
2.79 -8.66086
2.82 -8.6608
2.85 -8.66073
2.88 -8.66067
2.91 -8.6606
2.94 -8.66054
2.97 -8.66047
3 -8.6604
3.03 -8.66034
3.06 -8.66027
3.09 -8.66021
3.12 -8.66014
3.15 -8.66008
3.18 -8.66001
3.21 -8.65995
3.24 -8.65988
3.27 -8.65981
3.3 -8.65975
3.33 -8.65968
3.36 -8.65962
3.39 -8.65955
3.42 -8.65949
3.45 -8.65942
3.48 -8.65936
3.51 -8.65929
3.54 -8.65923
3.57 -8.65916
3.6 -8.6591
3.63 -8.65903
3.66 -8.65897
3.69 -8.6589
3.72 -8.65884
3.75 -8.65877
3.78 -8.65871
3.81 -8.65864
3.84 -8.65858
3.87 -8.65851
3.9 -8.65845
3.93 -8.65838
3.96 -8.65832
3.99 -8.65825
4.02 -8.65819
4.05 -8.65812
4.08 -8.65806
4.11 -8.65799
4.14 -8.65793
4.17 -8.65787
4.2 -8.6578
4.23 -8.65774
4.26 -8.65767
4.29 -8.65761
4.32 -8.65754
4.35 -8.65748
4.38 -8.65741
4.41 -8.65735
4.44 -8.65728
4.47 -8.65722
4.5 -8.65716
4.53 -8.65709
4.56 -8.65703
4.59 -8.65696
4.62 -8.6569
4.65 -8.65683
4.68 -8.65677
4.71 -8.65671
4.74 -8.65664
4.77 -8.65658
4.8 -8.65651
4.83 -8.65645
4.86 -8.65638
4.89 -8.65632
4.92 -8.65626
4.95 -8.65619
4.98 -8.65613
5.01 -8.65606
5.04 -8.656
5.07 -8.65594
5.1 -8.65587
5.13 -8.65581
5.16 -8.65574
5.19 -8.65568
5.22 -8.65561
5.25 -8.65555
5.28 -8.65549
5.31 -8.65542
5.34 -8.65536
5.37 -8.6553
5.4 -8.65523
5.43 -8.65517
5.46 -8.6551
5.49 -8.65504
5.52 -8.65498
5.55 -8.65491
5.58 -8.65485
5.61 -8.65478
5.64 -8.65472
5.67 -8.65466
5.7 -8.65459
5.73 -8.65453
5.76 -8.65446
5.79 -8.6544
5.82 -8.65434
5.85 -8.65427
5.88 -8.65421
5.91 -8.65415
5.94 -8.65408
5.97 -8.65402
6 -8.65395
6.03 -8.65389
6.06 -8.65383
6.09 -8.65376
6.12 -8.6537
6.15 -8.65364
6.18 -8.65357
6.21 -8.65351
6.24 -8.65345
6.27 -8.65338
6.3 -8.65332
6.33 -8.65325
6.36 -8.65319
6.39 -8.65313
6.42 -8.65306
6.45 -8.653
6.48 -8.65294
6.51 -8.65287
6.54 -8.65281
6.57 -8.65274
6.6 -8.65268
6.63 -8.65262
6.66 -8.65255
6.69 -8.65249
6.72 -8.65243
6.75 -8.65236
6.78 -8.6523
6.81 -8.65224
6.84 -8.65217
6.87 -8.65211
6.9 -8.65205
6.93 -8.65198
6.96 -8.65192
6.99 -8.65185
7.02 -8.65179
7.05 -8.65173
7.08 -8.65166
7.11 -8.6516
7.14 -8.65154
7.17 -8.65147
7.2 -8.65141
7.23 -8.65135
7.26 -8.65128
7.29 -8.65122
7.32 -8.65115
7.35 -8.65109
7.38 -8.65103
7.41 -8.65096
7.44 -8.6509
7.47 -8.65084
7.5 -8.65077
7.53 -8.65071
7.56 -8.65064
7.59 -8.65058
7.62 -8.65052
7.65 -8.65045
7.68 -8.65039
7.71 -8.65033
7.74 -8.65026
7.77 -8.6502
7.8 -8.65014
7.83 -8.65007
7.86 -8.65001
7.89 -8.64994
7.92 -8.64988
7.95 -8.64982
7.98 -8.64975
8.01 -8.64969
8.04 -8.64963
8.07 -8.64956
8.1 -8.6495
8.13 -8.64943
8.16 -8.64937
8.19 -8.64931
8.22 -8.64924
8.25 -8.64918
8.28 -8.64911
8.31 -8.64905
8.34 -8.64899
8.37 -8.64892
8.4 -8.64886
8.43 -8.64879
8.46 -8.64873
8.49 -8.64867
8.52 -8.6486
8.55 -8.64854
8.58 -8.64847
8.61 -8.64841
8.64 -8.64835
8.67 -8.64828
8.7 -8.64822
8.73 -8.64815
8.76 -8.64809
8.79 -8.64803
8.82 -8.64796
8.85 -8.6479
8.88 -8.64783
8.91 -8.64777
8.94 -8.64771
8.97 -8.64764
9 -8.64758
9.03 -8.64751
9.06 -8.64745
9.09 -8.64738
9.12 -8.64732
9.15 -8.64726
9.18 -8.64719
9.21 -8.64713
9.24 -8.64706
9.27 -8.647
9.3 -8.64693
9.33 -8.64687
9.36 -8.64681
9.39 -8.64674
9.42 -8.64668
9.45 -8.64661
9.48 -8.64655
9.51 -8.64648
9.54 -8.64642
9.57 -8.64635
9.6 -8.64629
9.63 -8.64623
9.66 -8.64616
9.69 -8.6461
9.72 -8.64603
9.75 -8.64597
9.78 -8.6459
9.81 -8.64584
9.84 -8.64577
9.87 -8.64571
9.9 -8.64564
9.93 -8.64558
9.96 -8.64551
9.99 -8.64545
10.02 -8.64539
10.05 -8.64532
10.08 -8.64526
10.11 -8.64519
10.14 -8.64513
10.17 -8.64506
10.2 -8.645
10.23 -8.64493
10.26 -8.64487
10.29 -8.6448
10.32 -8.64474
10.35 -8.64467
10.38 -8.64461
10.41 -8.64454
10.44 -8.64448
10.47 -8.64441
10.5 -8.64435
10.53 -8.64428
10.56 -8.64422
10.59 -8.64415
10.62 -8.64409
10.65 -8.64402
10.68 -8.64396
10.71 -8.64389
10.74 -8.64383
10.77 -8.64376
10.8 -8.6437
10.83 -8.64363
10.86 -8.64356
10.89 -8.6435
10.92 -8.64343
10.95 -8.64337
10.98 -8.6433
11.01 -8.64324
11.04 -8.64317
11.07 -8.64311
11.1 -8.64304
11.13 -8.64298
11.16 -8.64291
11.19 -8.64285
11.22 -8.64278
11.25 -8.64272
11.28 -8.64265
11.31 -8.64258
11.34 -8.64252
11.37 -8.64245
11.4 -8.64239
11.43 -8.64232
11.46 -8.64226
11.49 -8.64219
11.52 -8.64213
11.55 -8.64206
11.58 -8.64199
11.61 -8.64193
11.64 -8.64186
11.67 -8.6418
11.7 -8.64173
11.73 -8.64167
11.76 -8.6416
11.79 -8.64154
11.82 -8.64147
11.85 -8.6414
11.88 -8.64134
11.91 -8.64127
11.94 -8.64121
11.97 -8.64114
12 -8.64108
12.03 -8.64101
12.06 -8.64095
12.09 -8.64088
12.12 -8.64081
12.15 -8.64075
12.18 -8.64068
12.21 -8.64062
12.24 -8.64055
12.27 -8.64049
12.3 -8.64042
12.33 -8.64036
12.36 -8.64029
12.39 -8.64022
12.42 -8.64016
12.45 -8.64009
12.48 -8.64003
12.51 -8.63996
12.54 -8.6399
12.57 -8.63983
12.6 -8.63977
12.63 -8.6397
12.66 -8.63963
12.69 -8.63957
12.72 -8.6395
12.75 -8.63944
12.78 -8.63937
12.81 -8.63931
12.84 -8.63924
12.87 -8.63918
12.9 -8.63911
12.93 -8.63905
12.96 -8.63898
12.99 -8.63892
13.02 -8.63885
13.05 -8.63879
13.08 -8.63872
13.11 -8.63866
13.14 -8.63859
13.17 -8.63853
13.2 -8.63846
13.23 -8.6384
13.26 -8.63833
13.29 -8.63827
13.32 -8.6382
13.35 -8.63814
13.38 -8.63807
13.41 -8.63801
13.44 -8.63794
13.47 -8.63788
13.5 -8.63781
13.53 -8.63775
13.56 -8.63768
13.59 -8.63762
13.62 -8.63756
13.65 -8.63749
13.68 -8.63743
13.71 -8.63736
13.74 -8.6373
13.77 -8.63723
13.8 -8.63717
13.83 -8.63711
13.86 -8.63704
13.89 -8.63698
13.92 -8.63692
13.95 -8.63685
13.98 -8.63679
14.01 -8.63673
14.04 -8.63666
14.07 -8.6366
14.1 -8.63654
14.13 -8.63647
14.16 -8.63641
14.19 -8.63635
14.22 -8.63628
14.25 -8.63622
14.28 -8.63616
14.31 -8.6361
14.34 -8.63603
14.37 -8.63597
14.4 -8.63591
14.43 -8.63585
14.46 -8.63579
14.49 -8.63572
14.52 -8.63566
14.55 -8.6356
14.58 -8.63554
14.61 -8.63548
14.64 -8.63542
14.67 -8.63536
14.7 -8.6353
14.73 -8.63523
14.76 -8.63517
14.79 -8.63511
14.82 -8.63505
14.85 -8.63499
14.88 -8.63493
14.91 -8.63487
14.94 -8.63481
14.97 -8.63476
15 -8.6347
15.03 -8.63464
15.06 -8.63458
15.09 -8.63452
15.12 -8.63446
15.15 -8.6344
15.18 -8.63434
15.21 -8.63429
15.24 -8.63423
15.27 -8.63417
15.3 -8.63411
15.33 -8.63406
15.36 -8.634
15.39 -8.63394
15.42 -8.63389
15.45 -8.63383
15.48 -8.63378
15.51 -8.63372
15.54 -8.63366
15.57 -8.63361
15.6 -8.63355
15.63 -8.6335
15.66 -8.63345
15.69 -8.63339
15.72 -8.63334
15.75 -8.63328
15.78 -8.63323
15.81 -8.63318
15.84 -8.63312
15.87 -8.63307
15.9 -8.63302
15.93 -8.63297
15.96 -8.63292
15.99 -8.63287
16.02 -8.63282
16.05 -8.63276
16.08 -8.63271
16.11 -8.63267
16.14 -8.63262
16.17 -8.63257
16.2 -8.63252
16.23 -8.63247
16.26 -8.63242
16.29 -8.63237
16.32 -8.63233
16.35 -8.63228
16.38 -8.63223
16.41 -8.63219
16.44 -8.63214
16.47 -8.6321
16.5 -8.63205
16.53 -8.63201
16.56 -8.63197
16.59 -8.63192
16.62 -8.63188
16.65 -8.63184
16.68 -8.6318
16.71 -8.63175
16.74 -8.63171
16.77 -8.63167
16.8 -8.63163
16.83 -8.63159
16.86 -8.63155
16.89 -8.63152
16.92 -8.63148
16.95 -8.63144
16.98 -8.63141
17.01 -8.63137
17.04 -8.63133
17.07 -8.6313
17.1 -8.63127
17.13 -8.63123
17.16 -8.6312
17.19 -8.63117
17.22 -8.63114
17.25 -8.6311
17.28 -8.63107
17.31 -8.63104
17.34 -8.63102
17.37 -8.63099
17.4 -8.63096
17.43 -8.63093
17.46 -8.63091
17.49 -8.63088
17.52 -8.63086
17.55 -8.63083
17.58 -8.63081
17.61 -8.63079
17.64 -8.63077
17.67 -8.63075
17.7 -8.63073
17.73 -8.63071
17.76 -8.63069
17.79 -8.63068
17.82 -8.63066
17.85 -8.63065
17.88 -8.63063
17.91 -8.63062
17.94 -8.63061
17.97 -8.6306
18 -8.63059
18.03 -8.63058
18.06 -8.63057
18.09 -8.63056
18.12 -8.63056
18.15 -8.63055
18.18 -8.63055
18.21 -8.63054
18.24 -8.63054
18.27 -8.63054
18.3 -8.63054
18.33 -8.63055
18.36 -8.63055
18.39 -8.63056
18.42 -8.63056
18.45 -8.63057
18.48 -8.63058
18.51 -8.63059
18.54 -8.6306
18.57 -8.63061
18.6 -8.63063
18.63 -8.63064
18.66 -8.63066
18.69 -8.63068
18.72 -8.6307
18.75 -8.63072
18.78 -8.63074
18.81 -8.63077
18.84 -8.6308
18.87 -8.63082
18.9 -8.63085
18.93 -8.63089
18.96 -8.63092
18.99 -8.63095
19.02 -8.63099
19.05 -8.63103
19.08 -8.63107
19.11 -8.63111
19.14 -8.63116
19.17 -8.63121
19.2 -8.63126
19.23 -8.63131
19.26 -8.63136
19.29 -8.63142
19.32 -8.63147
19.35 -8.63153
19.38 -8.63159
19.41 -8.63166
19.44 -8.63173
19.47 -8.63179
19.5 -8.63187
19.53 -8.63194
19.56 -8.63202
19.59 -8.6321
19.62 -8.63218
19.65 -8.63226
19.68 -8.63235
19.71 -8.63244
19.74 -8.63253
19.77 -8.63263
19.8 -8.63273
19.83 -8.63283
19.86 -8.63294
19.89 -8.63304
19.92 -8.63316
19.95 -8.63327
19.98 -8.63339
20.01 -8.63351
20.04 -8.63363
20.07 -8.63376
20.1 -8.6339
20.13 -8.63403
20.16 -8.63417
20.19 -8.63431
20.22 -8.63446
20.25 -8.63461
20.28 -8.63477
20.31 -8.63493
20.34 -8.63509
20.37 -8.63526
20.4 -8.63543
20.43 -8.63561
20.46 -8.63579
20.49 -8.63598
20.52 -8.63617
20.55 -8.63636
20.58 -8.63657
20.61 -8.63677
20.64 -8.63698
20.67 -8.6372
20.7 -8.63742
20.73 -8.63765
20.76 -8.63788
20.79 -8.63812
20.82 -8.63837
20.85 -8.63862
20.88 -8.63887
20.91 -8.63914
20.94 -8.63941
20.97 -8.63968
21 -8.63997
21.03 -8.64026
21.06 -8.64055
21.09 -8.64086
21.12 -8.64117
21.15 -8.64148
21.18 -8.64181
21.21 -8.64214
21.24 -8.64249
21.27 -8.64283
21.3 -8.64319
21.33 -8.64356
21.36 -8.64393
21.39 -8.64431
21.42 -8.64471
21.45 -8.64511
21.48 -8.64552
21.51 -8.64594
21.54 -8.64637
21.57 -8.64681
21.6 -8.64725
21.63 -8.64771
21.66 -8.64818
21.69 -8.64866
21.72 -8.64915
21.75 -8.64966
21.78 -8.65017
21.81 -8.6507
21.84 -8.65123
21.87 -8.65178
21.9 -8.65234
21.93 -8.65292
21.96 -8.6535
21.99 -8.6541
22.02 -8.65472
22.05 -8.65534
22.08 -8.65598
22.11 -8.65664
22.14 -8.6573
22.17 -8.65799
22.2 -8.65868
22.23 -8.6594
22.26 -8.66013
22.29 -8.66087
22.32 -8.66163
22.35 -8.66241
22.38 -8.6632
22.41 -8.66401
22.44 -8.66483
22.47 -8.66568
22.5 -8.66654
22.53 -8.66742
22.56 -8.66832
22.59 -8.66923
22.62 -8.67017
22.65 -8.67113
22.68 -8.6721
22.71 -8.6731
22.74 -8.67411
22.77 -8.67515
22.8 -8.6762
22.83 -8.67728
22.86 -8.67838
22.89 -8.6795
22.92 -8.68064
22.95 -8.6818
22.98 -8.68299
23.01 -8.6842
23.04 -8.68544
23.07 -8.68669
23.1 -8.68797
23.13 -8.68928
23.16 -8.69061
23.19 -8.69196
23.22 -8.69334
23.25 -8.69474
23.28 -8.69617
23.31 -8.69762
23.34 -8.6991
23.37 -8.70061
23.4 -8.70214
23.43 -8.7037
23.46 -8.70529
23.49 -8.7069
23.52 -8.70854
23.55 -8.7102
23.58 -8.71189
23.61 -8.71361
23.64 -8.71536
23.67 -8.71713
23.7 -8.71893
23.73 -8.72076
23.76 -8.72262
23.79 -8.7245
23.82 -8.72641
23.85 -8.72835
23.88 -8.73031
23.91 -8.73231
23.94 -8.73433
23.97 -8.73637
24 -8.73845
24.03 -8.74054
24.06 -8.74267
24.09 -8.74482
24.12 -8.747
24.15 -8.7492
24.18 -8.75143
24.21 -8.75368
24.24 -8.75596
24.27 -8.75826
24.3 -8.76059
24.33 -8.76294
24.36 -8.76531
24.39 -8.7677
24.42 -8.77012
24.45 -8.77255
24.48 -8.77501
24.51 -8.77749
24.54 -8.77998
24.57 -8.7825
24.6 -8.78503
24.63 -8.78758
24.66 -8.79015
24.69 -8.79273
24.72 -8.79533
24.75 -8.79794
24.78 -8.80057
24.81 -8.80321
24.84 -8.80586
24.87 -8.80852
24.9 -8.81119
24.93 -8.81387
24.96 -8.81656
24.99 -8.81926
25.02 -8.82197
25.05 -8.82468
25.08 -8.82739
25.11 -8.83012
25.14 -8.83284
25.17 -8.83556
25.2 -8.83829
25.23 -8.84102
25.26 -8.84375
25.29 -8.84647
25.32 -8.8492
25.35 -8.85192
25.38 -8.85464
25.41 -8.85735
25.44 -8.86006
25.47 -8.86276
25.5 -8.86545
25.53 -8.86814
25.56 -8.87082
25.59 -8.87349
25.62 -8.87614
25.65 -8.87879
25.68 -8.88142
25.71 -8.88405
25.74 -8.88666
25.77 -8.88925
25.8 -8.89184
25.83 -8.8944
25.86 -8.89695
25.89 -8.89949
25.92 -8.90201
25.95 -8.90451
25.98 -8.907
26.01 -8.90946
26.04 -8.91191
26.07 -8.91434
26.1 -8.91675
26.13 -8.91914
26.16 -8.92151
26.19 -8.92386
26.22 -8.92619
26.25 -8.9285
26.28 -8.93079
26.31 -8.93305
26.34 -8.9353
26.37 -8.93752
26.4 -8.93972
26.43 -8.9419
26.46 -8.94406
26.49 -8.94619
26.52 -8.9483
26.55 -8.95039
26.58 -8.95246
26.61 -8.9545
26.64 -8.95652
26.67 -8.95852
26.7 -8.9605
26.73 -8.96245
26.76 -8.96438
26.79 -8.96629
26.82 -8.96817
26.85 -8.97004
26.88 -8.97188
26.91 -8.9737
26.94 -8.97549
26.97 -8.97727
27 -8.97902
27.03 -8.98075
27.06 -8.98245
27.09 -8.98414
27.12 -8.98581
27.15 -8.98745
27.18 -8.98907
27.21 -8.99067
27.24 -8.99225
27.27 -8.99381
27.3 -8.99535
27.33 -8.99687
27.36 -8.99837
27.39 -8.99985
27.42 -9.00131
27.45 -9.00275
27.48 -9.00417
27.51 -9.00557
27.54 -9.00695
27.57 -9.00832
27.6 -9.00966
27.63 -9.01099
27.66 -9.0123
27.69 -9.01359
27.72 -9.01487
27.75 -9.01612
27.78 -9.01736
27.81 -9.01858
27.84 -9.01979
27.87 -9.02098
27.9 -9.02215
27.93 -9.02331
27.96 -9.02445
27.99 -9.02557
28.02 -9.02668
28.05 -9.02777
28.08 -9.02885
28.11 -9.02992
28.14 -9.03097
28.17 -9.032
28.2 -9.03302
28.23 -9.03403
28.26 -9.03502
28.29 -9.036
28.32 -9.03697
28.35 -9.03792
28.38 -9.03886
28.41 -9.03979
28.44 -9.0407
28.47 -9.04161
28.5 -9.0425
28.53 -9.04337
28.56 -9.04424
28.59 -9.04509
28.62 -9.04593
28.65 -9.04677
28.68 -9.04759
28.71 -9.04839
28.74 -9.04919
28.77 -9.04998
28.8 -9.05076
28.83 -9.05152
28.86 -9.05228
28.89 -9.05302
28.92 -9.05376
28.95 -9.05449
28.98 -9.0552
29.01 -9.05591
29.04 -9.05661
29.07 -9.0573
29.1 -9.05798
29.13 -9.05865
29.16 -9.05931
29.19 -9.05997
29.22 -9.06061
29.25 -9.06125
29.28 -9.06188
29.31 -9.0625
29.34 -9.06311
29.37 -9.06372
29.4 -9.06431
29.43 -9.0649
29.46 -9.06549
29.49 -9.06606
29.52 -9.06663
29.55 -9.06719
29.58 -9.06775
29.61 -9.06829
29.64 -9.06883
29.67 -9.06937
29.7 -9.06989
29.73 -9.07042
29.76 -9.07093
29.79 -9.07144
29.82 -9.07194
29.85 -9.07244
29.88 -9.07293
29.91 -9.07341
29.94 -9.07389
29.97 -9.07436
30 -9.07483
30.001 -10
