0 0
0.03 0.33986
0.06 0.341375
0.09 0.342897
0.12 0.344424
0.15 0.345957
0.18 0.347496
0.21 0.349042
0.24 0.350593
0.27 0.352151
0.3 0.353714
0.33 0.355284
0.36 0.35686
0.39 0.358442
0.42 0.360031
0.45 0.361625
0.48 0.363226
0.51 0.364833
0.54 0.366446
0.57 0.368066
0.6 0.369692
0.63 0.371325
0.66 0.372963
0.69 0.374608
0.72 0.37626
0.75 0.377918
0.78 0.379582
0.81 0.381253
0.84 0.382931
0.87 0.384615
0.9 0.386305
0.93 0.388002
0.96 0.389706
0.99 0.391416
1.02 0.393132
1.05 0.394856
1.08 0.396586
1.11 0.398322
1.14 0.400066
1.17 0.401816
1.2 0.403573
1.23 0.405336
1.26 0.407106
1.29 0.408884
1.32 0.410667
1.35 0.412458
1.38 0.414256
1.41 0.41606
1.44 0.417871
1.47 0.419689
1.5 0.421514
1.53 0.423346
1.56 0.425185
1.59 0.427031
1.62 0.428884
1.65 0.430744
1.68 0.432611
1.71 0.434485
1.74 0.436366
1.77 0.438254
1.8 0.440149
1.83 0.442052
1.86 0.443961
1.89 0.445878
1.92 0.447801
1.95 0.449732
1.98 0.45167
2.01 0.453616
2.04 0.455568
2.07 0.457528
2.1 0.459495
2.13 0.46147
2.16 0.463451
2.19 0.46544
2.22 0.467437
2.25 0.46944
2.28 0.471451
2.31 0.47347
2.34 0.475496
2.37 0.477529
2.4 0.47957
2.43 0.481618
2.46 0.483674
2.49 0.485737
2.52 0.487807
2.55 0.489885
2.58 0.491971
2.61 0.494064
2.64 0.496165
2.67 0.498274
2.7 0.50039
2.73 0.502513
2.76 0.504645
2.79 0.506783
2.82 0.50893
2.85 0.511084
2.88 0.513246
2.91 0.515416
2.94 0.517593
2.97 0.519778
3 0.521971
3.03 0.524172
3.06 0.52638
3.09 0.528597
3.12 0.530821
3.15 0.533053
3.18 0.535292
3.21 0.53754
3.24 0.539796
3.27 0.542059
3.3 0.54433
3.33 0.54661
3.36 0.548897
3.39 0.551192
3.42 0.553495
3.45 0.555807
3.48 0.558126
3.51 0.560453
3.54 0.562788
3.57 0.565132
3.6 0.567483
3.63 0.569842
3.66 0.57221
3.69 0.574586
3.72 0.57697
3.75 0.579362
3.78 0.581762
3.81 0.58417
3.84 0.586587
3.87 0.589012
3.9 0.591445
3.93 0.593886
3.96 0.596336
3.99 0.598793
4.02 0.60126
4.05 0.603734
4.08 0.606217
4.11 0.608708
4.14 0.611208
4.17 0.613716
4.2 0.616232
4.23 0.618757
4.26 0.62129
4.29 0.623832
4.32 0.626382
4.35 0.628941
4.38 0.631508
4.41 0.634084
4.44 0.636668
4.47 0.639261
4.5 0.641863
4.53 0.644473
4.56 0.647092
4.59 0.649719
4.62 0.652355
4.65 0.655
4.68 0.657653
4.71 0.660316
4.74 0.662987
4.77 0.665666
4.8 0.668355
4.83 0.671053
4.86 0.673759
4.89 0.676474
4.92 0.679198
4.95 0.681931
4.98 0.684673
5.01 0.687424
5.04 0.690183
5.07 0.692952
5.1 0.69573
5.13 0.698517
5.16 0.701313
5.19 0.704118
5.22 0.706932
5.25 0.709755
5.28 0.712588
5.31 0.71543
5.34 0.71828
5.37 0.721141
5.4 0.72401
5.43 0.726889
5.46 0.729777
5.49 0.732674
5.52 0.735581
5.55 0.738497
5.58 0.741422
5.61 0.744357
5.64 0.747302
5.67 0.750256
5.7 0.753219
5.73 0.756192
5.76 0.759175
5.79 0.762167
5.82 0.765169
5.85 0.768181
5.88 0.771202
5.91 0.774233
5.94 0.777274
5.97 0.780324
6 0.783385
6.03 0.786455
6.06 0.789535
6.09 0.792625
6.12 0.795724
6.15 0.798834
6.18 0.801954
6.21 0.805084
6.24 0.808224
6.27 0.811373
6.3 0.814533
6.33 0.817703
6.36 0.820884
6.39 0.824074
6.42 0.827275
6.45 0.830486
6.48 0.833707
6.51 0.836938
6.54 0.84018
6.57 0.843432
6.6 0.846694
6.63 0.849967
6.66 0.85325
6.69 0.856544
6.72 0.859848
6.75 0.863163
6.78 0.866488
6.81 0.869824
6.84 0.87317
6.87 0.876527
6.9 0.879894
6.93 0.883272
6.96 0.886661
6.99 0.890061
7.02 0.893471
7.05 0.896892
7.08 0.900324
7.11 0.903766
7.14 0.90722
7.17 0.910684
7.2 0.914159
7.23 0.917645
7.26 0.921141
7.29 0.924649
7.32 0.928167
7.35 0.931697
7.38 0.935237
7.41 0.938788
7.44 0.942351
7.47 0.945924
7.5 0.949508
7.53 0.953103
7.56 0.95671
7.59 0.960327
7.62 0.963955
7.65 0.967594
7.68 0.971245
7.71 0.974906
7.74 0.978579
7.77 0.982262
7.8 0.985956
7.83 0.989662
7.86 0.993379
7.89 0.997106
7.92 1.00084
7.95 1.00459
7.98 1.00836
8.01 1.01213
8.04 1.01591
8.07 1.0197
8.1 1.02351
8.13 1.02732
8.16 1.03115
8.19 1.03499
8.22 1.03884
8.25 1.0427
8.28 1.04657
8.31 1.05045
8.34 1.05434
8.37 1.05824
8.4 1.06216
8.43 1.06608
8.46 1.07001
8.49 1.07396
8.52 1.07792
8.55 1.08188
8.58 1.08586
8.61 1.08985
8.64 1.09385
8.67 1.09786
8.7 1.10188
8.73 1.10591
8.76 1.10995
8.79 1.114
8.82 1.11806
8.85 1.12213
8.88 1.12621
8.91 1.1303
8.94 1.13441
8.97 1.13852
9 1.14264
9.03 1.14677
9.06 1.15091
9.09 1.15506
9.12 1.15922
9.15 1.16339
9.18 1.16757
9.21 1.17176
9.24 1.17596
9.27 1.18017
9.3 1.18439
9.33 1.18861
9.36 1.19285
9.39 1.19709
9.42 1.20134
9.45 1.20561
9.48 1.20988
9.51 1.21416
9.54 1.21845
9.57 1.22274
9.6 1.22705
9.63 1.23136
9.66 1.23568
9.69 1.24001
9.72 1.24435
9.75 1.24869
9.78 1.25305
9.81 1.25741
9.84 1.26178
9.87 1.26615
9.9 1.27054
9.93 1.27493
9.96 1.27933
9.99 1.28373
10.02 1.28815
10.05 1.29256
10.08 1.29699
10.11 1.30142
10.14 1.30586
10.17 1.31031
10.2 1.31476
10.23 1.31922
10.26 1.32368
10.29 1.32815
10.32 1.33263
10.35 1.33711
10.38 1.3416
10.41 1.34609
10.44 1.35059
10.47 1.35509
10.5 1.3596
10.53 1.36411
10.56 1.36863
10.59 1.37315
10.62 1.37768
10.65 1.38221
10.68 1.38675
10.71 1.39129
10.74 1.39584
10.77 1.40039
10.8 1.40494
10.83 1.4095
10.86 1.41406
10.89 1.41862
10.92 1.42319
10.95 1.42776
10.98 1.43233
11.01 1.43691
11.04 1.44149
11.07 1.44607
11.1 1.45066
11.13 1.45524
11.16 1.45983
11.19 1.46443
11.22 1.46902
11.25 1.47362
11.28 1.47822
11.31 1.48282
11.34 1.48742
11.37 1.49202
11.4 1.49663
11.43 1.50124
11.46 1.50584
11.49 1.51045
11.52 1.51506
11.55 1.51968
11.58 1.52429
11.61 1.5289
11.64 1.53352
11.67 1.53813
11.7 1.54274
11.73 1.54736
11.76 1.55197
11.79 1.55659
11.82 1.56121
11.85 1.56582
11.88 1.57044
11.91 1.57505
11.94 1.57967
11.97 1.58428
12 1.5889
12.03 1.59351
12.06 1.59812
12.09 1.60273
12.12 1.60735
12.15 1.61196
12.18 1.61657
12.21 1.62117
12.24 1.62578
12.27 1.63039
12.3 1.63499
12.33 1.6396
12.36 1.6442
12.39 1.6488
12.42 1.6534
12.45 1.658
12.48 1.66259
12.51 1.66719
12.54 1.67178
12.57 1.67637
12.6 1.68096
12.63 1.68555
12.66 1.69014
12.69 1.69472
12.72 1.6993
12.75 1.70388
12.78 1.70846
12.81 1.71304
12.84 1.71761
12.87 1.72219
12.9 1.72676
12.93 1.73132
12.96 1.73589
12.99 1.74045
13.02 1.74501
13.05 1.74957
13.08 1.75413
13.11 1.75869
13.14 1.76324
13.17 1.76779
13.2 1.77234
13.23 1.77689
13.26 1.78143
13.29 1.78597
13.32 1.79051
13.35 1.79505
13.38 1.79959
13.41 1.80412
13.44 1.80865
13.47 1.81318
13.5 1.81771
13.53 1.82224
13.56 1.82676
13.59 1.83128
13.62 1.8358
13.65 1.84032
13.68 1.84484
13.71 1.84936
13.74 1.85387
13.77 1.85838
13.8 1.86289
13.83 1.8674
13.86 1.87191
13.89 1.87641
13.92 1.88092
13.95 1.88542
13.98 1.88992
14.01 1.89442
14.04 1.89892
14.07 1.90342
14.1 1.90792
14.13 1.91242
14.16 1.91691
14.19 1.92141
14.22 1.9259
14.25 1.9304
14.28 1.93489
14.31 1.93939
14.34 1.94388
14.37 1.94838
14.4 1.95287
14.43 1.95736
14.46 1.96186
14.49 1.96635
14.52 1.97084
14.55 1.97534
14.58 1.97984
14.61 1.98433
14.64 1.98883
14.67 1.99333
14.7 1.99783
14.73 2.00233
14.76 2.00683
14.79 2.01133
14.82 2.01584
14.85 2.02034
14.88 2.02485
14.91 2.02936
14.94 2.03387
14.97 2.03839
15 2.0429
15.03 2.04742
15.06 2.05195
15.09 2.05647
15.12 2.061
15.15 2.06553
15.18 2.07006
15.21 2.0746
15.24 2.07914
15.27 2.08369
15.3 2.08824
15.33 2.09279
15.36 2.09734
15.39 2.10191
15.42 2.10647
15.45 2.11104
15.48 2.11562
15.51 2.1202
15.54 2.12478
15.57 2.12937
15.6 2.13397
15.63 2.13857
15.66 2.14318
15.69 2.14779
15.72 2.15241
15.75 2.15703
15.78 2.16167
15.81 2.16631
15.84 2.17095
15.87 2.1756
15.9 2.18026
15.93 2.18493
15.96 2.18961
15.99 2.19429
16.02 2.19898
16.05 2.20368
16.08 2.20839
16.11 2.2131
16.14 2.21783
16.17 2.22256
16.2 2.22731
16.23 2.23206
16.26 2.23682
16.29 2.24159
16.32 2.24637
16.35 2.25116
16.38 2.25596
16.41 2.26078
16.44 2.2656
16.47 2.27043
16.5 2.27528
16.53 2.28013
16.56 2.285
16.59 2.28988
16.62 2.29477
16.65 2.29968
16.68 2.30459
16.71 2.30952
16.74 2.31446
16.77 2.31942
16.8 2.32438
16.83 2.32936
16.86 2.33436
16.89 2.33936
16.92 2.34439
16.95 2.34942
16.98 2.35447
17.01 2.35954
17.04 2.36462
17.07 2.36971
17.1 2.37482
17.13 2.37995
17.16 2.38509
17.19 2.39024
17.22 2.39542
17.25 2.40061
17.28 2.40581
17.31 2.41103
17.34 2.41627
17.37 2.42153
17.4 2.4268
17.43 2.43209
17.46 2.4374
17.49 2.44273
17.52 2.44807
17.55 2.45344
17.58 2.45882
17.61 2.46422
17.64 2.46964
17.67 2.47508
17.7 2.48054
17.73 2.48601
17.76 2.49151
17.79 2.49703
17.82 2.50257
17.85 2.50812
17.88 2.5137
17.91 2.5193
17.94 2.52492
17.97 2.53056
18 2.53623
18.03 2.54191
18.06 2.54762
18.09 2.55334
18.12 2.55909
18.15 2.56487
18.18 2.57066
18.21 2.57648
18.24 2.58232
18.27 2.58818
18.3 2.59407
18.33 2.59998
18.36 2.60591
18.39 2.61187
18.42 2.61785
18.45 2.62385
18.48 2.62988
18.51 2.63594
18.54 2.64202
18.57 2.64812
18.6 2.65425
18.63 2.6604
18.66 2.66658
18.69 2.67278
18.72 2.67901
18.75 2.68526
18.78 2.69154
18.81 2.69785
18.84 2.70418
18.87 2.71053
18.9 2.71692
18.93 2.72333
18.96 2.72976
18.99 2.73622
19.02 2.74271
19.05 2.74923
19.08 2.75577
19.11 2.76234
19.14 2.76893
19.17 2.77555
19.2 2.7822
19.23 2.78888
19.26 2.79558
19.29 2.80231
19.32 2.80907
19.35 2.81585
19.38 2.82266
19.41 2.8295
19.44 2.83637
19.47 2.84326
19.5 2.85018
19.53 2.85713
19.56 2.8641
19.59 2.8711
19.62 2.87813
19.65 2.88518
19.68 2.89226
19.71 2.89937
19.74 2.90651
19.77 2.91367
19.8 2.92086
19.83 2.92807
19.86 2.93531
19.89 2.94258
19.92 2.94987
19.95 2.95719
19.98 2.96453
20.01 2.9719
20.04 2.97929
20.07 2.98671
20.1 2.99415
20.13 3.00162
20.16 3.00911
20.19 3.01663
20.22 3.02417
20.25 3.03173
20.28 3.03931
20.31 3.04692
20.34 3.05455
20.37 3.0622
20.4 3.06988
20.43 3.07757
20.46 3.08529
20.49 3.09303
20.52 3.10078
20.55 3.10856
20.58 3.11635
20.61 3.12417
20.64 3.132
20.67 3.13985
20.7 3.14772
20.73 3.1556
20.76 3.1635
20.79 3.17141
20.82 3.17934
20.85 3.18728
20.88 3.19524
20.91 3.20321
20.94 3.21119
20.97 3.21918
21 3.22718
21.03 3.2352
21.06 3.24322
21.09 3.25125
21.12 3.25929
21.15 3.26733
21.18 3.27538
21.21 3.28344
21.24 3.2915
21.27 3.29957
21.3 3.30763
21.33 3.3157
21.36 3.32377
21.39 3.33184
21.42 3.33991
21.45 3.34798
21.48 3.35604
21.51 3.3641
21.54 3.37215
21.57 3.3802
21.6 3.38824
21.63 3.39627
21.66 3.4043
21.69 3.41231
21.72 3.42031
21.75 3.4283
21.78 3.43628
21.81 3.44424
21.84 3.45218
21.87 3.46011
21.9 3.46802
21.93 3.47591
21.96 3.48378
21.99 3.49162
22.02 3.49945
22.05 3.50725
22.08 3.51502
22.11 3.52277
22.14 3.53049
22.17 3.53818
22.2 3.54584
22.23 3.55347
22.26 3.56107
22.29 3.56863
22.32 3.57616
22.35 3.58365
22.38 3.5911
22.41 3.59852
22.44 3.60589
22.47 3.61322
22.5 3.62052
22.53 3.62776
22.56 3.63496
22.59 3.64212
22.62 3.64923
22.65 3.65629
22.68 3.6633
22.71 3.67026
22.74 3.67717
22.77 3.68403
22.8 3.69083
22.83 3.69758
22.86 3.70427
22.89 3.7109
22.92 3.71748
22.95 3.724
22.98 3.73045
23.01 3.73685
23.04 3.74318
23.07 3.74945
23.1 3.75566
23.13 3.7618
23.16 3.76788
23.19 3.77389
23.22 3.77983
23.25 3.7857
23.28 3.79151
23.31 3.79724
23.34 3.80291
23.37 3.8085
23.4 3.81403
23.43 3.81948
23.46 3.82486
23.49 3.83016
23.52 3.83539
23.55 3.84054
23.58 3.84563
23.61 3.85063
23.64 3.85556
23.67 3.86041
23.7 3.86519
23.73 3.86989
23.76 3.87451
23.79 3.87905
23.82 3.88352
23.85 3.88791
23.88 3.89222
23.91 3.89645
23.94 3.9006
23.97 3.90468
24 3.90867
24.03 3.91259
24.06 3.91643
24.09 3.92019
24.12 3.92387
24.15 3.92747
24.18 3.93099
24.21 3.93444
24.24 3.93781
24.27 3.9411
24.3 3.94431
24.33 3.94744
24.36 3.9505
24.39 3.95348
24.42 3.95638
24.45 3.95921
24.48 3.96196
24.51 3.96463
24.54 3.96723
24.57 3.96976
24.6 3.97221
24.63 3.97458
24.66 3.97689
24.69 3.97912
24.72 3.98127
24.75 3.98336
24.78 3.98538
24.81 3.98732
24.84 3.9892
24.87 3.991
24.9 3.99274
24.93 3.99441
24.96 3.99601
24.99 3.99755
25.02 3.99901
25.05 4.00042
25.08 4.00176
25.11 4.00303
25.14 4.00425
25.17 4.0054
25.2 4.00649
25.23 4.00751
25.26 4.00848
25.29 4.00939
25.32 4.01024
25.35 4.01104
25.38 4.01177
25.41 4.01245
25.44 4.01308
25.47 4.01365
25.5 4.01417
25.53 4.01464
25.56 4.01505
25.59 4.01541
25.62 4.01573
25.65 4.01599
25.68 4.01621
25.71 4.01638
25.74 4.0165
25.77 4.01657
25.8 4.0166
25.83 4.01659
25.86 4.01654
25.89 4.01644
25.92 4.0163
25.95 4.01612
25.98 4.0159
26.01 4.01564
26.04 4.01534
26.07 4.01501
26.1 4.01463
26.13 4.01423
26.16 4.01378
26.19 4.01331
26.22 4.0128
26.25 4.01226
26.28 4.01168
26.31 4.01108
26.34 4.01044
26.37 4.00978
26.4 4.00909
26.43 4.00837
26.46 4.00762
26.49 4.00684
26.52 4.00604
26.55 4.00522
26.58 4.00437
26.61 4.00349
26.64 4.0026
26.67 4.00168
26.7 4.00074
26.73 3.99978
26.76 3.99879
26.79 3.99779
26.82 3.99677
26.85 3.99573
26.88 3.99468
26.91 3.9936
26.94 3.99251
26.97 3.99141
27 3.99029
27.03 3.98915
27.06 3.988
27.09 3.98683
27.12 3.98566
27.15 3.98446
27.18 3.98326
27.21 3.98205
27.24 3.98082
27.27 3.97958
27.3 3.97834
27.33 3.97708
27.36 3.97582
27.39 3.97454
27.42 3.97326
27.45 3.97197
27.48 3.97067
27.51 3.96936
27.54 3.96805
27.57 3.96673
27.6 3.96541
27.63 3.96408
27.66 3.96274
27.69 3.9614
27.72 3.96006
27.75 3.95871
27.78 3.95736
27.81 3.956
27.84 3.95464
27.87 3.95328
27.9 3.95192
27.93 3.95055
27.96 3.94918
27.99 3.94781
28.02 3.94644
28.05 3.94507
28.08 3.94369
28.11 3.94232
28.14 3.94094
28.17 3.93957
28.2 3.9382
28.23 3.93682
28.26 3.93545
28.29 3.93408
28.32 3.9327
28.35 3.93133
28.38 3.92996
28.41 3.9286
28.44 3.92723
28.47 3.92587
28.5 3.92451
28.53 3.92315
28.56 3.92179
28.59 3.92044
28.62 3.91909
28.65 3.91774
28.68 3.91639
28.71 3.91505
28.74 3.91371
28.77 3.91238
28.8 3.91105
28.83 3.90972
28.86 3.90839
28.89 3.90707
28.92 3.90576
28.95 3.90445
28.98 3.90314
29.01 3.90183
29.04 3.90054
29.07 3.89924
29.1 3.89795
29.13 3.89667
29.16 3.89539
29.19 3.89411
29.22 3.89284
29.25 3.89158
29.28 3.89032
29.31 3.88906
29.34 3.88781
29.37 3.88656
29.4 3.88533
29.43 3.88409
29.46 3.88286
29.49 3.88164
29.52 3.88042
29.55 3.87921
29.58 3.878
29.61 3.8768
29.64 3.8756
29.67 3.87441
29.7 3.87323
29.73 3.87205
29.76 3.87088
29.79 3.86971
29.82 3.86855
29.85 3.86739
29.88 3.86624
29.91 3.8651
29.94 3.86396
29.97 3.86282
30 3.8617
30.001 0
