0 5
0.03 4.85388
0.06 4.85676
0.09 4.85965
0.12 4.86255
0.15 4.86546
0.18 4.86838
0.21 4.87132
0.24 4.87426
0.27 4.87721
0.3 4.88018
0.33 4.88316
0.36 4.88614
0.39 4.88914
0.42 4.89215
0.45 4.89517
0.48 4.8982
0.51 4.90124
0.54 4.90429
0.57 4.90735
0.6 4.91043
0.63 4.91351
0.66 4.91661
0.69 4.91971
0.72 4.92283
0.75 4.92595
0.78 4.92909
0.81 4.93224
0.84 4.9354
0.87 4.93856
0.9 4.94174
0.93 4.94493
0.96 4.94813
0.99 4.95134
1.02 4.95456
1.05 4.95779
1.08 4.96103
1.11 4.96428
1.14 4.96754
1.17 4.97082
1.2 4.9741
1.23 4.97739
1.26 4.98069
1.29 4.984
1.32 4.98732
1.35 4.99065
1.38 4.99399
1.41 4.99734
1.44 5.0007
1.47 5.00406
1.5 5.00744
1.53 5.01083
1.56 5.01422
1.59 5.01763
1.62 5.02104
1.65 5.02447
1.68 5.0279
1.71 5.03134
1.74 5.03479
1.77 5.03825
1.8 5.04172
1.83 5.0452
1.86 5.04868
1.89 5.05217
1.92 5.05567
1.95 5.05918
1.98 5.0627
2.01 5.06623
2.04 5.06976
2.07 5.0733
2.1 5.07685
2.13 5.08041
2.16 5.08397
2.19 5.08754
2.22 5.09112
2.25 5.09471
2.28 5.0983
2.31 5.1019
2.34 5.10551
2.37 5.10912
2.4 5.11274
2.43 5.11637
2.46 5.12
2.49 5.12364
2.52 5.12729
2.55 5.13094
2.58 5.1346
2.61 5.13826
2.64 5.14193
2.67 5.14561
2.7 5.14928
2.73 5.15297
2.76 5.15666
2.79 5.16035
2.82 5.16405
2.85 5.16776
2.88 5.17147
2.91 5.17518
2.94 5.1789
2.97 5.18262
3 5.18634
3.03 5.19007
3.06 5.1938
3.09 5.19754
3.12 5.20128
3.15 5.20502
3.18 5.20876
3.21 5.21251
3.24 5.21626
3.27 5.22001
3.3 5.22376
3.33 5.22752
3.36 5.23128
3.39 5.23504
3.42 5.2388
3.45 5.24256
3.48 5.24633
3.51 5.25009
3.54 5.25386
3.57 5.25762
3.6 5.26139
3.63 5.26516
3.66 5.26892
3.69 5.27269
3.72 5.27646
3.75 5.28022
3.78 5.28399
3.81 5.28775
3.84 5.29151
3.87 5.29527
3.9 5.29903
3.93 5.30279
3.96 5.30655
3.99 5.3103
4.02 5.31406
4.05 5.31781
4.08 5.32155
4.11 5.3253
4.14 5.32904
4.17 5.33278
4.2 5.33651
4.23 5.34024
4.26 5.34397
4.29 5.34769
4.32 5.35141
4.35 5.35512
4.38 5.35883
4.41 5.36253
4.44 5.36623
4.47 5.36993
4.5 5.37361
4.53 5.3773
4.56 5.38097
4.59 5.38464
4.62 5.3883
4.65 5.39196
4.68 5.39561
4.71 5.39926
4.74 5.40289
4.77 5.40652
4.8 5.41014
4.83 5.41375
4.86 5.41736
4.89 5.42096
4.92 5.42454
4.95 5.42812
4.98 5.43169
5.01 5.43526
5.04 5.43881
5.07 5.44235
5.1 5.44589
5.13 5.44941
5.16 5.45292
5.19 5.45643
5.22 5.45992
5.25 5.4634
5.28 5.46687
5.31 5.47033
5.34 5.47378
5.37 5.47722
5.4 5.48065
5.43 5.48406
5.46 5.48746
5.49 5.49085
5.52 5.49423
5.55 5.4976
5.58 5.50095
5.61 5.50429
5.64 5.50762
5.67 5.51093
5.7 5.51423
5.73 5.51752
5.76 5.52079
5.79 5.52405
5.82 5.5273
5.85 5.53053
5.88 5.53375
5.91 5.53695
5.94 5.54013
5.97 5.54331
6 5.54647
6.03 5.54961
6.06 5.55273
6.09 5.55585
6.12 5.55894
6.15 5.56202
6.18 5.56509
6.21 5.56813
6.24 5.57117
6.27 5.57418
6.3 5.57718
6.33 5.58016
6.36 5.58313
6.39 5.58608
6.42 5.58901
6.45 5.59193
6.48 5.59482
6.51 5.5977
6.54 5.60057
6.57 5.60341
6.6 5.60624
6.63 5.60905
6.66 5.61184
6.69 5.61462
6.72 5.61737
6.75 5.62011
6.78 5.62283
6.81 5.62553
6.84 5.62822
6.87 5.63088
6.9 5.63353
6.93 5.63615
6.96 5.63876
6.99 5.64135
7.02 5.64392
7.05 5.64647
7.08 5.64901
7.11 5.65152
7.14 5.65402
7.17 5.65649
7.2 5.65895
7.23 5.66138
7.26 5.6638
7.29 5.6662
7.32 5.66858
7.35 5.67094
7.38 5.67327
7.41 5.67559
7.44 5.67789
7.47 5.68017
7.5 5.68244
7.53 5.68468
7.56 5.6869
7.59 5.6891
7.62 5.69128
7.65 5.69344
7.68 5.69558
7.71 5.69771
7.74 5.69981
7.77 5.70189
7.8 5.70395
7.83 5.706
7.86 5.70802
7.89 5.71002
7.92 5.712
7.95 5.71397
7.98 5.71591
8.01 5.71783
8.04 5.71974
8.07 5.72162
8.1 5.72349
8.13 5.72533
8.16 5.72715
8.19 5.72896
8.22 5.73075
8.25 5.73251
8.28 5.73426
8.31 5.73598
8.34 5.73769
8.37 5.73938
8.4 5.74105
8.43 5.74269
8.46 5.74432
8.49 5.74593
8.52 5.74753
8.55 5.7491
8.58 5.75065
8.61 5.75218
8.64 5.7537
8.67 5.75519
8.7 5.75667
8.73 5.75813
8.76 5.75957
8.79 5.76099
8.82 5.76239
8.85 5.76377
8.88 5.76514
8.91 5.76648
8.94 5.76781
8.97 5.76912
9 5.77041
9.03 5.77168
9.06 5.77294
9.09 5.77418
9.12 5.7754
9.15 5.7766
9.18 5.77778
9.21 5.77895
9.24 5.7801
9.27 5.78123
9.3 5.78235
9.33 5.78344
9.36 5.78453
9.39 5.78559
9.42 5.78664
9.45 5.78767
9.48 5.78868
9.51 5.78968
9.54 5.79066
9.57 5.79162
9.6 5.79257
9.63 5.7935
9.66 5.79442
9.69 5.79532
9.72 5.7962
9.75 5.79707
9.78 5.79792
9.81 5.79876
9.84 5.79958
9.87 5.80039
9.9 5.80118
9.93 5.80196
9.96 5.80272
9.99 5.80347
10.02 5.8042
10.05 5.80492
10.08 5.80563
10.11 5.80632
10.14 5.80699
10.17 5.80766
10.2 5.80831
10.23 5.80894
10.26 5.80956
10.29 5.81017
10.32 5.81076
10.35 5.81135
10.38 5.81191
10.41 5.81247
10.44 5.81301
10.47 5.81354
10.5 5.81406
10.53 5.81457
10.56 5.81506
10.59 5.81554
10.62 5.81601
10.65 5.81647
10.68 5.81691
10.71 5.81735
10.74 5.81777
10.77 5.81818
10.8 5.81858
10.83 5.81897
10.86 5.81935
10.89 5.81971
10.92 5.82007
10.95 5.82042
10.98 5.82075
11.01 5.82108
11.04 5.82139
11.07 5.8217
11.1 5.82199
11.13 5.82228
11.16 5.82256
11.19 5.82282
11.22 5.82308
11.25 5.82333
11.28 5.82357
11.31 5.8238
11.34 5.82402
11.37 5.82423
11.4 5.82444
11.43 5.82463
11.46 5.82482
11.49 5.825
11.52 5.82517
11.55 5.82533
11.58 5.82549
11.61 5.82564
11.64 5.82578
11.67 5.82591
11.7 5.82604
11.73 5.82616
11.76 5.82627
11.79 5.82637
11.82 5.82647
11.85 5.82656
11.88 5.82665
11.91 5.82673
11.94 5.8268
11.97 5.82687
12 5.82693
12.03 5.82698
12.06 5.82703
12.09 5.82707
12.12 5.82711
12.15 5.82714
12.18 5.82717
12.21 5.82719
12.24 5.82721
12.27 5.82722
12.3 5.82722
12.33 5.82722
12.36 5.82722
12.39 5.82721
12.42 5.8272
12.45 5.82718
12.48 5.82716
12.51 5.82714
12.54 5.82711
12.57 5.82707
12.6 5.82704
12.63 5.827
12.66 5.82695
12.69 5.8269
12.72 5.82685
12.75 5.8268
12.78 5.82674
12.81 5.82668
12.84 5.82662
12.87 5.82655
12.9 5.82648
12.93 5.82641
12.96 5.82633
12.99 5.82625
13.02 5.82617
13.05 5.82609
13.08 5.826
13.11 5.82591
13.14 5.82582
13.17 5.82573
13.2 5.82564
13.23 5.82554
13.26 5.82544
13.29 5.82535
13.32 5.82524
13.35 5.82514
13.38 5.82504
13.41 5.82493
13.44 5.82482
13.47 5.82471
13.5 5.8246
13.53 5.82449
13.56 5.82438
13.59 5.82427
13.62 5.82415
13.65 5.82404
13.68 5.82392
13.71 5.82381
13.74 5.82369
13.77 5.82357
13.8 5.82345
13.83 5.82333
13.86 5.82321
13.89 5.82309
13.92 5.82297
13.95 5.82285
13.98 5.82273
14.01 5.82261
14.04 5.82249
14.07 5.82237
14.1 5.82225
14.13 5.82213
14.16 5.82201
14.19 5.82189
14.22 5.82177
14.25 5.82164
14.28 5.82152
14.31 5.8214
14.34 5.82129
14.37 5.82117
14.4 5.82105
14.43 5.82093
14.46 5.82081
14.49 5.8207
14.52 5.82058
14.55 5.82046
14.58 5.82035
14.61 5.82023
14.64 5.82012
14.67 5.82001
14.7 5.8199
14.73 5.81978
14.76 5.81967
14.79 5.81956
14.82 5.81946
14.85 5.81935
14.88 5.81924
14.91 5.81914
14.94 5.81903
14.97 5.81893
15 5.81883
15.03 5.81873
15.06 5.81863
15.09 5.81853
15.12 5.81843
15.15 5.81833
15.18 5.81824
15.21 5.81814
15.24 5.81805
15.27 5.81796
15.3 5.81787
15.33 5.81778
15.36 5.81769
15.39 5.81761
15.42 5.81752
15.45 5.81744
15.48 5.81736
15.51 5.81728
15.54 5.8172
15.57 5.81712
15.6 5.81704
15.63 5.81697
15.66 5.81689
15.69 5.81682
15.72 5.81675
15.75 5.81668
15.78 5.81661
15.81 5.81654
15.84 5.81648
15.87 5.81641
15.9 5.81635
15.93 5.81629
15.96 5.81623
15.99 5.81617
16.02 5.81611
16.05 5.81606
16.08 5.816
16.11 5.81595
16.14 5.8159
16.17 5.81584
16.2 5.81579
16.23 5.81575
16.26 5.8157
16.29 5.81565
16.32 5.81561
16.35 5.81557
16.38 5.81552
16.41 5.81548
16.44 5.81544
16.47 5.8154
16.5 5.81537
16.53 5.81533
16.56 5.81529
16.59 5.81526
16.62 5.81523
16.65 5.81519
16.68 5.81516
16.71 5.81513
16.74 5.8151
16.77 5.81507
16.8 5.81505
16.83 5.81502
16.86 5.81499
16.89 5.81497
16.92 5.81494
16.95 5.81492
16.98 5.81489
17.01 5.81487
17.04 5.81485
17.07 5.81483
17.1 5.81481
17.13 5.81478
17.16 5.81476
17.19 5.81474
17.22 5.81472
17.25 5.8147
17.28 5.81468
17.31 5.81467
17.34 5.81465
17.37 5.81463
17.4 5.81461
17.43 5.81459
17.46 5.81457
17.49 5.81455
17.52 5.81453
17.55 5.81451
17.58 5.81449
17.61 5.81447
17.64 5.81445
17.67 5.81443
17.7 5.81441
17.73 5.81439
17.76 5.81436
17.79 5.81434
17.82 5.81432
17.85 5.81429
17.88 5.81427
17.91 5.81424
17.94 5.81421
17.97 5.81418
18 5.81415
18.03 5.81412
18.06 5.81409
18.09 5.81405
18.12 5.81402
18.15 5.81398
18.18 5.81394
18.21 5.8139
18.24 5.81386
18.27 5.81381
18.3 5.81377
18.33 5.81372
18.36 5.81367
18.39 5.81361
18.42 5.81356
18.45 5.8135
18.48 5.81344
18.51 5.81338
18.54 5.81331
18.57 5.81325
18.6 5.81318
18.63 5.8131
18.66 5.81303
18.69 5.81295
18.72 5.81286
18.75 5.81278
18.78 5.81269
18.81 5.8126
18.84 5.8125
18.87 5.8124
18.9 5.81229
18.93 5.81219
18.96 5.81207
18.99 5.81196
19.02 5.81184
19.05 5.81171
19.08 5.81159
19.11 5.81145
19.14 5.81131
19.17 5.81117
19.2 5.81102
19.23 5.81087
19.26 5.81071
19.29 5.81055
19.32 5.81038
19.35 5.81021
19.38 5.81003
19.41 5.80984
19.44 5.80965
19.47 5.80946
19.5 5.80925
19.53 5.80905
19.56 5.80883
19.59 5.80861
19.62 5.80838
19.65 5.80815
19.68 5.80791
19.71 5.80766
19.74 5.8074
19.77 5.80714
19.8 5.80687
19.83 5.80659
19.86 5.80631
19.89 5.80602
19.92 5.80572
19.95 5.80541
19.98 5.8051
20.01 5.80477
20.04 5.80444
20.07 5.8041
20.1 5.80375
20.13 5.80339
20.16 5.80303
20.19 5.80265
20.22 5.80227
20.25 5.80188
20.28 5.80148
20.31 5.80107
20.34 5.80064
20.37 5.80021
20.4 5.79977
20.43 5.79933
20.46 5.79887
20.49 5.7984
20.52 5.79792
20.55 5.79743
20.58 5.79693
20.61 5.79642
20.64 5.79589
20.67 5.79536
20.7 5.79482
20.73 5.79427
20.76 5.7937
20.79 5.79312
20.82 5.79254
20.85 5.79194
20.88 5.79133
20.91 5.79071
20.94 5.79007
20.97 5.78943
21 5.78877
21.03 5.7881
21.06 5.78742
21.09 5.78673
21.12 5.78603
21.15 5.78531
21.18 5.78458
21.21 5.78384
21.24 5.78309
21.27 5.78232
21.3 5.78154
21.33 5.78075
21.36 5.77994
21.39 5.77913
21.42 5.7783
21.45 5.77745
21.48 5.7766
21.51 5.77573
21.54 5.77485
21.57 5.77396
21.6 5.77305
21.63 5.77213
21.66 5.77119
21.69 5.77025
21.72 5.76929
21.75 5.76831
21.78 5.76733
21.81 5.76633
21.84 5.76532
21.87 5.76429
21.9 5.76325
21.93 5.7622
21.96 5.76114
21.99 5.76006
22.02 5.75897
22.05 5.75786
22.08 5.75675
22.11 5.75561
22.14 5.75447
22.17 5.75332
22.2 5.75215
22.23 5.75096
22.26 5.74977
22.29 5.74856
22.32 5.74734
22.35 5.74611
22.38 5.74486
22.41 5.7436
22.44 5.74233
22.47 5.74105
22.5 5.73976
22.53 5.73845
22.56 5.73713
22.59 5.7358
22.62 5.73445
22.65 5.7331
22.68 5.73173
22.71 5.73035
22.74 5.72896
22.77 5.72756
22.8 5.72615
22.83 5.72473
22.86 5.72329
22.89 5.72185
22.92 5.72039
22.95 5.71892
22.98 5.71744
23.01 5.71596
23.04 5.71446
23.07 5.71295
23.1 5.71143
23.13 5.7099
23.16 5.70837
23.19 5.70682
23.22 5.70526
23.25 5.7037
23.28 5.70212
23.31 5.70054
23.34 5.69894
23.37 5.69734
23.4 5.69573
23.43 5.69412
23.46 5.69249
23.49 5.69086
23.52 5.68922
23.55 5.68757
23.58 5.68591
23.61 5.68425
23.64 5.68258
23.67 5.6809
23.7 5.67922
23.73 5.67753
23.76 5.67584
23.79 5.67413
23.82 5.67243
23.85 5.67071
23.88 5.669
23.91 5.66727
23.94 5.66554
23.97 5.66381
24 5.66207
24.03 5.66033
24.06 5.65858
24.09 5.65683
24.12 5.65508
24.15 5.65332
24.18 5.65156
24.21 5.6498
24.24 5.64803
24.27 5.64626
24.3 5.64448
24.33 5.64271
24.36 5.64093
24.39 5.63915
24.42 5.63737
24.45 5.63559
24.48 5.63381
24.51 5.63202
24.54 5.63023
24.57 5.62845
24.6 5.62666
24.63 5.62487
24.66 5.62308
24.69 5.6213
24.72 5.61951
24.75 5.61772
24.78 5.61593
24.81 5.61415
24.84 5.61236
24.87 5.61058
24.9 5.6088
24.93 5.60702
24.96 5.60524
24.99 5.60346
25.02 5.60168
25.05 5.59991
25.08 5.59814
25.11 5.59637
25.14 5.59461
25.17 5.59285
25.2 5.59109
25.23 5.58933
25.26 5.58758
25.29 5.58583
25.32 5.58409
25.35 5.58234
25.38 5.58061
25.41 5.57888
25.44 5.57715
25.47 5.57542
25.5 5.57371
25.53 5.57199
25.56 5.57028
25.59 5.56858
25.62 5.56688
25.65 5.56519
25.68 5.5635
25.71 5.56182
25.74 5.56014
25.77 5.55847
25.8 5.55681
25.83 5.55515
25.86 5.5535
25.89 5.55185
25.92 5.55021
25.95 5.54858
25.98 5.54695
26.01 5.54534
26.04 5.54372
26.07 5.54212
26.1 5.54052
26.13 5.53893
26.16 5.53734
26.19 5.53577
26.22 5.5342
26.25 5.53264
26.28 5.53108
26.31 5.52954
26.34 5.528
26.37 5.52647
26.4 5.52494
26.43 5.52343
26.46 5.52192
26.49 5.52042
26.52 5.51893
26.55 5.51745
26.58 5.51597
26.61 5.5145
26.64 5.51305
26.67 5.51159
26.7 5.51015
26.73 5.50872
26.76 5.50729
26.79 5.50588
26.82 5.50447
26.85 5.50307
26.88 5.50168
26.91 5.50029
26.94 5.49892
26.97 5.49755
27 5.49619
27.03 5.49485
27.06 5.49351
27.09 5.49217
27.12 5.49085
27.15 5.48954
27.18 5.48823
27.21 5.48694
27.24 5.48565
27.27 5.48437
27.3 5.4831
27.33 5.48183
27.36 5.48058
27.39 5.47934
27.42 5.4781
27.45 5.47687
27.48 5.47565
27.51 5.47444
27.54 5.47324
27.57 5.47205
27.6 5.47086
27.63 5.46969
27.66 5.46852
27.69 5.46736
27.72 5.46621
27.75 5.46507
27.78 5.46393
27.81 5.46281
27.84 5.46169
27.87 5.46058
27.9 5.45948
27.93 5.45839
27.96 5.45731
27.99 5.45623
28.02 5.45517
28.05 5.45411
28.08 5.45306
28.11 5.45202
28.14 5.45098
28.17 5.44996
28.2 5.44894
28.23 5.44793
28.26 5.44693
28.29 5.44593
28.32 5.44495
28.35 5.44397
28.38 5.443
28.41 5.44204
28.44 5.44108
28.47 5.44014
28.5 5.4392
28.53 5.43827
28.56 5.43734
28.59 5.43643
28.62 5.43552
28.65 5.43462
28.68 5.43372
28.71 5.43284
28.74 5.43196
28.77 5.43109
28.8 5.43022
28.83 5.42936
28.86 5.42851
28.89 5.42767
28.92 5.42684
28.95 5.42601
28.98 5.42519
29.01 5.42437
29.04 5.42356
29.07 5.42276
29.1 5.42197
29.13 5.42118
29.16 5.4204
29.19 5.41963
29.22 5.41886
29.25 5.4181
29.28 5.41735
29.31 5.4166
29.34 5.41586
29.37 5.41513
29.4 5.4144
29.43 5.41368
29.46 5.41296
29.49 5.41225
29.52 5.41155
29.55 5.41086
29.58 5.41017
29.61 5.40948
29.64 5.4088
29.67 5.40813
29.7 5.40747
29.73 5.40681
29.76 5.40615
29.79 5.4055
29.82 5.40486
29.85 5.40422
29.88 5.40359
29.91 5.40297
29.94 5.40235
29.97 5.40173
30 5.40113
30.001 5
