0 0
0.03 0.96872
0.06 0.969343
0.09 0.969967
0.12 0.970591
0.15 0.971215
0.18 0.97184
0.21 0.972464
0.24 0.973089
0.27 0.973713
0.3 0.974338
0.33 0.974963
0.36 0.975589
0.39 0.976214
0.42 0.97684
0.45 0.977466
0.48 0.978092
0.51 0.978718
0.54 0.979344
0.57 0.979971
0.6 0.980597
0.63 0.981224
0.66 0.981851
0.69 0.982478
0.72 0.983106
0.75 0.983733
0.78 0.984361
0.81 0.984989
0.84 0.985617
0.87 0.986245
0.9 0.986874
0.93 0.987503
0.96 0.988132
0.99 0.988761
1.02 0.98939
1.05 0.99002
1.08 0.990649
1.11 0.991279
1.14 0.991909
1.17 0.99254
1.2 0.99317
1.23 0.993801
1.26 0.994432
1.29 0.995063
1.32 0.995695
1.35 0.996326
1.38 0.996958
1.41 0.99759
1.44 0.998223
1.47 0.998855
1.5 0.999488
1.53 1.00012
1.56 1.00075
1.59 1.00139
1.62 1.00202
1.65 1.00266
1.68 1.00329
1.71 1.00392
1.74 1.00456
1.77 1.00519
1.8 1.00583
1.83 1.00646
1.86 1.0071
1.89 1.00774
1.92 1.00837
1.95 1.00901
1.98 1.00964
2.01 1.01028
2.04 1.01092
2.07 1.01156
2.1 1.01219
2.13 1.01283
2.16 1.01347
2.19 1.01411
2.22 1.01475
2.25 1.01539
2.28 1.01603
2.31 1.01667
2.34 1.01731
2.37 1.01795
2.4 1.01859
2.43 1.01923
2.46 1.01987
2.49 1.02051
2.52 1.02115
2.55 1.02179
2.58 1.02244
2.61 1.02308
2.64 1.02372
2.67 1.02437
2.7 1.02501
2.73 1.02565
2.76 1.0263
2.79 1.02694
2.82 1.02759
2.85 1.02823
2.88 1.02888
2.91 1.02952
2.94 1.03017
2.97 1.03082
3 1.03146
3.03 1.03211
3.06 1.03276
3.09 1.03341
3.12 1.03406
3.15 1.0347
3.18 1.03535
3.21 1.036
3.24 1.03665
3.27 1.0373
3.3 1.03795
3.33 1.03861
3.36 1.03926
3.39 1.03991
3.42 1.04056
3.45 1.04121
3.48 1.04187
3.51 1.04252
3.54 1.04317
3.57 1.04383
3.6 1.04448
3.63 1.04514
3.66 1.04579
3.69 1.04645
3.72 1.0471
3.75 1.04776
3.78 1.04842
3.81 1.04908
3.84 1.04973
3.87 1.05039
3.9 1.05105
3.93 1.05171
3.96 1.05237
3.99 1.05303
4.02 1.05369
4.05 1.05435
4.08 1.05501
4.11 1.05567
4.14 1.05634
4.17 1.057
4.2 1.05766
4.23 1.05833
4.26 1.05899
4.29 1.05966
4.32 1.06032
4.35 1.06099
4.38 1.06165
4.41 1.06232
4.44 1.06299
4.47 1.06366
4.5 1.06432
4.53 1.06499
4.56 1.06566
4.59 1.06633
4.62 1.067
4.65 1.06767
4.68 1.06835
4.71 1.06902
4.74 1.06969
4.77 1.07036
4.8 1.07104
4.83 1.07171
4.86 1.07239
4.89 1.07306
4.92 1.07374
4.95 1.07442
4.98 1.07509
5.01 1.07577
5.04 1.07645
5.07 1.07713
5.1 1.07781
5.13 1.07849
5.16 1.07917
5.19 1.07985
5.22 1.08053
5.25 1.08122
5.28 1.0819
5.31 1.08258
5.34 1.08327
5.37 1.08395
5.4 1.08464
5.43 1.08533
5.46 1.08601
5.49 1.0867
5.52 1.08739
5.55 1.08808
5.58 1.08877
5.61 1.08946
5.64 1.09015
5.67 1.09084
5.7 1.09154
5.73 1.09223
5.76 1.09292
5.79 1.09362
5.82 1.09431
5.85 1.09501
5.88 1.09571
5.91 1.09641
5.94 1.0971
5.97 1.0978
6 1.0985
6.03 1.0992
6.06 1.09991
6.09 1.10061
6.12 1.10131
6.15 1.10202
6.18 1.10272
6.21 1.10343
6.24 1.10413
6.27 1.10484
6.3 1.10555
6.33 1.10626
6.36 1.10697
6.39 1.10768
6.42 1.10839
6.45 1.1091
6.48 1.10982
6.51 1.11053
6.54 1.11124
6.57 1.11196
6.6 1.11268
6.63 1.11339
6.66 1.11411
6.69 1.11483
6.72 1.11555
6.75 1.11627
6.78 1.117
6.81 1.11772
6.84 1.11844
6.87 1.11917
6.9 1.11989
6.93 1.12062
6.96 1.12135
6.99 1.12208
7.02 1.12281
7.05 1.12354
7.08 1.12427
7.11 1.125
7.14 1.12574
7.17 1.12647
7.2 1.12721
7.23 1.12794
7.26 1.12868
7.29 1.12942
7.32 1.13016
7.35 1.1309
7.38 1.13164
7.41 1.13239
7.44 1.13313
7.47 1.13388
7.5 1.13462
7.53 1.13537
7.56 1.13612
7.59 1.13687
7.62 1.13762
7.65 1.13837
7.68 1.13912
7.71 1.13988
7.74 1.14063
7.77 1.14139
7.8 1.14215
7.83 1.14291
7.86 1.14367
7.89 1.14443
7.92 1.14519
7.95 1.14596
7.98 1.14672
8.01 1.14749
8.04 1.14826
8.07 1.14902
8.1 1.14979
8.13 1.15057
8.16 1.15134
8.19 1.15211
8.22 1.15289
8.25 1.15367
8.28 1.15444
8.31 1.15522
8.34 1.156
8.37 1.15679
8.4 1.15757
8.43 1.15835
8.46 1.15914
8.49 1.15993
8.52 1.16072
8.55 1.16151
8.58 1.1623
8.61 1.16309
8.64 1.16389
8.67 1.16468
8.7 1.16548
8.73 1.16628
8.76 1.16708
8.79 1.16788
8.82 1.16868
8.85 1.16949
8.88 1.1703
8.91 1.1711
8.94 1.17191
8.97 1.17272
9 1.17354
9.03 1.17435
9.06 1.17517
9.09 1.17599
9.12 1.1768
9.15 1.17762
9.18 1.17845
9.21 1.17927
9.24 1.1801
9.27 1.18092
9.3 1.18175
9.33 1.18258
9.36 1.18342
9.39 1.18425
9.42 1.18509
9.45 1.18592
9.48 1.18676
9.51 1.1876
9.54 1.18845
9.57 1.18929
9.6 1.19014
9.63 1.19098
9.66 1.19183
9.69 1.19269
9.72 1.19354
9.75 1.1944
9.78 1.19525
9.81 1.19611
9.84 1.19697
9.87 1.19784
9.9 1.1987
9.93 1.19957
9.96 1.20044
9.99 1.20131
10.02 1.20218
10.05 1.20305
10.08 1.20393
10.11 1.20481
10.14 1.20569
10.17 1.20657
10.2 1.20746
10.23 1.20835
10.26 1.20923
10.29 1.21013
10.32 1.21102
10.35 1.21191
10.38 1.21281
10.41 1.21371
10.44 1.21461
10.47 1.21552
10.5 1.21642
10.53 1.21733
10.56 1.21824
10.59 1.21915
10.62 1.22007
10.65 1.22099
10.68 1.2219
10.71 1.22283
10.74 1.22375
10.77 1.22468
10.8 1.22561
10.83 1.22654
10.86 1.22747
10.89 1.22841
10.92 1.22934
10.95 1.23028
10.98 1.23123
11.01 1.23217
11.04 1.23312
11.07 1.23407
11.1 1.23502
11.13 1.23598
11.16 1.23694
11.19 1.2379
11.22 1.23886
11.25 1.23983
11.28 1.2408
11.31 1.24177
11.34 1.24274
11.37 1.24372
11.4 1.2447
11.43 1.24568
11.46 1.24666
11.49 1.24765
11.52 1.24864
11.55 1.24963
11.58 1.25062
11.61 1.25162
11.64 1.25262
11.67 1.25363
11.7 1.25463
11.73 1.25564
11.76 1.25665
11.79 1.25767
11.82 1.25869
11.85 1.25971
11.88 1.26073
11.91 1.26176
11.94 1.26279
11.97 1.26382
12 1.26486
12.03 1.2659
12.06 1.26694
12.09 1.26798
12.12 1.26903
12.15 1.27008
12.18 1.27114
12.21 1.27219
12.24 1.27326
12.27 1.27432
12.3 1.27539
12.33 1.27646
12.36 1.27753
12.39 1.27861
12.42 1.27969
12.45 1.28077
12.48 1.28186
12.51 1.28295
12.54 1.28404
12.57 1.28514
12.6 1.28624
12.63 1.28734
12.66 1.28845
12.69 1.28956
12.72 1.29068
12.75 1.2918
12.78 1.29292
12.81 1.29404
12.84 1.29517
12.87 1.2963
12.9 1.29744
12.93 1.29858
12.96 1.29972
12.99 1.30087
13.02 1.30202
13.05 1.30318
13.08 1.30434
13.11 1.3055
13.14 1.30667
13.17 1.30784
13.2 1.30901
13.23 1.31019
13.26 1.31137
13.29 1.31256
13.32 1.31375
13.35 1.31494
13.38 1.31614
13.41 1.31734
13.44 1.31855
13.47 1.31976
13.5 1.32097
13.53 1.32219
13.56 1.32342
13.59 1.32464
13.62 1.32588
13.65 1.32711
13.68 1.32835
13.71 1.3296
13.74 1.33085
13.77 1.3321
13.8 1.33336
13.83 1.33462
13.86 1.33589
13.89 1.33716
13.92 1.33843
13.95 1.33972
13.98 1.341
14.01 1.34229
14.04 1.34359
14.07 1.34488
14.1 1.34619
14.13 1.3475
14.16 1.34881
14.19 1.35013
14.22 1.35145
14.25 1.35278
14.28 1.35411
14.31 1.35545
14.34 1.3568
14.37 1.35814
14.4 1.3595
14.43 1.36086
14.46 1.36222
14.49 1.36359
14.52 1.36496
14.55 1.36634
14.58 1.36773
14.61 1.36912
14.64 1.37051
14.67 1.37191
14.7 1.37332
14.73 1.37473
14.76 1.37615
14.79 1.37757
14.82 1.379
14.85 1.38043
14.88 1.38187
14.91 1.38331
14.94 1.38477
14.97 1.38622
15 1.38768
15.03 1.38915
15.06 1.39063
15.09 1.39211
15.12 1.39359
15.15 1.39508
15.18 1.39658
15.21 1.39809
15.24 1.3996
15.27 1.40111
15.3 1.40264
15.33 1.40416
15.36 1.4057
15.39 1.40724
15.42 1.40879
15.45 1.41034
15.48 1.4119
15.51 1.41347
15.54 1.41505
15.57 1.41663
15.6 1.41821
15.63 1.41981
15.66 1.42141
15.69 1.42302
15.72 1.42463
15.75 1.42625
15.78 1.42788
15.81 1.42952
15.84 1.43116
15.87 1.43281
15.9 1.43447
15.93 1.43613
15.96 1.4378
15.99 1.43948
16.02 1.44117
16.05 1.44286
16.08 1.44456
16.11 1.44627
16.14 1.44799
16.17 1.44971
16.2 1.45145
16.23 1.45319
16.26 1.45493
16.29 1.45669
16.32 1.45845
16.35 1.46023
16.38 1.46201
16.41 1.46379
16.44 1.46559
16.47 1.4674
16.5 1.46921
16.53 1.47103
16.56 1.47286
16.59 1.4747
16.62 1.47655
16.65 1.47841
16.68 1.48027
16.71 1.48215
16.74 1.48403
16.77 1.48592
16.8 1.48783
16.83 1.48974
16.86 1.49166
16.89 1.49359
16.92 1.49553
16.95 1.49748
16.98 1.49944
17.01 1.5014
17.04 1.50338
17.07 1.50537
17.1 1.50737
17.13 1.50938
17.16 1.5114
17.19 1.51343
17.22 1.51546
17.25 1.51751
17.28 1.51958
17.31 1.52165
17.34 1.52373
17.37 1.52582
17.4 1.52793
17.43 1.53004
17.46 1.53217
17.49 1.5343
17.52 1.53645
17.55 1.53861
17.58 1.54079
17.61 1.54297
17.64 1.54517
17.67 1.54737
17.7 1.54959
17.73 1.55183
17.76 1.55407
17.79 1.55633
17.82 1.5586
17.85 1.56088
17.88 1.56318
17.91 1.56549
17.94 1.56781
17.97 1.57014
18 1.57249
18.03 1.57486
18.06 1.57723
18.09 1.57962
18.12 1.58203
18.15 1.58445
18.18 1.58688
18.21 1.58933
18.24 1.59179
18.27 1.59426
18.3 1.59676
18.33 1.59926
18.36 1.60179
18.39 1.60432
18.42 1.60688
18.45 1.60945
18.48 1.61203
18.51 1.61464
18.54 1.61726
18.57 1.61989
18.6 1.62254
18.63 1.62521
18.66 1.6279
18.69 1.6306
18.72 1.63333
18.75 1.63607
18.78 1.63882
18.81 1.6416
18.84 1.6444
18.87 1.64721
18.9 1.65004
18.93 1.65289
18.96 1.65577
18.99 1.65866
19.02 1.66157
19.05 1.6645
19.08 1.66745
19.11 1.67043
19.14 1.67342
19.17 1.67644
19.2 1.67947
19.23 1.68253
19.26 1.68561
19.29 1.68872
19.32 1.69184
19.35 1.69499
19.38 1.69817
19.41 1.70136
19.44 1.70458
19.47 1.70783
19.5 1.7111
19.53 1.71439
19.56 1.71771
19.59 1.72106
19.62 1.72443
19.65 1.72782
19.68 1.73125
19.71 1.7347
19.74 1.73818
19.77 1.74168
19.8 1.74522
19.83 1.74878
19.86 1.75237
19.89 1.756
19.92 1.75965
19.95 1.76333
19.98 1.76704
20.01 1.77078
20.04 1.77456
20.07 1.77836
20.1 1.7822
20.13 1.78607
20.16 1.78998
20.19 1.79391
20.22 1.79789
20.25 1.80189
20.28 1.80594
20.31 1.81001
20.34 1.81413
20.37 1.81828
20.4 1.82246
20.43 1.82669
20.46 1.83095
20.49 1.83525
20.52 1.83959
20.55 1.84397
20.58 1.84839
20.61 1.85286
20.64 1.85736
20.67 1.8619
20.7 1.86649
20.73 1.87112
20.76 1.8758
20.79 1.88051
20.82 1.88528
20.85 1.89009
20.88 1.89494
20.91 1.89984
20.94 1.90479
20.97 1.90979
21 1.91484
21.03 1.91993
21.06 1.92508
21.09 1.93027
21.12 1.93552
21.15 1.94082
21.18 1.94617
21.21 1.95157
21.24 1.95703
21.27 1.96254
21.3 1.96811
21.33 1.97374
21.36 1.97942
21.39 1.98515
21.42 1.99095
21.45 1.9968
21.48 2.00272
21.51 2.00869
21.54 2.01473
21.57 2.02082
21.6 2.02698
21.63 2.0332
21.66 2.03949
21.69 2.04584
21.72 2.05225
21.75 2.05873
21.78 2.06528
21.81 2.07189
21.84 2.07857
21.87 2.08532
21.9 2.09213
21.93 2.09902
21.96 2.10598
21.99 2.113
22.02 2.1201
22.05 2.12727
22.08 2.13452
22.11 2.14183
22.14 2.14922
22.17 2.15668
22.2 2.16422
22.23 2.17183
22.26 2.17952
22.29 2.18729
22.32 2.19513
22.35 2.20304
22.38 2.21104
22.41 2.21911
22.44 2.22726
22.47 2.23548
22.5 2.24379
22.53 2.25217
22.56 2.26063
22.59 2.26918
22.62 2.2778
22.65 2.28649
22.68 2.29527
22.71 2.30413
22.74 2.31306
22.77 2.32208
22.8 2.33117
22.83 2.34034
22.86 2.34959
22.89 2.35891
22.92 2.36832
22.95 2.3778
22.98 2.38736
23.01 2.39699
23.04 2.4067
23.07 2.41648
23.1 2.42634
23.13 2.43627
23.16 2.44627
23.19 2.45635
23.22 2.46649
23.25 2.47671
23.28 2.48699
23.31 2.49734
23.34 2.50776
23.37 2.51824
23.4 2.52878
23.43 2.53939
23.46 2.55006
23.49 2.56078
23.52 2.57157
23.55 2.58241
23.58 2.5933
23.61 2.60424
23.64 2.61524
23.67 2.62628
23.7 2.63737
23.73 2.6485
23.76 2.65968
23.79 2.67089
23.82 2.68214
23.85 2.69343
23.88 2.70475
23.91 2.7161
23.94 2.72748
23.97 2.73888
24 2.7503
24.03 2.76175
24.06 2.77321
24.09 2.78469
24.12 2.79618
24.15 2.80767
24.18 2.81918
24.21 2.83069
24.24 2.84219
24.27 2.8537
24.3 2.8652
24.33 2.87669
24.36 2.88817
24.39 2.89964
24.42 2.91109
24.45 2.92252
24.48 2.93393
24.51 2.94531
24.54 2.95667
24.57 2.96799
24.6 2.97928
24.63 2.99053
24.66 3.00174
24.69 3.01291
24.72 3.02404
24.75 3.03512
24.78 3.04614
24.81 3.05711
24.84 3.06803
24.87 3.07889
24.9 3.08969
24.93 3.10042
24.96 3.11109
24.99 3.12169
25.02 3.13222
25.05 3.14268
25.08 3.15307
25.11 3.16338
25.14 3.17361
25.17 3.18376
25.2 3.19383
25.23 3.20381
25.26 3.21371
25.29 3.22352
25.32 3.23325
25.35 3.24288
25.38 3.25242
25.41 3.26187
25.44 3.27123
25.47 3.28049
25.5 3.28966
25.53 3.29873
25.56 3.3077
25.59 3.31658
25.62 3.32535
25.65 3.33403
25.68 3.3426
25.71 3.35108
25.74 3.35945
25.77 3.36772
25.8 3.37589
25.83 3.38396
25.86 3.39193
25.89 3.39979
25.92 3.40755
25.95 3.41521
25.98 3.42277
26.01 3.43023
26.04 3.43759
26.07 3.44484
26.1 3.452
26.13 3.45905
26.16 3.466
26.19 3.47286
26.22 3.47962
26.25 3.48627
26.28 3.49283
26.31 3.4993
26.34 3.50566
26.37 3.51194
26.4 3.51811
26.43 3.5242
26.46 3.53019
26.49 3.53609
26.52 3.5419
26.55 3.54761
26.58 3.55324
26.61 3.55878
26.64 3.56424
26.67 3.5696
26.7 3.57488
26.73 3.58008
26.76 3.58519
26.79 3.59023
26.82 3.59518
26.85 3.60005
26.88 3.60484
26.91 3.60955
26.94 3.61419
26.97 3.61875
27 3.62323
27.03 3.62765
27.06 3.63199
27.09 3.63625
27.12 3.64045
27.15 3.64458
27.18 3.64864
27.21 3.65263
27.24 3.65656
27.27 3.66042
27.3 3.66422
27.33 3.66795
27.36 3.67163
27.39 3.67524
27.42 3.67879
27.45 3.68228
27.48 3.68572
27.51 3.68909
27.54 3.69242
27.57 3.69568
27.6 3.69889
27.63 3.70205
27.66 3.70516
27.69 3.70821
27.72 3.71122
27.75 3.71417
27.78 3.71708
27.81 3.71994
27.84 3.72275
27.87 3.72551
27.9 3.72823
27.93 3.7309
27.96 3.73353
27.99 3.73612
28.02 3.73867
28.05 3.74117
28.08 3.74363
28.11 3.74606
28.14 3.74844
28.17 3.75078
28.2 3.75309
28.23 3.75536
28.26 3.75759
28.29 3.75979
28.32 3.76195
28.35 3.76408
28.38 3.76617
28.41 3.76823
28.44 3.77025
28.47 3.77225
28.5 3.77421
28.53 3.77614
28.56 3.77804
28.59 3.77991
28.62 3.78175
28.65 3.78356
28.68 3.78535
28.71 3.7871
28.74 3.78883
28.77 3.79053
28.8 3.7922
28.83 3.79385
28.86 3.79548
28.89 3.79707
28.92 3.79865
28.95 3.80019
28.98 3.80172
29.01 3.80322
29.04 3.8047
29.07 3.80616
29.1 3.80759
29.13 3.809
29.16 3.81039
29.19 3.81176
29.22 3.81311
29.25 3.81444
29.28 3.81575
29.31 3.81703
29.34 3.8183
29.37 3.81955
29.4 3.82078
29.43 3.822
29.46 3.82319
29.49 3.82437
29.52 3.82553
29.55 3.82667
29.58 3.8278
29.61 3.82891
29.64 3.83
29.67 3.83108
29.7 3.83214
29.73 3.83318
29.76 3.83421
29.79 3.83523
29.82 3.83623
29.85 3.83722
29.88 3.83819
29.91 3.83914
29.94 3.84009
29.97 3.84102
30 3.84194
30.001 0
