0 -10
0.03 -7.90089
0.06 -7.89877
0.09 -7.89664
0.12 -7.89451
0.15 -7.89237
0.18 -7.89022
0.21 -7.88806
0.24 -7.8859
0.27 -7.88373
0.3 -7.88156
0.33 -7.87937
0.36 -7.87718
0.39 -7.87498
0.42 -7.87278
0.45 -7.87057
0.48 -7.86835
0.51 -7.86612
0.54 -7.86389
0.57 -7.86165
0.6 -7.8594
0.63 -7.85715
0.66 -7.85489
0.69 -7.85262
0.72 -7.85035
0.75 -7.84807
0.78 -7.84578
0.81 -7.84348
0.84 -7.84118
0.87 -7.83887
0.9 -7.83656
0.93 -7.83423
0.96 -7.8319
0.99 -7.82957
1.02 -7.82722
1.05 -7.82487
1.08 -7.82252
1.11 -7.82015
1.14 -7.81778
1.17 -7.81541
1.2 -7.81302
1.23 -7.81063
1.26 -7.80824
1.29 -7.80583
1.32 -7.80342
1.35 -7.80101
1.38 -7.79858
1.41 -7.79615
1.44 -7.79372
1.47 -7.79127
1.5 -7.78883
1.53 -7.78637
1.56 -7.78391
1.59 -7.78144
1.62 -7.77897
1.65 -7.77649
1.68 -7.774
1.71 -7.77151
1.74 -7.76901
1.77 -7.7665
1.8 -7.76399
1.83 -7.76148
1.86 -7.75895
1.89 -7.75642
1.92 -7.75389
1.95 -7.75135
1.98 -7.7488
2.01 -7.74625
2.04 -7.74369
2.07 -7.74113
2.1 -7.73856
2.13 -7.73598
2.16 -7.7334
2.19 -7.73082
2.22 -7.72823
2.25 -7.72563
2.28 -7.72303
2.31 -7.72042
2.34 -7.71781
2.37 -7.71519
2.4 -7.71257
2.43 -7.70994
2.46 -7.70731
2.49 -7.70468
2.52 -7.70203
2.55 -7.69939
2.58 -7.69674
2.61 -7.69408
2.64 -7.69142
2.67 -7.68875
2.7 -7.68609
2.73 -7.68341
2.76 -7.68073
2.79 -7.67805
2.82 -7.67537
2.85 -7.67268
2.88 -7.66998
2.91 -7.66728
2.94 -7.66458
2.97 -7.66188
3 -7.65917
3.03 -7.65646
3.06 -7.65374
3.09 -7.65102
3.12 -7.6483
3.15 -7.64557
3.18 -7.64284
3.21 -7.64011
3.24 -7.63737
3.27 -7.63463
3.3 -7.63189
3.33 -7.62915
3.36 -7.6264
3.39 -7.62365
3.42 -7.6209
3.45 -7.61815
3.48 -7.61539
3.51 -7.61263
3.54 -7.60987
3.57 -7.60711
3.6 -7.60435
3.63 -7.60158
3.66 -7.59881
3.69 -7.59604
3.72 -7.59327
3.75 -7.5905
3.78 -7.58773
3.81 -7.58495
3.84 -7.58218
3.87 -7.5794
3.9 -7.57663
3.93 -7.57385
3.96 -7.57107
3.99 -7.56829
4.02 -7.56551
4.05 -7.56273
4.08 -7.55995
4.11 -7.55717
4.14 -7.55439
4.17 -7.55161
4.2 -7.54883
4.23 -7.54605
4.26 -7.54327
4.29 -7.5405
4.32 -7.53772
4.35 -7.53494
4.38 -7.53217
4.41 -7.52939
4.44 -7.52662
4.47 -7.52385
4.5 -7.52107
4.53 -7.51831
4.56 -7.51554
4.59 -7.51277
4.62 -7.51001
4.65 -7.50725
4.68 -7.50449
4.71 -7.50173
4.74 -7.49898
4.77 -7.49622
4.8 -7.49347
4.83 -7.49073
4.86 -7.48798
4.89 -7.48524
4.92 -7.4825
4.95 -7.47977
4.98 -7.47704
5.01 -7.47431
5.04 -7.47159
5.07 -7.46887
5.1 -7.46615
5.13 -7.46344
5.16 -7.46073
5.19 -7.45802
5.22 -7.45532
5.25 -7.45263
5.28 -7.44994
5.31 -7.44725
5.34 -7.44457
5.37 -7.4419
5.4 -7.43922
5.43 -7.43656
5.46 -7.4339
5.49 -7.43124
5.52 -7.42859
5.55 -7.42595
5.58 -7.42331
5.61 -7.42068
5.64 -7.41806
5.67 -7.41544
5.7 -7.41282
5.73 -7.41022
5.76 -7.40762
5.79 -7.40502
5.82 -7.40244
5.85 -7.39986
5.88 -7.39728
5.91 -7.39472
5.94 -7.39216
5.97 -7.38961
6 -7.38707
6.03 -7.38453
6.06 -7.382
6.09 -7.37948
6.12 -7.37697
6.15 -7.37447
6.18 -7.37197
6.21 -7.36949
6.24 -7.36701
6.27 -7.36454
6.3 -7.36207
6.33 -7.35962
6.36 -7.35718
6.39 -7.35474
6.42 -7.35232
6.45 -7.3499
6.48 -7.34749
6.51 -7.34509
6.54 -7.34271
6.57 -7.34033
6.6 -7.33796
6.63 -7.3356
6.66 -7.33325
6.69 -7.33091
6.72 -7.32858
6.75 -7.32626
6.78 -7.32395
6.81 -7.32165
6.84 -7.31936
6.87 -7.31709
6.9 -7.31482
6.93 -7.31256
6.96 -7.31032
6.99 -7.30808
7.02 -7.30586
7.05 -7.30365
7.08 -7.30145
7.11 -7.29926
7.14 -7.29708
7.17 -7.29491
7.2 -7.29275
7.23 -7.29061
7.26 -7.28848
7.29 -7.28636
7.32 -7.28425
7.35 -7.28215
7.38 -7.28007
7.41 -7.278
7.44 -7.27593
7.47 -7.27389
7.5 -7.27185
7.53 -7.26983
7.56 -7.26781
7.59 -7.26582
7.62 -7.26383
7.65 -7.26185
7.68 -7.25989
7.71 -7.25794
7.74 -7.25601
7.77 -7.25409
7.8 -7.25218
7.83 -7.25028
7.86 -7.24839
7.89 -7.24652
7.92 -7.24466
7.95 -7.24282
7.98 -7.24099
8.01 -7.23917
8.04 -7.23736
8.07 -7.23557
8.1 -7.23379
8.13 -7.23202
8.16 -7.23027
8.19 -7.22853
8.22 -7.22681
8.25 -7.2251
8.28 -7.2234
8.31 -7.22171
8.34 -7.22004
8.37 -7.21839
8.4 -7.21674
8.43 -7.21511
8.46 -7.2135
8.49 -7.21189
8.52 -7.2103
8.55 -7.20873
8.58 -7.20717
8.61 -7.20562
8.64 -7.20409
8.67 -7.20257
8.7 -7.20106
8.73 -7.19957
8.76 -7.19809
8.79 -7.19663
8.82 -7.19518
8.85 -7.19374
8.88 -7.19232
8.91 -7.19091
8.94 -7.18951
8.97 -7.18813
9 -7.18677
9.03 -7.18541
9.06 -7.18407
9.09 -7.18275
9.12 -7.18144
9.15 -7.18014
9.18 -7.17886
9.21 -7.17759
9.24 -7.17633
9.27 -7.17509
9.3 -7.17386
9.33 -7.17265
9.36 -7.17145
9.39 -7.17026
9.42 -7.16909
9.45 -7.16793
9.48 -7.16679
9.51 -7.16565
9.54 -7.16454
9.57 -7.16343
9.6 -7.16234
9.63 -7.16127
9.66 -7.1602
9.69 -7.15915
9.72 -7.15812
9.75 -7.15709
9.78 -7.15608
9.81 -7.15509
9.84 -7.15411
9.87 -7.15314
9.9 -7.15218
9.93 -7.15124
9.96 -7.15031
9.99 -7.14939
10.02 -7.14849
10.05 -7.1476
10.08 -7.14673
10.11 -7.14586
10.14 -7.14501
10.17 -7.14418
10.2 -7.14335
10.23 -7.14254
10.26 -7.14174
10.29 -7.14095
10.32 -7.14018
10.35 -7.13942
10.38 -7.13867
10.41 -7.13794
10.44 -7.13721
10.47 -7.1365
10.5 -7.1358
10.53 -7.13512
10.56 -7.13444
10.59 -7.13378
10.62 -7.13313
10.65 -7.1325
10.68 -7.13187
10.71 -7.13126
10.74 -7.13066
10.77 -7.13007
10.8 -7.12949
10.83 -7.12892
10.86 -7.12837
10.89 -7.12783
10.92 -7.1273
10.95 -7.12678
10.98 -7.12627
11.01 -7.12577
11.04 -7.12528
11.07 -7.12481
11.1 -7.12435
11.13 -7.12389
11.16 -7.12345
11.19 -7.12302
11.22 -7.1226
11.25 -7.1222
11.28 -7.1218
11.31 -7.12141
11.34 -7.12103
11.37 -7.12067
11.4 -7.12031
11.43 -7.11997
11.46 -7.11963
11.49 -7.11931
11.52 -7.11899
11.55 -7.11869
11.58 -7.11839
11.61 -7.11811
11.64 -7.11783
11.67 -7.11757
11.7 -7.11731
11.73 -7.11706
11.76 -7.11683
11.79 -7.1166
11.82 -7.11638
11.85 -7.11618
11.88 -7.11598
11.91 -7.11579
11.94 -7.11561
11.97 -7.11544
12 -7.11527
12.03 -7.11512
12.06 -7.11497
12.09 -7.11484
12.12 -7.11471
12.15 -7.11459
12.18 -7.11448
12.21 -7.11438
12.24 -7.11429
12.27 -7.1142
12.3 -7.11413
12.33 -7.11406
12.36 -7.114
12.39 -7.11394
12.42 -7.1139
12.45 -7.11386
12.48 -7.11383
12.51 -7.11381
12.54 -7.1138
12.57 -7.11379
12.6 -7.1138
12.63 -7.1138
12.66 -7.11382
12.69 -7.11385
12.72 -7.11388
12.75 -7.11392
12.78 -7.11396
12.81 -7.11401
12.84 -7.11407
12.87 -7.11414
12.9 -7.11421
12.93 -7.11429
12.96 -7.11438
12.99 -7.11448
13.02 -7.11458
13.05 -7.11468
13.08 -7.1148
13.11 -7.11492
13.14 -7.11504
13.17 -7.11518
13.2 -7.11532
13.23 -7.11546
13.26 -7.11561
13.29 -7.11577
13.32 -7.11594
13.35 -7.1161
13.38 -7.11628
13.41 -7.11646
13.44 -7.11665
13.47 -7.11684
13.5 -7.11704
13.53 -7.11725
13.56 -7.11746
13.59 -7.11767
13.62 -7.1179
13.65 -7.11812
13.68 -7.11836
13.71 -7.11859
13.74 -7.11884
13.77 -7.11909
13.8 -7.11934
13.83 -7.1196
13.86 -7.11986
13.89 -7.12013
13.92 -7.12041
13.95 -7.12069
13.98 -7.12097
14.01 -7.12126
14.04 -7.12156
14.07 -7.12186
14.1 -7.12216
14.13 -7.12247
14.16 -7.12279
14.19 -7.12311
14.22 -7.12343
14.25 -7.12376
14.28 -7.12409
14.31 -7.12443
14.34 -7.12477
14.37 -7.12512
14.4 -7.12547
14.43 -7.12583
14.46 -7.12619
14.49 -7.12656
14.52 -7.12693
14.55 -7.1273
14.58 -7.12768
14.61 -7.12807
14.64 -7.12845
14.67 -7.12885
14.7 -7.12924
14.73 -7.12965
14.76 -7.13005
14.79 -7.13046
14.82 -7.13088
14.85 -7.1313
14.88 -7.13172
14.91 -7.13215
14.94 -7.13258
14.97 -7.13302
15 -7.13346
15.03 -7.1339
15.06 -7.13435
15.09 -7.13481
15.12 -7.13526
15.15 -7.13573
15.18 -7.13619
15.21 -7.13666
15.24 -7.13714
15.27 -7.13762
15.3 -7.1381
15.33 -7.13859
15.36 -7.13908
15.39 -7.13958
15.42 -7.14008
15.45 -7.14059
15.48 -7.1411
15.51 -7.14161
15.54 -7.14213
15.57 -7.14266
15.6 -7.14318
15.63 -7.14372
15.66 -7.14425
15.69 -7.14479
15.72 -7.14534
15.75 -7.14589
15.78 -7.14644
15.81 -7.147
15.84 -7.14757
15.87 -7.14814
15.9 -7.14871
15.93 -7.14929
15.96 -7.14987
15.99 -7.15046
16.02 -7.15105
16.05 -7.15165
16.08 -7.15225
16.11 -7.15286
16.14 -7.15347
16.17 -7.15408
16.2 -7.1547
16.23 -7.15533
16.26 -7.15596
16.29 -7.1566
16.32 -7.15724
16.35 -7.15789
16.38 -7.15854
16.41 -7.1592
16.44 -7.15986
16.47 -7.16053
16.5 -7.1612
16.53 -7.16188
16.56 -7.16257
16.59 -7.16326
16.62 -7.16395
16.65 -7.16465
16.68 -7.16536
16.71 -7.16607
16.74 -7.16679
16.77 -7.16752
16.8 -7.16825
16.83 -7.16898
16.86 -7.16973
16.89 -7.17048
16.92 -7.17123
16.95 -7.17199
16.98 -7.17276
17.01 -7.17354
17.04 -7.17432
17.07 -7.1751
17.1 -7.1759
17.13 -7.1767
17.16 -7.17751
17.19 -7.17832
17.22 -7.17914
17.25 -7.17997
17.28 -7.18081
17.31 -7.18165
17.34 -7.1825
17.37 -7.18336
17.4 -7.18423
17.43 -7.1851
17.46 -7.18598
17.49 -7.18687
17.52 -7.18777
17.55 -7.18867
17.58 -7.18958
17.61 -7.19051
17.64 -7.19143
17.67 -7.19237
17.7 -7.19332
17.73 -7.19427
17.76 -7.19524
17.79 -7.19621
17.82 -7.19719
17.85 -7.19818
17.88 -7.19918
17.91 -7.20019
17.94 -7.20121
17.97 -7.20223
18 -7.20327
18.03 -7.20432
18.06 -7.20538
18.09 -7.20644
18.12 -7.20752
18.15 -7.20861
18.18 -7.20971
18.21 -7.21081
18.24 -7.21193
18.27 -7.21306
18.3 -7.2142
18.33 -7.21536
18.36 -7.21652
18.39 -7.21769
18.42 -7.21888
18.45 -7.22008
18.48 -7.22129
18.51 -7.22251
18.54 -7.22374
18.57 -7.22499
18.6 -7.22625
18.63 -7.22752
18.66 -7.2288
18.69 -7.2301
18.72 -7.23141
18.75 -7.23273
18.78 -7.23407
18.81 -7.23542
18.84 -7.23678
18.87 -7.23816
18.9 -7.23955
18.93 -7.24096
18.96 -7.24238
18.99 -7.24381
19.02 -7.24526
19.05 -7.24673
19.08 -7.24821
19.11 -7.2497
19.14 -7.25121
19.17 -7.25274
19.2 -7.25428
19.23 -7.25584
19.26 -7.25742
19.29 -7.25901
19.32 -7.26062
19.35 -7.26224
19.38 -7.26388
19.41 -7.26554
19.44 -7.26722
19.47 -7.26891
19.5 -7.27062
19.53 -7.27236
19.56 -7.2741
19.59 -7.27587
19.62 -7.27766
19.65 -7.27946
19.68 -7.28128
19.71 -7.28312
19.74 -7.28499
19.77 -7.28687
19.8 -7.28877
19.83 -7.29069
19.86 -7.29263
19.89 -7.29459
19.92 -7.29658
19.95 -7.29858
19.98 -7.30061
20.01 -7.30265
20.04 -7.30472
20.07 -7.30681
20.1 -7.30892
20.13 -7.31105
20.16 -7.31321
20.19 -7.31539
20.22 -7.31759
20.25 -7.31981
20.28 -7.32206
20.31 -7.32433
20.34 -7.32662
20.37 -7.32894
20.4 -7.33128
20.43 -7.33364
20.46 -7.33603
20.49 -7.33845
20.52 -7.34088
20.55 -7.34335
20.58 -7.34583
20.61 -7.34835
20.64 -7.35089
20.67 -7.35345
20.7 -7.35604
20.73 -7.35865
20.76 -7.36129
20.79 -7.36396
20.82 -7.36665
20.85 -7.36937
20.88 -7.37212
20.91 -7.37489
20.94 -7.37769
20.97 -7.38052
21 -7.38337
21.03 -7.38626
21.06 -7.38916
21.09 -7.3921
21.12 -7.39506
21.15 -7.39805
21.18 -7.40107
21.21 -7.40412
21.24 -7.40719
21.27 -7.4103
21.3 -7.41343
21.33 -7.41659
21.36 -7.41977
21.39 -7.42299
21.42 -7.42623
21.45 -7.42951
21.48 -7.43281
21.51 -7.43614
21.54 -7.4395
21.57 -7.44288
21.6 -7.4463
21.63 -7.44974
21.66 -7.45322
21.69 -7.45672
21.72 -7.46025
21.75 -7.46381
21.78 -7.4674
21.81 -7.47101
21.84 -7.47466
21.87 -7.47833
21.9 -7.48203
21.93 -7.48576
21.96 -7.48952
21.99 -7.49331
22.02 -7.49713
22.05 -7.50097
22.08 -7.50485
22.11 -7.50875
22.14 -7.51268
22.17 -7.51664
22.2 -7.52062
22.23 -7.52464
22.26 -7.52868
22.29 -7.53275
22.32 -7.53685
22.35 -7.54097
22.38 -7.54512
22.41 -7.5493
22.44 -7.55351
22.47 -7.55774
22.5 -7.562
22.53 -7.56629
22.56 -7.57061
22.59 -7.57495
22.62 -7.57931
22.65 -7.58371
22.68 -7.58813
22.71 -7.59257
22.74 -7.59704
22.77 -7.60154
22.8 -7.60606
22.83 -7.61061
22.86 -7.61518
22.89 -7.61978
22.92 -7.6244
22.95 -7.62905
22.98 -7.63372
23.01 -7.63842
23.04 -7.64314
23.07 -7.64788
23.1 -7.65265
23.13 -7.65744
23.16 -7.66225
23.19 -7.66709
23.22 -7.67195
23.25 -7.67683
23.28 -7.68173
23.31 -7.68666
23.34 -7.69161
23.37 -7.69658
23.4 -7.70157
23.43 -7.70658
23.46 -7.71161
23.49 -7.71667
23.52 -7.72174
23.55 -7.72684
23.58 -7.73195
23.61 -7.73709
23.64 -7.74224
23.67 -7.74741
23.7 -7.75261
23.73 -7.75782
23.76 -7.76305
23.79 -7.76829
23.82 -7.77356
23.85 -7.77884
23.88 -7.78414
23.91 -7.78946
23.94 -7.79479
23.97 -7.80014
24 -7.80551
24.03 -7.81089
24.06 -7.81629
24.09 -7.82171
24.12 -7.82713
24.15 -7.83258
24.18 -7.83803
24.21 -7.84351
24.24 -7.84899
24.27 -7.85449
24.3 -7.86
24.33 -7.86552
24.36 -7.87106
24.39 -7.87661
24.42 -7.88216
24.45 -7.88774
24.48 -7.89332
24.51 -7.89891
24.54 -7.90451
24.57 -7.91012
24.6 -7.91574
24.63 -7.92137
24.66 -7.92701
24.69 -7.93265
24.72 -7.93831
24.75 -7.94397
24.78 -7.94963
24.81 -7.95531
24.84 -7.96099
24.87 -7.96667
24.9 -7.97237
24.93 -7.97806
24.96 -7.98376
24.99 -7.98946
25.02 -7.99517
25.05 -8.00088
25.08 -8.0066
25.11 -8.01231
25.14 -8.01803
25.17 -8.02375
25.2 -8.02946
25.23 -8.03518
25.26 -8.0409
25.29 -8.04662
25.32 -8.05234
25.35 -8.05806
25.38 -8.06377
25.41 -8.06948
25.44 -8.07519
25.47 -8.0809
25.5 -8.0866
25.53 -8.0923
25.56 -8.09799
25.59 -8.10368
25.62 -8.10937
25.65 -8.11505
25.68 -8.12072
25.71 -8.12638
25.74 -8.13204
25.77 -8.13769
25.8 -8.14333
25.83 -8.14897
25.86 -8.15459
25.89 -8.16021
25.92 -8.16581
25.95 -8.17141
25.98 -8.177
26.01 -8.18257
26.04 -8.18813
26.07 -8.19369
26.1 -8.19923
26.13 -8.20475
26.16 -8.21027
26.19 -8.21577
26.22 -8.22126
26.25 -8.22673
26.28 -8.23219
26.31 -8.23764
26.34 -8.24307
26.37 -8.24848
26.4 -8.25388
26.43 -8.25926
26.46 -8.26463
26.49 -8.26998
26.52 -8.27531
26.55 -8.28063
26.58 -8.28593
26.61 -8.29121
26.64 -8.29647
26.67 -8.30172
26.7 -8.30694
26.73 -8.31215
26.76 -8.31734
26.79 -8.32251
26.82 -8.32766
26.85 -8.33279
26.88 -8.3379
26.91 -8.34299
26.94 -8.34805
26.97 -8.3531
27 -8.35813
27.03 -8.36313
27.06 -8.36812
27.09 -8.37308
27.12 -8.37802
27.15 -8.38294
27.18 -8.38784
27.21 -8.39272
27.24 -8.39757
27.27 -8.4024
27.3 -8.40721
27.33 -8.41199
27.36 -8.41675
27.39 -8.42149
27.42 -8.42621
27.45 -8.4309
27.48 -8.43558
27.51 -8.44022
27.54 -8.44485
27.57 -8.44945
27.6 -8.45402
27.63 -8.45858
27.66 -8.4631
27.69 -8.46761
27.72 -8.47209
27.75 -8.47655
27.78 -8.48098
27.81 -8.48539
27.84 -8.48978
27.87 -8.49414
27.9 -8.49848
27.93 -8.50279
27.96 -8.50708
27.99 -8.51135
28.02 -8.51559
28.05 -8.51981
28.08 -8.524
28.11 -8.52817
28.14 -8.53232
28.17 -8.53644
28.2 -8.54053
28.23 -8.54461
28.26 -8.54866
28.29 -8.55268
28.32 -8.55668
28.35 -8.56066
28.38 -8.56462
28.41 -8.56855
28.44 -8.57245
28.47 -8.57634
28.5 -8.5802
28.53 -8.58403
28.56 -8.58784
28.59 -8.59163
28.62 -8.5954
28.65 -8.59914
28.68 -8.60286
28.71 -8.60656
28.74 -8.61023
28.77 -8.61388
28.8 -8.61751
28.83 -8.62111
28.86 -8.62469
28.89 -8.62825
28.92 -8.63179
28.95 -8.6353
28.98 -8.63879
29.01 -8.64226
29.04 -8.64571
29.07 -8.64913
29.1 -8.65253
29.13 -8.65591
29.16 -8.65927
29.19 -8.66261
29.22 -8.66593
29.25 -8.66922
29.28 -8.67249
29.31 -8.67574
29.34 -8.67897
29.37 -8.68218
29.4 -8.68537
29.43 -8.68854
29.46 -8.69169
29.49 -8.69481
29.52 -8.69792
29.55 -8.701
29.58 -8.70407
29.61 -8.70711
29.64 -8.71014
29.67 -8.71314
29.7 -8.71613
29.73 -8.71909
29.76 -8.72204
29.79 -8.72496
29.82 -8.72787
29.85 -8.73076
29.88 -8.73363
29.91 -8.73648
29.94 -8.73931
29.97 -8.74212
30 -8.74491
30.001 -10
