0 5
0.03 4.98128
0.06 4.98137
0.09 4.98146
0.12 4.98154
0.15 4.98163
0.18 4.98171
0.21 4.9818
0.24 4.98188
0.27 4.98197
0.3 4.98205
0.33 4.98214
0.36 4.98222
0.39 4.98231
0.42 4.9824
0.45 4.98248
0.48 4.98257
0.51 4.98265
0.54 4.98274
0.57 4.98283
0.6 4.98291
0.63 4.983
0.66 4.98309
0.69 4.98317
0.72 4.98326
0.75 4.98335
0.78 4.98343
0.81 4.98352
0.84 4.98361
0.87 4.98369
0.9 4.98378
0.93 4.98387
0.96 4.98395
0.99 4.98404
1.02 4.98413
1.05 4.98422
1.08 4.9843
1.11 4.98439
1.14 4.98448
1.17 4.98457
1.2 4.98465
1.23 4.98474
1.26 4.98483
1.29 4.98492
1.32 4.98501
1.35 4.98509
1.38 4.98518
1.41 4.98527
1.44 4.98536
1.47 4.98545
1.5 4.98554
1.53 4.98562
1.56 4.98571
1.59 4.9858
1.62 4.98589
1.65 4.98598
1.68 4.98607
1.71 4.98616
1.74 4.98625
1.77 4.98634
1.8 4.98643
1.83 4.98652
1.86 4.98661
1.89 4.98669
1.92 4.98678
1.95 4.98687
1.98 4.98696
2.01 4.98705
2.04 4.98714
2.07 4.98723
2.1 4.98732
2.13 4.98742
2.16 4.98751
2.19 4.9876
2.22 4.98769
2.25 4.98778
2.28 4.98787
2.31 4.98796
2.34 4.98805
2.37 4.98814
2.4 4.98823
2.43 4.98832
2.46 4.98841
2.49 4.98851
2.52 4.9886
2.55 4.98869
2.58 4.98878
2.61 4.98887
2.64 4.98896
2.67 4.98906
2.7 4.98915
2.73 4.98924
2.76 4.98933
2.79 4.98942
2.82 4.98952
2.85 4.98961
2.88 4.9897
2.91 4.9898
2.94 4.98989
2.97 4.98998
3 4.99007
3.03 4.99017
3.06 4.99026
3.09 4.99035
3.12 4.99045
3.15 4.99054
3.18 4.99063
3.21 4.99073
3.24 4.99082
3.27 4.99092
3.3 4.99101
3.33 4.9911
3.36 4.9912
3.39 4.99129
3.42 4.99139
3.45 4.99148
3.48 4.99158
3.51 4.99167
3.54 4.99177
3.57 4.99186
3.6 4.99196
3.63 4.99205
3.66 4.99215
3.69 4.99224
3.72 4.99234
3.75 4.99243
3.78 4.99253
3.81 4.99262
3.84 4.99272
3.87 4.99282
3.9 4.99291
3.93 4.99301
3.96 4.99311
3.99 4.9932
4.02 4.9933
4.05 4.9934
4.08 4.99349
4.11 4.99359
4.14 4.99369
4.17 4.99378
4.2 4.99388
4.23 4.99398
4.26 4.99408
4.29 4.99417
4.32 4.99427
4.35 4.99437
4.38 4.99447
4.41 4.99457
4.44 4.99466
4.47 4.99476
4.5 4.99486
4.53 4.99496
4.56 4.99506
4.59 4.99516
4.62 4.99526
4.65 4.99536
4.68 4.99546
4.71 4.99556
4.74 4.99566
4.77 4.99576
4.8 4.99586
4.83 4.99596
4.86 4.99606
4.89 4.99616
4.92 4.99626
4.95 4.99636
4.98 4.99646
5.01 4.99656
5.04 4.99666
5.07 4.99676
5.1 4.99686
5.13 4.99696
5.16 4.99707
5.19 4.99717
5.22 4.99727
5.25 4.99737
5.28 4.99747
5.31 4.99758
5.34 4.99768
5.37 4.99778
5.4 4.99788
5.43 4.99799
5.46 4.99809
5.49 4.99819
5.52 4.9983
5.55 4.9984
5.58 4.9985
5.61 4.99861
5.64 4.99871
5.67 4.99882
5.7 4.99892
5.73 4.99903
5.76 4.99913
5.79 4.99924
5.82 4.99934
5.85 4.99945
5.88 4.99955
5.91 4.99966
5.94 4.99976
5.97 4.99987
6 4.99997
6.03 5.00008
6.06 5.00019
6.09 5.00029
6.12 5.0004
6.15 5.00051
6.18 5.00061
6.21 5.00072
6.24 5.00083
6.27 5.00094
6.3 5.00104
6.33 5.00115
6.36 5.00126
6.39 5.00137
6.42 5.00148
6.45 5.00159
6.48 5.0017
6.51 5.00181
6.54 5.00191
6.57 5.00202
6.6 5.00213
6.63 5.00224
6.66 5.00235
6.69 5.00246
6.72 5.00257
6.75 5.00269
6.78 5.0028
6.81 5.00291
6.84 5.00302
6.87 5.00313
6.9 5.00324
6.93 5.00335
6.96 5.00347
6.99 5.00358
7.02 5.00369
7.05 5.0038
7.08 5.00392
7.11 5.00403
7.14 5.00414
7.17 5.00426
7.2 5.00437
7.23 5.00449
7.26 5.0046
7.29 5.00471
7.32 5.00483
7.35 5.00494
7.38 5.00506
7.41 5.00518
7.44 5.00529
7.47 5.00541
7.5 5.00552
7.53 5.00564
7.56 5.00576
7.59 5.00587
7.62 5.00599
7.65 5.00611
7.68 5.00623
7.71 5.00634
7.74 5.00646
7.77 5.00658
7.8 5.0067
7.83 5.00682
7.86 5.00694
7.89 5.00706
7.92 5.00718
7.95 5.0073
7.98 5.00742
8.01 5.00754
8.04 5.00766
8.07 5.00778
8.1 5.0079
8.13 5.00802
8.16 5.00814
8.19 5.00827
8.22 5.00839
8.25 5.00851
8.28 5.00863
8.31 5.00876
8.34 5.00888
8.37 5.009
8.4 5.00913
8.43 5.00925
8.46 5.00938
8.49 5.0095
8.52 5.00963
8.55 5.00975
8.58 5.00988
8.61 5.01
8.64 5.01013
8.67 5.01026
8.7 5.01038
8.73 5.01051
8.76 5.01064
8.79 5.01077
8.82 5.0109
8.85 5.01102
8.88 5.01115
8.91 5.01128
8.94 5.01141
8.97 5.01154
9 5.01167
9.03 5.0118
9.06 5.01193
9.09 5.01207
9.12 5.0122
9.15 5.01233
9.18 5.01246
9.21 5.01259
9.24 5.01273
9.27 5.01286
9.3 5.01299
9.33 5.01313
9.36 5.01326
9.39 5.0134
9.42 5.01353
9.45 5.01367
9.48 5.0138
9.51 5.01394
9.54 5.01408
9.57 5.01421
9.6 5.01435
9.63 5.01449
9.66 5.01463
9.69 5.01476
9.72 5.0149
9.75 5.01504
9.78 5.01518
9.81 5.01532
9.84 5.01546
9.87 5.0156
9.9 5.01575
9.93 5.01589
9.96 5.01603
9.99 5.01617
10.02 5.01631
10.05 5.01646
10.08 5.0166
10.11 5.01675
10.14 5.01689
10.17 5.01704
10.2 5.01718
10.23 5.01733
10.26 5.01747
10.29 5.01762
10.32 5.01777
10.35 5.01791
10.38 5.01806
10.41 5.01821
10.44 5.01836
10.47 5.01851
10.5 5.01866
10.53 5.01881
10.56 5.01896
10.59 5.01911
10.62 5.01926
10.65 5.01942
10.68 5.01957
10.71 5.01972
10.74 5.01988
10.77 5.02003
10.8 5.02019
10.83 5.02034
10.86 5.0205
10.89 5.02065
10.92 5.02081
10.95 5.02097
10.98 5.02112
11.01 5.02128
11.04 5.02144
11.07 5.0216
11.1 5.02176
11.13 5.02192
11.16 5.02208
11.19 5.02224
11.22 5.02241
11.25 5.02257
11.28 5.02273
11.31 5.0229
11.34 5.02306
11.37 5.02323
11.4 5.02339
11.43 5.02356
11.46 5.02372
11.49 5.02389
11.52 5.02406
11.55 5.02423
11.58 5.0244
11.61 5.02457
11.64 5.02474
11.67 5.02491
11.7 5.02508
11.73 5.02525
11.76 5.02542
11.79 5.0256
11.82 5.02577
11.85 5.02594
11.88 5.02612
11.91 5.0263
11.94 5.02647
11.97 5.02665
12 5.02683
12.03 5.02701
12.06 5.02718
12.09 5.02736
12.12 5.02754
12.15 5.02773
12.18 5.02791
12.21 5.02809
12.24 5.02827
12.27 5.02846
12.3 5.02864
12.33 5.02883
12.36 5.02901
12.39 5.0292
12.42 5.02939
12.45 5.02958
12.48 5.02976
12.51 5.02995
12.54 5.03015
12.57 5.03034
12.6 5.03053
12.63 5.03072
12.66 5.03091
12.69 5.03111
12.72 5.0313
12.75 5.0315
12.78 5.0317
12.81 5.03189
12.84 5.03209
12.87 5.03229
12.9 5.03249
12.93 5.03269
12.96 5.03289
12.99 5.0331
13.02 5.0333
13.05 5.0335
13.08 5.03371
13.11 5.03391
13.14 5.03412
13.17 5.03433
13.2 5.03454
13.23 5.03475
13.26 5.03496
13.29 5.03517
13.32 5.03538
13.35 5.03559
13.38 5.03581
13.41 5.03602
13.44 5.03624
13.47 5.03645
13.5 5.03667
13.53 5.03689
13.56 5.03711
13.59 5.03733
13.62 5.03755
13.65 5.03777
13.68 5.03799
13.71 5.03822
13.74 5.03844
13.77 5.03867
13.8 5.0389
13.83 5.03913
13.86 5.03936
13.89 5.03959
13.92 5.03982
13.95 5.04005
13.98 5.04028
14.01 5.04052
14.04 5.04075
14.07 5.04099
14.1 5.04123
14.13 5.04147
14.16 5.04171
14.19 5.04195
14.22 5.04219
14.25 5.04244
14.28 5.04268
14.31 5.04293
14.34 5.04317
14.37 5.04342
14.4 5.04367
14.43 5.04392
14.46 5.04417
14.49 5.04443
14.52 5.04468
14.55 5.04493
14.58 5.04519
14.61 5.04545
14.64 5.04571
14.67 5.04597
14.7 5.04623
14.73 5.04649
14.76 5.04676
14.79 5.04702
14.82 5.04729
14.85 5.04756
14.88 5.04783
14.91 5.0481
14.94 5.04837
14.97 5.04864
15 5.04892
15.03 5.04919
15.06 5.04947
15.09 5.04975
15.12 5.05003
15.15 5.05031
15.18 5.0506
15.21 5.05088
15.24 5.05117
15.27 5.05146
15.3 5.05175
15.33 5.05204
15.36 5.05233
15.39 5.05262
15.42 5.05292
15.45 5.05322
15.48 5.05351
15.51 5.05381
15.54 5.05412
15.57 5.05442
15.6 5.05472
15.63 5.05503
15.66 5.05534
15.69 5.05565
15.72 5.05596
15.75 5.05627
15.78 5.05659
15.81 5.0569
15.84 5.05722
15.87 5.05754
15.9 5.05786
15.93 5.05819
15.96 5.05851
15.99 5.05884
16.02 5.05917
16.05 5.0595
16.08 5.05983
16.11 5.06017
16.14 5.06051
16.17 5.06084
16.2 5.06118
16.23 5.06153
16.26 5.06187
16.29 5.06222
16.32 5.06257
16.35 5.06292
16.38 5.06327
16.41 5.06362
16.44 5.06398
16.47 5.06434
16.5 5.0647
16.53 5.06506
16.56 5.06543
16.59 5.06579
16.62 5.06616
16.65 5.06653
16.68 5.06691
16.71 5.06728
16.74 5.06766
16.77 5.06804
16.8 5.06842
16.83 5.06881
16.86 5.0692
16.89 5.06959
16.92 5.06998
16.95 5.07037
16.98 5.07077
17.01 5.07117
17.04 5.07157
17.07 5.07198
17.1 5.07238
17.13 5.07279
17.16 5.0732
17.19 5.07362
17.22 5.07404
17.25 5.07446
17.28 5.07488
17.31 5.07531
17.34 5.07573
17.37 5.07616
17.4 5.0766
17.43 5.07704
17.46 5.07748
17.49 5.07792
17.52 5.07836
17.55 5.07881
17.58 5.07926
17.61 5.07972
17.64 5.08018
17.67 5.08064
17.7 5.0811
17.73 5.08157
17.76 5.08204
17.79 5.08251
17.82 5.08299
17.85 5.08347
17.88 5.08395
17.91 5.08444
17.94 5.08493
17.97 5.08542
18 5.08592
18.03 5.08642
18.06 5.08692
18.09 5.08743
18.12 5.08794
18.15 5.08845
18.18 5.08897
18.21 5.0895
18.24 5.09002
18.27 5.09055
18.3 5.09109
18.33 5.09162
18.36 5.09217
18.39 5.09271
18.42 5.09326
18.45 5.09382
18.48 5.09438
18.51 5.09494
18.54 5.09551
18.57 5.09608
18.6 5.09665
18.63 5.09723
18.66 5.09782
18.69 5.09841
18.72 5.099
18.75 5.0996
18.78 5.1002
18.81 5.10081
18.84 5.10142
18.87 5.10204
18.9 5.10266
18.93 5.10329
18.96 5.10393
18.99 5.10456
19.02 5.10521
19.05 5.10586
19.08 5.10651
19.11 5.10717
19.14 5.10784
19.17 5.10851
19.2 5.10918
19.23 5.10986
19.26 5.11055
19.29 5.11125
19.32 5.11195
19.35 5.11265
19.38 5.11336
19.41 5.11408
19.44 5.11481
19.47 5.11554
19.5 5.11627
19.53 5.11702
19.56 5.11777
19.59 5.11853
19.62 5.11929
19.65 5.12006
19.68 5.12084
19.71 5.12162
19.74 5.12242
19.77 5.12322
19.8 5.12402
19.83 5.12484
19.86 5.12566
19.89 5.12649
19.92 5.12732
19.95 5.12817
19.98 5.12902
20.01 5.12988
20.04 5.13075
20.07 5.13163
20.1 5.13252
20.13 5.13341
20.16 5.13432
20.19 5.13523
20.22 5.13615
20.25 5.13708
20.28 5.13802
20.31 5.13897
20.34 5.13993
20.37 5.14089
20.4 5.14187
20.43 5.14286
20.46 5.14385
20.49 5.14486
20.52 5.14588
20.55 5.1469
20.58 5.14794
20.61 5.14899
20.64 5.15005
20.67 5.15112
20.7 5.1522
20.73 5.15329
20.76 5.1544
20.79 5.15551
20.82 5.15664
20.85 5.15777
20.88 5.15892
20.91 5.16009
20.94 5.16126
20.97 5.16245
21 5.16364
21.03 5.16485
21.06 5.16608
21.09 5.16732
21.12 5.16857
21.15 5.16983
21.18 5.1711
21.21 5.17239
21.24 5.1737
21.27 5.17501
21.3 5.17635
21.33 5.17769
21.36 5.17905
21.39 5.18042
21.42 5.18181
21.45 5.18321
21.48 5.18463
21.51 5.18606
21.54 5.18751
21.57 5.18897
21.6 5.19045
21.63 5.19194
21.66 5.19345
21.69 5.19498
21.72 5.19652
21.75 5.19807
21.78 5.19965
21.81 5.20123
21.84 5.20284
21.87 5.20446
21.9 5.2061
21.93 5.20775
21.96 5.20942
21.99 5.21111
22.02 5.21281
22.05 5.21453
22.08 5.21627
22.11 5.21802
22.14 5.21979
22.17 5.22158
22.2 5.22338
22.23 5.2252
22.26 5.22704
22.29 5.2289
22.32 5.23077
22.35 5.23266
22.38 5.23456
22.41 5.23648
22.44 5.23842
22.47 5.24038
22.5 5.24235
22.53 5.24434
22.56 5.24634
22.59 5.24836
22.62 5.2504
22.65 5.25245
22.68 5.25452
22.71 5.2566
22.74 5.2587
22.77 5.26081
22.8 5.26294
22.83 5.26508
22.86 5.26723
22.89 5.2694
22.92 5.27158
22.95 5.27378
22.98 5.27599
23.01 5.27821
23.04 5.28044
23.07 5.28269
23.1 5.28494
23.13 5.28721
23.16 5.28948
23.19 5.29177
23.22 5.29406
23.25 5.29636
23.28 5.29867
23.31 5.30099
23.34 5.30332
23.37 5.30565
23.4 5.30798
23.43 5.31033
23.46 5.31267
23.49 5.31502
23.52 5.31737
23.55 5.31973
23.58 5.32208
23.61 5.32444
23.64 5.3268
23.67 5.32915
23.7 5.33151
23.73 5.33386
23.76 5.33621
23.79 5.33856
23.82 5.3409
23.85 5.34323
23.88 5.34556
23.91 5.34788
23.94 5.3502
23.97 5.35251
24 5.3548
24.03 5.35709
24.06 5.35937
24.09 5.36163
24.12 5.36388
24.15 5.36612
24.18 5.36835
24.21 5.37056
24.24 5.37276
24.27 5.37494
24.3 5.3771
24.33 5.37925
24.36 5.38138
24.39 5.38349
24.42 5.38558
24.45 5.38765
24.48 5.3897
24.51 5.39174
24.54 5.39375
24.57 5.39574
24.6 5.39771
24.63 5.39965
24.66 5.40157
24.69 5.40347
24.72 5.40535
24.75 5.40721
24.78 5.40904
24.81 5.41084
24.84 5.41262
24.87 5.41438
24.9 5.41612
24.93 5.41783
24.96 5.41951
24.99 5.42117
25.02 5.42281
25.05 5.42442
25.08 5.42601
25.11 5.42757
25.14 5.42911
25.17 5.43062
25.2 5.43211
25.23 5.43358
25.26 5.43502
25.29 5.43644
25.32 5.43784
25.35 5.43921
25.38 5.44056
25.41 5.44189
25.44 5.4432
25.47 5.44449
25.5 5.44575
25.53 5.44699
25.56 5.44822
25.59 5.44942
25.62 5.4506
25.65 5.45177
25.68 5.45291
25.71 5.45403
25.74 5.45514
25.77 5.45623
25.8 5.4573
25.83 5.45835
25.86 5.45939
25.89 5.46041
25.92 5.46141
25.95 5.4624
25.98 5.46338
26.01 5.46433
26.04 5.46528
26.07 5.46621
26.1 5.46712
26.13 5.46802
26.16 5.46891
26.19 5.46979
26.22 5.47065
26.25 5.4715
26.28 5.47234
26.31 5.47317
26.34 5.47399
26.37 5.47479
26.4 5.47559
26.43 5.47637
26.46 5.47715
26.49 5.47791
26.52 5.47867
26.55 5.47942
26.58 5.48015
26.61 5.48088
26.64 5.4816
26.67 5.48231
26.7 5.48302
26.73 5.48371
26.76 5.4844
26.79 5.48508
26.82 5.48575
26.85 5.48642
26.88 5.48708
26.91 5.48773
26.94 5.48837
26.97 5.48901
27 5.48964
27.03 5.49027
27.06 5.49089
27.09 5.4915
27.12 5.49211
27.15 5.49271
27.18 5.4933
27.21 5.49389
27.24 5.49448
27.27 5.49506
27.3 5.49563
27.33 5.4962
27.36 5.49677
27.39 5.49732
27.42 5.49788
27.45 5.49843
27.48 5.49897
27.51 5.49951
27.54 5.50004
27.57 5.50057
27.6 5.5011
27.63 5.50162
27.66 5.50214
27.69 5.50265
27.72 5.50316
27.75 5.50366
27.78 5.50416
27.81 5.50465
27.84 5.50514
27.87 5.50563
27.9 5.50611
27.93 5.50659
27.96 5.50707
27.99 5.50754
28.02 5.508
28.05 5.50846
28.08 5.50892
28.11 5.50938
28.14 5.50983
28.17 5.51028
28.2 5.51072
28.23 5.51116
28.26 5.51159
28.29 5.51203
28.32 5.51245
28.35 5.51288
28.38 5.5133
28.41 5.51372
28.44 5.51413
28.47 5.51454
28.5 5.51495
28.53 5.51535
28.56 5.51575
28.59 5.51615
28.62 5.51654
28.65 5.51693
28.68 5.51732
28.71 5.5177
28.74 5.51808
28.77 5.51846
28.8 5.51883
28.83 5.5192
28.86 5.51957
28.89 5.51993
28.92 5.52029
28.95 5.52065
28.98 5.521
29.01 5.52135
29.04 5.5217
29.07 5.52204
29.1 5.52239
29.13 5.52272
29.16 5.52306
29.19 5.52339
29.22 5.52372
29.25 5.52405
29.28 5.52437
29.31 5.52469
29.34 5.52501
29.37 5.52532
29.4 5.52564
29.43 5.52594
29.46 5.52625
29.49 5.52655
29.52 5.52685
29.55 5.52715
29.58 5.52745
29.61 5.52774
29.64 5.52803
29.67 5.52832
29.7 5.5286
29.73 5.52888
29.76 5.52916
29.79 5.52944
29.82 5.52971
29.85 5.52998
29.88 5.53025
29.91 5.53052
29.94 5.53078
29.97 5.53104
30 5.5313
30.001 5
