0 -10
0.03 -8.81968
0.06 -8.81957
0.09 -8.81946
0.12 -8.81935
0.15 -8.81923
0.18 -8.81912
0.21 -8.81901
0.24 -8.81889
0.27 -8.81878
0.3 -8.81867
0.33 -8.81856
0.36 -8.81844
0.39 -8.81833
0.42 -8.81822
0.45 -8.8181
0.48 -8.81799
0.51 -8.81788
0.54 -8.81776
0.57 -8.81765
0.6 -8.81753
0.63 -8.81742
0.66 -8.81731
0.69 -8.81719
0.72 -8.81708
0.75 -8.81697
0.78 -8.81685
0.81 -8.81674
0.84 -8.81662
0.87 -8.81651
0.9 -8.81639
0.93 -8.81628
0.96 -8.81617
0.99 -8.81605
1.02 -8.81594
1.05 -8.81582
1.08 -8.81571
1.11 -8.81559
1.14 -8.81548
1.17 -8.81536
1.2 -8.81525
1.23 -8.81513
1.26 -8.81502
1.29 -8.8149
1.32 -8.81479
1.35 -8.81467
1.38 -8.81456
1.41 -8.81444
1.44 -8.81433
1.47 -8.81421
1.5 -8.8141
1.53 -8.81398
1.56 -8.81387
1.59 -8.81375
1.62 -8.81363
1.65 -8.81352
1.68 -8.8134
1.71 -8.81329
1.74 -8.81317
1.77 -8.81305
1.8 -8.81294
1.83 -8.81282
1.86 -8.8127
1.89 -8.81259
1.92 -8.81247
1.95 -8.81235
1.98 -8.81224
2.01 -8.81212
2.04 -8.812
2.07 -8.81189
2.1 -8.81177
2.13 -8.81165
2.16 -8.81154
2.19 -8.81142
2.22 -8.8113
2.25 -8.81118
2.28 -8.81107
2.31 -8.81095
2.34 -8.81083
2.37 -8.81071
2.4 -8.8106
2.43 -8.81048
2.46 -8.81036
2.49 -8.81024
2.52 -8.81012
2.55 -8.81001
2.58 -8.80989
2.61 -8.80977
2.64 -8.80965
2.67 -8.80953
2.7 -8.80941
2.73 -8.8093
2.76 -8.80918
2.79 -8.80906
2.82 -8.80894
2.85 -8.80882
2.88 -8.8087
2.91 -8.80858
2.94 -8.80846
2.97 -8.80834
3 -8.80822
3.03 -8.8081
3.06 -8.80798
3.09 -8.80786
3.12 -8.80774
3.15 -8.80762
3.18 -8.8075
3.21 -8.80738
3.24 -8.80726
3.27 -8.80714
3.3 -8.80702
3.33 -8.8069
3.36 -8.80678
3.39 -8.80666
3.42 -8.80654
3.45 -8.80642
3.48 -8.8063
3.51 -8.80618
3.54 -8.80606
3.57 -8.80593
3.6 -8.80581
3.63 -8.80569
3.66 -8.80557
3.69 -8.80545
3.72 -8.80533
3.75 -8.8052
3.78 -8.80508
3.81 -8.80496
3.84 -8.80484
3.87 -8.80471
3.9 -8.80459
3.93 -8.80447
3.96 -8.80435
3.99 -8.80422
4.02 -8.8041
4.05 -8.80398
4.08 -8.80386
4.11 -8.80373
4.14 -8.80361
4.17 -8.80348
4.2 -8.80336
4.23 -8.80324
4.26 -8.80311
4.29 -8.80299
4.32 -8.80287
4.35 -8.80274
4.38 -8.80262
4.41 -8.80249
4.44 -8.80237
4.47 -8.80224
4.5 -8.80212
4.53 -8.80199
4.56 -8.80187
4.59 -8.80174
4.62 -8.80162
4.65 -8.80149
4.68 -8.80137
4.71 -8.80124
4.74 -8.80112
4.77 -8.80099
4.8 -8.80086
4.83 -8.80074
4.86 -8.80061
4.89 -8.80048
4.92 -8.80036
4.95 -8.80023
4.98 -8.8001
5.01 -8.79998
5.04 -8.79985
5.07 -8.79972
5.1 -8.79959
5.13 -8.79947
5.16 -8.79934
5.19 -8.79921
5.22 -8.79908
5.25 -8.79896
5.28 -8.79883
5.31 -8.7987
5.34 -8.79857
5.37 -8.79844
5.4 -8.79831
5.43 -8.79818
5.46 -8.79805
5.49 -8.79792
5.52 -8.7978
5.55 -8.79767
5.58 -8.79754
5.61 -8.79741
5.64 -8.79728
5.67 -8.79715
5.7 -8.79702
5.73 -8.79688
5.76 -8.79675
5.79 -8.79662
5.82 -8.79649
5.85 -8.79636
5.88 -8.79623
5.91 -8.7961
5.94 -8.79597
5.97 -8.79583
6 -8.7957
6.03 -8.79557
6.06 -8.79544
6.09 -8.79531
6.12 -8.79517
6.15 -8.79504
6.18 -8.79491
6.21 -8.79477
6.24 -8.79464
6.27 -8.79451
6.3 -8.79437
6.33 -8.79424
6.36 -8.7941
6.39 -8.79397
6.42 -8.79384
6.45 -8.7937
6.48 -8.79357
6.51 -8.79343
6.54 -8.7933
6.57 -8.79316
6.6 -8.79303
6.63 -8.79289
6.66 -8.79275
6.69 -8.79262
6.72 -8.79248
6.75 -8.79235
6.78 -8.79221
6.81 -8.79207
6.84 -8.79193
6.87 -8.7918
6.9 -8.79166
6.93 -8.79152
6.96 -8.79138
6.99 -8.79125
7.02 -8.79111
7.05 -8.79097
7.08 -8.79083
7.11 -8.79069
7.14 -8.79055
7.17 -8.79041
7.2 -8.79027
7.23 -8.79014
7.26 -8.79
7.29 -8.78986
7.32 -8.78971
7.35 -8.78957
7.38 -8.78943
7.41 -8.78929
7.44 -8.78915
7.47 -8.78901
7.5 -8.78887
7.53 -8.78873
7.56 -8.78858
7.59 -8.78844
7.62 -8.7883
7.65 -8.78816
7.68 -8.78801
7.71 -8.78787
7.74 -8.78773
7.77 -8.78758
7.8 -8.78744
7.83 -8.7873
7.86 -8.78715
7.89 -8.78701
7.92 -8.78686
7.95 -8.78672
7.98 -8.78657
8.01 -8.78643
8.04 -8.78628
8.07 -8.78614
8.1 -8.78599
8.13 -8.78584
8.16 -8.7857
8.19 -8.78555
8.22 -8.7854
8.25 -8.78525
8.28 -8.78511
8.31 -8.78496
8.34 -8.78481
8.37 -8.78466
8.4 -8.78451
8.43 -8.78436
8.46 -8.78422
8.49 -8.78407
8.52 -8.78392
8.55 -8.78377
8.58 -8.78362
8.61 -8.78346
8.64 -8.78331
8.67 -8.78316
8.7 -8.78301
8.73 -8.78286
8.76 -8.78271
8.79 -8.78256
8.82 -8.7824
8.85 -8.78225
8.88 -8.7821
8.91 -8.78194
8.94 -8.78179
8.97 -8.78164
9 -8.78148
9.03 -8.78133
9.06 -8.78117
9.09 -8.78102
9.12 -8.78086
9.15 -8.78071
9.18 -8.78055
9.21 -8.7804
9.24 -8.78024
9.27 -8.78008
9.3 -8.77993
9.33 -8.77977
9.36 -8.77961
9.39 -8.77945
9.42 -8.77929
9.45 -8.77914
9.48 -8.77898
9.51 -8.77882
9.54 -8.77866
9.57 -8.7785
9.6 -8.77834
9.63 -8.77818
9.66 -8.77802
9.69 -8.77786
9.72 -8.77769
9.75 -8.77753
9.78 -8.77737
9.81 -8.77721
9.84 -8.77705
9.87 -8.77688
9.9 -8.77672
9.93 -8.77656
9.96 -8.77639
9.99 -8.77623
10.02 -8.77606
10.05 -8.7759
10.08 -8.77573
10.11 -8.77557
10.14 -8.7754
10.17 -8.77523
10.2 -8.77507
10.23 -8.7749
10.26 -8.77473
10.29 -8.77456
10.32 -8.7744
10.35 -8.77423
10.38 -8.77406
10.41 -8.77389
10.44 -8.77372
10.47 -8.77355
10.5 -8.77338
10.53 -8.77321
10.56 -8.77304
10.59 -8.77287
10.62 -8.7727
10.65 -8.77252
10.68 -8.77235
10.71 -8.77218
10.74 -8.77201
10.77 -8.77183
10.8 -8.77166
10.83 -8.77148
10.86 -8.77131
10.89 -8.77113
10.92 -8.77096
10.95 -8.77078
10.98 -8.77061
11.01 -8.77043
11.04 -8.77025
11.07 -8.77008
11.1 -8.7699
11.13 -8.76972
11.16 -8.76954
11.19 -8.76936
11.22 -8.76918
11.25 -8.769
11.28 -8.76882
11.31 -8.76864
11.34 -8.76846
11.37 -8.76828
11.4 -8.7681
11.43 -8.76792
11.46 -8.76773
11.49 -8.76755
11.52 -8.76737
11.55 -8.76718
11.58 -8.767
11.61 -8.76681
11.64 -8.76663
11.67 -8.76644
11.7 -8.76626
11.73 -8.76607
11.76 -8.76588
11.79 -8.7657
11.82 -8.76551
11.85 -8.76532
11.88 -8.76513
11.91 -8.76494
11.94 -8.76476
11.97 -8.76457
12 -8.76438
12.03 -8.76418
12.06 -8.76399
12.09 -8.7638
12.12 -8.76361
12.15 -8.76342
12.18 -8.76323
12.21 -8.76303
12.24 -8.76284
12.27 -8.76264
12.3 -8.76245
12.33 -8.76225
12.36 -8.76206
12.39 -8.76186
12.42 -8.76167
12.45 -8.76147
12.48 -8.76127
12.51 -8.76107
12.54 -8.76088
12.57 -8.76068
12.6 -8.76048
12.63 -8.76028
12.66 -8.76008
12.69 -8.75988
12.72 -8.75968
12.75 -8.75948
12.78 -8.75927
12.81 -8.75907
12.84 -8.75887
12.87 -8.75866
12.9 -8.75846
12.93 -8.75826
12.96 -8.75805
12.99 -8.75785
13.02 -8.75764
13.05 -8.75743
13.08 -8.75723
13.11 -8.75702
13.14 -8.75681
13.17 -8.7566
13.2 -8.7564
13.23 -8.75619
13.26 -8.75598
13.29 -8.75577
13.32 -8.75556
13.35 -8.75534
13.38 -8.75513
13.41 -8.75492
13.44 -8.75471
13.47 -8.75449
13.5 -8.75428
13.53 -8.75407
13.56 -8.75385
13.59 -8.75364
13.62 -8.75342
13.65 -8.7532
13.68 -8.75299
13.71 -8.75277
13.74 -8.75255
13.77 -8.75234
13.8 -8.75212
13.83 -8.7519
13.86 -8.75168
13.89 -8.75146
13.92 -8.75124
13.95 -8.75102
13.98 -8.75079
14.01 -8.75057
14.04 -8.75035
14.07 -8.75013
14.1 -8.7499
14.13 -8.74968
14.16 -8.74945
14.19 -8.74923
14.22 -8.749
14.25 -8.74878
14.28 -8.74855
14.31 -8.74832
14.34 -8.74809
14.37 -8.74786
14.4 -8.74764
14.43 -8.74741
14.46 -8.74718
14.49 -8.74695
14.52 -8.74672
14.55 -8.74648
14.58 -8.74625
14.61 -8.74602
14.64 -8.74579
14.67 -8.74555
14.7 -8.74532
14.73 -8.74508
14.76 -8.74485
14.79 -8.74461
14.82 -8.74438
14.85 -8.74414
14.88 -8.7439
14.91 -8.74367
14.94 -8.74343
14.97 -8.74319
15 -8.74295
15.03 -8.74271
15.06 -8.74247
15.09 -8.74223
15.12 -8.74199
15.15 -8.74175
15.18 -8.7415
15.21 -8.74126
15.24 -8.74102
15.27 -8.74077
15.3 -8.74053
15.33 -8.74028
15.36 -8.74004
15.39 -8.73979
15.42 -8.73955
15.45 -8.7393
15.48 -8.73905
15.51 -8.7388
15.54 -8.73856
15.57 -8.73831
15.6 -8.73806
15.63 -8.73781
15.66 -8.73756
15.69 -8.73731
15.72 -8.73706
15.75 -8.7368
15.78 -8.73655
15.81 -8.7363
15.84 -8.73605
15.87 -8.73579
15.9 -8.73554
15.93 -8.73528
15.96 -8.73503
15.99 -8.73477
16.02 -8.73451
16.05 -8.73426
16.08 -8.734
16.11 -8.73374
16.14 -8.73349
16.17 -8.73323
16.2 -8.73297
16.23 -8.73271
16.26 -8.73245
16.29 -8.73219
16.32 -8.73193
16.35 -8.73167
16.38 -8.7314
16.41 -8.73114
16.44 -8.73088
16.47 -8.73062
16.5 -8.73035
16.53 -8.73009
16.56 -8.72982
16.59 -8.72956
16.62 -8.72929
16.65 -8.72903
16.68 -8.72876
16.71 -8.72849
16.74 -8.72823
16.77 -8.72796
16.8 -8.72769
16.83 -8.72742
16.86 -8.72716
16.89 -8.72689
16.92 -8.72662
16.95 -8.72635
16.98 -8.72608
17.01 -8.72581
17.04 -8.72554
17.07 -8.72526
17.1 -8.72499
17.13 -8.72472
17.16 -8.72445
17.19 -8.72417
17.22 -8.7239
17.25 -8.72363
17.28 -8.72335
17.31 -8.72308
17.34 -8.7228
17.37 -8.72253
17.4 -8.72225
17.43 -8.72198
17.46 -8.7217
17.49 -8.72143
17.52 -8.72115
17.55 -8.72087
17.58 -8.7206
17.61 -8.72032
17.64 -8.72004
17.67 -8.71976
17.7 -8.71948
17.73 -8.71921
17.76 -8.71893
17.79 -8.71865
17.82 -8.71837
17.85 -8.71809
17.88 -8.71781
17.91 -8.71753
17.94 -8.71725
17.97 -8.71697
18 -8.71669
18.03 -8.7164
18.06 -8.71612
18.09 -8.71584
18.12 -8.71556
18.15 -8.71528
18.18 -8.71499
18.21 -8.71471
18.24 -8.71443
18.27 -8.71415
18.3 -8.71386
18.33 -8.71358
18.36 -8.7133
18.39 -8.71301
18.42 -8.71273
18.45 -8.71245
18.48 -8.71216
18.51 -8.71188
18.54 -8.71159
18.57 -8.71131
18.6 -8.71103
18.63 -8.71074
18.66 -8.71046
18.69 -8.71017
18.72 -8.70989
18.75 -8.7096
18.78 -8.70932
18.81 -8.70903
18.84 -8.70875
18.87 -8.70846
18.9 -8.70818
18.93 -8.70789
18.96 -8.70761
18.99 -8.70732
19.02 -8.70704
19.05 -8.70675
19.08 -8.70647
19.11 -8.70619
19.14 -8.7059
19.17 -8.70562
19.2 -8.70533
19.23 -8.70505
19.26 -8.70476
19.29 -8.70448
19.32 -8.70419
19.35 -8.70391
19.38 -8.70362
19.41 -8.70334
19.44 -8.70306
19.47 -8.70277
19.5 -8.70249
19.53 -8.7022
19.56 -8.70192
19.59 -8.70164
19.62 -8.70136
19.65 -8.70107
19.68 -8.70079
19.71 -8.70051
19.74 -8.70023
19.77 -8.69994
19.8 -8.69966
19.83 -8.69938
19.86 -8.6991
19.89 -8.69882
19.92 -8.69854
19.95 -8.69826
19.98 -8.69798
20.01 -8.6977
20.04 -8.69742
20.07 -8.69714
20.1 -8.69686
20.13 -8.69658
20.16 -8.6963
20.19 -8.69602
20.22 -8.69575
20.25 -8.69547
20.28 -8.69519
20.31 -8.69492
20.34 -8.69464
20.37 -8.69437
20.4 -8.69409
20.43 -8.69382
20.46 -8.69354
20.49 -8.69327
20.52 -8.693
20.55 -8.69272
20.58 -8.69245
20.61 -8.69218
20.64 -8.69191
20.67 -8.69164
20.7 -8.69137
20.73 -8.6911
20.76 -8.69083
20.79 -8.69056
20.82 -8.69029
20.85 -8.69003
20.88 -8.68976
20.91 -8.68949
20.94 -8.68923
20.97 -8.68896
21 -8.6887
21.03 -8.68843
21.06 -8.68817
21.09 -8.68791
21.12 -8.68765
21.15 -8.68739
21.18 -8.68713
21.21 -8.68687
21.24 -8.68661
21.27 -8.68635
21.3 -8.68609
21.33 -8.68584
21.36 -8.68558
21.39 -8.68533
21.42 -8.68507
21.45 -8.68482
21.48 -8.68457
21.51 -8.68432
21.54 -8.68407
21.57 -8.68382
21.6 -8.68357
21.63 -8.68332
21.66 -8.68307
21.69 -8.68283
21.72 -8.68258
21.75 -8.68233
21.78 -8.68209
21.81 -8.68185
21.84 -8.68161
21.87 -8.68137
21.9 -8.68113
21.93 -8.68089
21.96 -8.68065
21.99 -8.68041
22.02 -8.68018
22.05 -8.67994
22.08 -8.67971
22.11 -8.67947
22.14 -8.67924
22.17 -8.67901
22.2 -8.67878
22.23 -8.67855
22.26 -8.67833
22.29 -8.6781
22.32 -8.67787
22.35 -8.67765
22.38 -8.67743
22.41 -8.67721
22.44 -8.67698
22.47 -8.67676
22.5 -8.67655
22.53 -8.67633
22.56 -8.67611
22.59 -8.6759
22.62 -8.67568
22.65 -8.67547
22.68 -8.67526
22.71 -8.67505
22.74 -8.67484
22.77 -8.67463
22.8 -8.67443
22.83 -8.67422
22.86 -8.67402
22.89 -8.67382
22.92 -8.67362
22.95 -8.67342
22.98 -8.67322
23.01 -8.67302
23.04 -8.67283
23.07 -8.67263
23.1 -8.67244
23.13 -8.67225
23.16 -8.67206
23.19 -8.67187
23.22 -8.67168
23.25 -8.67149
23.28 -8.67131
23.31 -8.67113
23.34 -8.67095
23.37 -8.67076
23.4 -8.67059
23.43 -8.67041
23.46 -8.67023
23.49 -8.67006
23.52 -8.66989
23.55 -8.66972
23.58 -8.66955
23.61 -8.66938
23.64 -8.66921
23.67 -8.66905
23.7 -8.66888
23.73 -8.66872
23.76 -8.66856
23.79 -8.6684
23.82 -8.66825
23.85 -8.66809
23.88 -8.66794
23.91 -8.66778
23.94 -8.66763
23.97 -8.66748
24 -8.66734
24.03 -8.66719
24.06 -8.66705
24.09 -8.66691
24.12 -8.66677
24.15 -8.66663
24.18 -8.66649
24.21 -8.66636
24.24 -8.66622
24.27 -8.66609
24.3 -8.66596
24.33 -8.66583
24.36 -8.66571
24.39 -8.66558
24.42 -8.66546
24.45 -8.66534
24.48 -8.66522
24.51 -8.66511
24.54 -8.66499
24.57 -8.66488
24.6 -8.66477
24.63 -8.66466
24.66 -8.66455
24.69 -8.66444
24.72 -8.66434
24.75 -8.66424
24.78 -8.66414
24.81 -8.66404
24.84 -8.66395
24.87 -8.66385
24.9 -8.66376
24.93 -8.66367
24.96 -8.66359
24.99 -8.6635
25.02 -8.66342
25.05 -8.66334
25.08 -8.66326
25.11 -8.66318
25.14 -8.66311
25.17 -8.66303
25.2 -8.66296
25.23 -8.6629
25.26 -8.66283
25.29 -8.66277
25.32 -8.66271
25.35 -8.66265
25.38 -8.66259
25.41 -8.66254
25.44 -8.66248
25.47 -8.66243
25.5 -8.66239
25.53 -8.66234
25.56 -8.6623
25.59 -8.66226
25.62 -8.66222
25.65 -8.66218
25.68 -8.66215
25.71 -8.66212
25.74 -8.66209
25.77 -8.66207
25.8 -8.66204
25.83 -8.66202
25.86 -8.66201
25.89 -8.66199
25.92 -8.66198
25.95 -8.66197
25.98 -8.66196
26.01 -8.66196
26.04 -8.66195
26.07 -8.66195
26.1 -8.66196
26.13 -8.66196
26.16 -8.66197
26.19 -8.66198
26.22 -8.662
26.25 -8.66202
26.28 -8.66204
26.31 -8.66206
26.34 -8.66209
26.37 -8.66212
26.4 -8.66215
26.43 -8.66218
26.46 -8.66222
26.49 -8.66226
26.52 -8.66231
26.55 -8.66235
26.58 -8.66241
26.61 -8.66246
26.64 -8.66252
26.67 -8.66258
26.7 -8.66264
26.73 -8.66271
26.76 -8.66278
26.79 -8.66285
26.82 -8.66293
26.85 -8.66301
26.88 -8.66309
26.91 -8.66318
26.94 -8.66327
26.97 -8.66336
27 -8.66346
27.03 -8.66356
27.06 -8.66367
27.09 -8.66377
27.12 -8.66389
27.15 -8.664
27.18 -8.66412
27.21 -8.66424
27.24 -8.66437
27.27 -8.6645
27.3 -8.66464
27.33 -8.66478
27.36 -8.66492
27.39 -8.66507
27.42 -8.66522
27.45 -8.66537
27.48 -8.66553
27.51 -8.66569
27.54 -8.66586
27.57 -8.66603
27.6 -8.66621
27.63 -8.66639
27.66 -8.66657
27.69 -8.66676
27.72 -8.66696
27.75 -8.66715
27.78 -8.66735
27.81 -8.66756
27.84 -8.66777
27.87 -8.66799
27.9 -8.66821
27.93 -8.66843
27.96 -8.66866
27.99 -8.6689
28.02 -8.66914
28.05 -8.66938
28.08 -8.66963
28.11 -8.66989
28.14 -8.67014
28.17 -8.67041
28.2 -8.67068
28.23 -8.67095
28.26 -8.67123
28.29 -8.67151
28.32 -8.6718
28.35 -8.6721
28.38 -8.6724
28.41 -8.67271
28.44 -8.67302
28.47 -8.67333
28.5 -8.67365
28.53 -8.67398
28.56 -8.67431
28.59 -8.67465
28.62 -8.675
28.65 -8.67535
28.68 -8.6757
28.71 -8.67606
28.74 -8.67643
28.77 -8.6768
28.8 -8.67718
28.83 -8.67757
28.86 -8.67796
28.89 -8.67836
28.92 -8.67876
28.95 -8.67917
28.98 -8.67958
29.01 -8.68
29.04 -8.68043
29.07 -8.68086
29.1 -8.6813
29.13 -8.68175
29.16 -8.6822
29.19 -8.68266
29.22 -8.68313
29.25 -8.6836
29.28 -8.68408
29.31 -8.68456
29.34 -8.68505
29.37 -8.68555
29.4 -8.68606
29.43 -8.68657
29.46 -8.68709
29.49 -8.68761
29.52 -8.68814
29.55 -8.68868
29.58 -8.68922
29.61 -8.68978
29.64 -8.69034
29.67 -8.6909
29.7 -8.69147
29.73 -8.69205
29.76 -8.69264
29.79 -8.69323
29.82 -8.69384
29.85 -8.69444
29.88 -8.69506
29.91 -8.69568
29.94 -8.69631
29.97 -8.69694
30 -8.69759
30.001 -10
