0 0
0.03 0.299669
0.06 0.300185
0.09 0.300702
0.12 0.301219
0.15 0.301737
0.18 0.302255
0.21 0.302773
0.24 0.303292
0.27 0.303811
0.3 0.304331
0.33 0.304851
0.36 0.305372
0.39 0.305893
0.42 0.306415
0.45 0.306937
0.48 0.307459
0.51 0.307982
0.54 0.308505
0.57 0.309029
0.6 0.309553
0.63 0.310078
0.66 0.310603
0.69 0.311129
0.72 0.311655
0.75 0.312181
0.78 0.312708
0.81 0.313236
0.84 0.313764
0.87 0.314292
0.9 0.314821
0.93 0.315351
0.96 0.315881
0.99 0.316411
1.02 0.316942
1.05 0.317473
1.08 0.318005
1.11 0.318537
1.14 0.31907
1.17 0.319603
1.2 0.320137
1.23 0.320672
1.26 0.321206
1.29 0.321742
1.32 0.322278
1.35 0.322814
1.38 0.323351
1.41 0.323888
1.44 0.324426
1.47 0.324964
1.5 0.325503
1.53 0.326043
1.56 0.326583
1.59 0.327123
1.62 0.327664
1.65 0.328206
1.68 0.328748
1.71 0.329291
1.74 0.329834
1.77 0.330378
1.8 0.330922
1.83 0.331467
1.86 0.332012
1.89 0.332558
1.92 0.333104
1.95 0.333651
1.98 0.334199
2.01 0.334747
2.04 0.335296
2.07 0.335845
2.1 0.336395
2.13 0.336946
2.16 0.337497
2.19 0.338048
2.22 0.3386
2.25 0.339153
2.28 0.339707
2.31 0.340261
2.34 0.340815
2.37 0.34137
2.4 0.341926
2.43 0.342482
2.46 0.343039
2.49 0.343597
2.52 0.344155
2.55 0.344714
2.58 0.345273
2.61 0.345833
2.64 0.346394
2.67 0.346955
2.7 0.347517
2.73 0.34808
2.76 0.348643
2.79 0.349207
2.82 0.349771
2.85 0.350337
2.88 0.350902
2.91 0.351469
2.94 0.352036
2.97 0.352604
3 0.353172
3.03 0.353741
3.06 0.354311
3.09 0.354881
3.12 0.355452
3.15 0.356024
3.18 0.356597
3.21 0.35717
3.24 0.357744
3.27 0.358318
3.3 0.358893
3.33 0.359469
3.36 0.360046
3.39 0.360623
3.42 0.361201
3.45 0.36178
3.48 0.36236
3.51 0.36294
3.54 0.363521
3.57 0.364103
3.6 0.364685
3.63 0.365268
3.66 0.365852
3.69 0.366437
3.72 0.367022
3.75 0.367608
3.78 0.368195
3.81 0.368783
3.84 0.369371
3.87 0.369961
3.9 0.370551
3.93 0.371141
3.96 0.371733
3.99 0.372325
4.02 0.372918
4.05 0.373512
4.08 0.374107
4.11 0.374703
4.14 0.375299
4.17 0.375896
4.2 0.376494
4.23 0.377093
4.26 0.377693
4.29 0.378293
4.32 0.378894
4.35 0.379496
4.38 0.380099
4.41 0.380703
4.44 0.381308
4.47 0.381914
4.5 0.38252
4.53 0.383127
4.56 0.383735
4.59 0.384344
4.62 0.384954
4.65 0.385565
4.68 0.386177
4.71 0.386789
4.74 0.387403
4.77 0.388017
4.8 0.388633
4.83 0.389249
4.86 0.389866
4.89 0.390484
4.92 0.391103
4.95 0.391723
4.98 0.392344
5.01 0.392966
5.04 0.393589
5.07 0.394212
5.1 0.394837
5.13 0.395463
5.16 0.396089
5.19 0.396717
5.22 0.397346
5.25 0.397975
5.28 0.398606
5.31 0.399238
5.34 0.39987
5.37 0.400504
5.4 0.401139
5.43 0.401774
5.46 0.402411
5.49 0.403049
5.52 0.403687
5.55 0.404327
5.58 0.404968
5.61 0.40561
5.64 0.406253
5.67 0.406897
5.7 0.407542
5.73 0.408189
5.76 0.408836
5.79 0.409484
5.82 0.410134
5.85 0.410785
5.88 0.411436
5.91 0.412089
5.94 0.412743
5.97 0.413398
6 0.414055
6.03 0.414712
6.06 0.415371
6.09 0.41603
6.12 0.416691
6.15 0.417353
6.18 0.418017
6.21 0.418681
6.24 0.419347
6.27 0.420014
6.3 0.420682
6.33 0.421351
6.36 0.422021
6.39 0.422693
6.42 0.423366
6.45 0.42404
6.48 0.424716
6.51 0.425392
6.54 0.42607
6.57 0.42675
6.6 0.42743
6.63 0.428112
6.66 0.428795
6.69 0.429479
6.72 0.430165
6.75 0.430852
6.78 0.43154
6.81 0.43223
6.84 0.432921
6.87 0.433613
6.9 0.434307
6.93 0.435002
6.96 0.435698
6.99 0.436396
7.02 0.437095
7.05 0.437796
7.08 0.438498
7.11 0.439201
7.14 0.439906
7.17 0.440612
7.2 0.44132
7.23 0.442029
7.26 0.442739
7.29 0.443451
7.32 0.444165
7.35 0.44488
7.38 0.445596
7.41 0.446314
7.44 0.447033
7.47 0.447754
7.5 0.448477
7.53 0.4492
7.56 0.449926
7.59 0.450653
7.62 0.451381
7.65 0.452112
7.68 0.452843
7.71 0.453577
7.74 0.454311
7.77 0.455048
7.8 0.455786
7.83 0.456526
7.86 0.457267
7.89 0.45801
7.92 0.458754
7.95 0.4595
7.98 0.460248
8.01 0.460998
8.04 0.461749
8.07 0.462502
8.1 0.463257
8.13 0.464013
8.16 0.464771
8.19 0.465531
8.22 0.466292
8.25 0.467055
8.28 0.46782
8.31 0.468587
8.34 0.469356
8.37 0.470126
8.4 0.470898
8.43 0.471672
8.46 0.472448
8.49 0.473226
8.52 0.474005
8.55 0.474786
8.58 0.47557
8.61 0.476355
8.64 0.477141
8.67 0.47793
8.7 0.478721
8.73 0.479514
8.76 0.480308
8.79 0.481105
8.82 0.481903
8.85 0.482704
8.88 0.483506
8.91 0.48431
8.94 0.485117
8.97 0.485925
9 0.486735
9.03 0.487548
9.06 0.488362
9.09 0.489179
9.12 0.489997
9.15 0.490818
9.18 0.49164
9.21 0.492465
9.24 0.493292
9.27 0.494121
9.3 0.494952
9.33 0.495786
9.36 0.496621
9.39 0.497459
9.42 0.498299
9.45 0.499141
9.48 0.499985
9.51 0.500831
9.54 0.50168
9.57 0.502531
9.6 0.503384
9.63 0.50424
9.66 0.505097
9.69 0.505957
9.72 0.50682
9.75 0.507684
9.78 0.508551
9.81 0.509421
9.84 0.510292
9.87 0.511166
9.9 0.512043
9.93 0.512922
9.96 0.513803
9.99 0.514687
10.02 0.515573
10.05 0.516462
10.08 0.517353
10.11 0.518246
10.14 0.519142
10.17 0.520041
10.2 0.520942
10.23 0.521845
10.26 0.522752
10.29 0.52366
10.32 0.524572
10.35 0.525486
10.38 0.526402
10.41 0.527321
10.44 0.528243
10.47 0.529168
10.5 0.530095
10.53 0.531025
10.56 0.531957
10.59 0.532892
10.62 0.53383
10.65 0.534771
10.68 0.535714
10.71 0.53666
10.74 0.537609
10.77 0.538561
10.8 0.539516
10.83 0.540473
10.86 0.541434
10.89 0.542397
10.92 0.543363
10.95 0.544332
10.98 0.545304
11.01 0.546279
11.04 0.547256
11.07 0.548237
11.1 0.549221
11.13 0.550207
11.16 0.551197
11.19 0.55219
11.22 0.553185
11.25 0.554184
11.28 0.555186
11.31 0.556191
11.34 0.557199
11.37 0.55821
11.4 0.559225
11.43 0.560242
11.46 0.561263
11.49 0.562287
11.52 0.563314
11.55 0.564344
11.58 0.565378
11.61 0.566414
11.64 0.567455
11.67 0.568498
11.7 0.569545
11.73 0.570595
11.76 0.571648
11.79 0.572705
11.82 0.573765
11.85 0.574828
11.88 0.575895
11.91 0.576966
11.94 0.57804
11.97 0.579117
12 0.580198
12.03 0.581282
12.06 0.58237
12.09 0.583461
12.12 0.584556
12.15 0.585655
12.18 0.586757
12.21 0.587863
12.24 0.588972
12.27 0.590085
12.3 0.591202
12.33 0.592322
12.36 0.593447
12.39 0.594574
12.42 0.595706
12.45 0.596842
12.48 0.597981
12.51 0.599124
12.54 0.600271
12.57 0.601421
12.6 0.602576
12.63 0.603735
12.66 0.604897
12.69 0.606063
12.72 0.607234
12.75 0.608408
12.78 0.609586
12.81 0.610768
12.84 0.611955
12.87 0.613145
12.9 0.614339
12.93 0.615538
12.96 0.61674
12.99 0.617947
13.02 0.619158
13.05 0.620373
13.08 0.621592
13.11 0.622816
13.14 0.624044
13.17 0.625276
13.2 0.626512
13.23 0.627752
13.26 0.628997
13.29 0.630247
13.32 0.6315
13.35 0.632758
13.38 0.63402
13.41 0.635287
13.44 0.636558
13.47 0.637834
13.5 0.639114
13.53 0.640399
13.56 0.641688
13.59 0.642982
13.62 0.64428
13.65 0.645583
13.68 0.646891
13.71 0.648203
13.74 0.64952
13.77 0.650842
13.8 0.652168
13.83 0.653499
13.86 0.654835
13.89 0.656175
13.92 0.65752
13.95 0.65887
13.98 0.660225
14.01 0.661585
14.04 0.66295
14.07 0.66432
14.1 0.665694
14.13 0.667074
14.16 0.668458
14.19 0.669848
14.22 0.671242
14.25 0.672642
14.28 0.674046
14.31 0.675456
14.34 0.676871
14.37 0.678291
14.4 0.679716
14.43 0.681146
14.46 0.682581
14.49 0.684022
14.52 0.685468
14.55 0.686919
14.58 0.688375
14.61 0.689837
14.64 0.691304
14.67 0.692777
14.7 0.694255
14.73 0.695738
14.76 0.697227
14.79 0.698721
14.82 0.70022
14.85 0.701725
14.88 0.703236
14.91 0.704752
14.94 0.706274
14.97 0.707801
15 0.709334
15.03 0.710873
15.06 0.712417
15.09 0.713967
15.12 0.715522
15.15 0.717084
15.18 0.718651
15.21 0.720224
15.24 0.721802
15.27 0.723387
15.3 0.724977
15.33 0.726573
15.36 0.728175
15.39 0.729783
15.42 0.731397
15.45 0.733017
15.48 0.734643
15.51 0.736274
15.54 0.737912
15.57 0.739556
15.6 0.741206
15.63 0.742862
15.66 0.744524
15.69 0.746193
15.72 0.747867
15.75 0.749548
15.78 0.751235
15.81 0.752928
15.84 0.754627
15.87 0.756333
15.9 0.758044
15.93 0.759763
15.96 0.761487
15.99 0.763218
16.02 0.764955
16.05 0.766699
16.08 0.768449
16.11 0.770206
16.14 0.771969
16.17 0.773738
16.2 0.775515
16.23 0.777297
16.26 0.779086
16.29 0.780882
16.32 0.782684
16.35 0.784493
16.38 0.786309
16.41 0.788131
16.44 0.78996
16.47 0.791796
16.5 0.793638
16.53 0.795487
16.56 0.797343
16.59 0.799206
16.62 0.801076
16.65 0.802952
16.68 0.804835
16.71 0.806725
16.74 0.808622
16.77 0.810526
16.8 0.812437
16.83 0.814355
16.86 0.81628
16.89 0.818211
16.92 0.82015
16.95 0.822096
16.98 0.824049
17.01 0.826009
17.04 0.827976
17.07 0.82995
17.1 0.831931
17.13 0.833919
17.16 0.835915
17.19 0.837918
17.22 0.839928
17.25 0.841945
17.28 0.843969
17.31 0.846001
17.34 0.84804
17.37 0.850086
17.4 0.852139
17.43 0.8542
17.46 0.856268
17.49 0.858344
17.52 0.860427
17.55 0.862517
17.58 0.864615
17.61 0.86672
17.64 0.868832
17.67 0.870952
17.7 0.87308
17.73 0.875215
17.76 0.877357
17.79 0.879507
17.82 0.881665
17.85 0.88383
17.88 0.886002
17.91 0.888183
17.94 0.89037
17.97 0.892566
18 0.894769
18.03 0.896979
18.06 0.899198
18.09 0.901423
18.12 0.903657
18.15 0.905898
18.18 0.908147
18.21 0.910404
18.24 0.912668
18.27 0.91494
18.3 0.91722
18.33 0.919507
18.36 0.921803
18.39 0.924106
18.42 0.926417
18.45 0.928735
18.48 0.931062
18.51 0.933396
18.54 0.935738
18.57 0.938088
18.6 0.940446
18.63 0.942811
18.66 0.945185
18.69 0.947566
18.72 0.949955
18.75 0.952352
18.78 0.954757
18.81 0.95717
18.84 0.959591
18.87 0.962019
18.9 0.964456
18.93 0.9669
18.96 0.969353
18.99 0.971813
19.02 0.974281
19.05 0.976757
19.08 0.979242
19.11 0.981734
19.14 0.984234
19.17 0.986742
19.2 0.989258
19.23 0.991782
19.26 0.994314
19.29 0.996853
19.32 0.999401
19.35 1.00196
19.38 1.00452
19.41 1.00709
19.44 1.00967
19.47 1.01226
19.5 1.01486
19.53 1.01746
19.56 1.02007
19.59 1.02269
19.62 1.02532
19.65 1.02795
19.68 1.0306
19.71 1.03325
19.74 1.03591
19.77 1.03858
19.8 1.04125
19.83 1.04394
19.86 1.04663
19.89 1.04933
19.92 1.05204
19.95 1.05475
19.98 1.05748
20.01 1.06021
20.04 1.06295
20.07 1.06569
20.1 1.06845
20.13 1.07121
20.16 1.07398
20.19 1.07676
20.22 1.07955
20.25 1.08235
20.28 1.08515
20.31 1.08796
20.34 1.09078
20.37 1.09361
20.4 1.09644
20.43 1.09928
20.46 1.10213
20.49 1.10499
20.52 1.10786
20.55 1.11073
20.58 1.11362
20.61 1.11651
20.64 1.11941
20.67 1.12231
20.7 1.12522
20.73 1.12815
20.76 1.13108
20.79 1.13401
20.82 1.13696
20.85 1.13991
20.88 1.14287
20.91 1.14584
20.94 1.14882
20.97 1.1518
21 1.15479
21.03 1.15779
21.06 1.1608
21.09 1.16382
21.12 1.16684
21.15 1.16987
21.18 1.17291
21.21 1.17596
21.24 1.17901
21.27 1.18207
21.3 1.18514
21.33 1.18822
21.36 1.1913
21.39 1.1944
21.42 1.1975
21.45 1.2006
21.48 1.20372
21.51 1.20684
21.54 1.20997
21.57 1.21311
21.6 1.21626
21.63 1.21941
21.66 1.22257
21.69 1.22574
21.72 1.22892
21.75 1.2321
21.78 1.2353
21.81 1.2385
21.84 1.2417
21.87 1.24492
21.9 1.24814
21.93 1.25137
21.96 1.25461
21.99 1.25785
22.02 1.26111
22.05 1.26437
22.08 1.26763
22.11 1.27091
22.14 1.27419
22.17 1.27748
22.2 1.28078
22.23 1.28409
22.26 1.2874
22.29 1.29072
22.32 1.29405
22.35 1.29738
22.38 1.30073
22.41 1.30408
22.44 1.30744
22.47 1.3108
22.5 1.31418
22.53 1.31756
22.56 1.32095
22.59 1.32434
22.62 1.32775
22.65 1.33116
22.68 1.33458
22.71 1.338
22.74 1.34144
22.77 1.34488
22.8 1.34833
22.83 1.35179
22.86 1.35525
22.89 1.35872
22.92 1.3622
22.95 1.36569
22.98 1.36919
23.01 1.37269
23.04 1.3762
23.07 1.37972
23.1 1.38325
23.13 1.38678
23.16 1.39032
23.19 1.39387
23.22 1.39743
23.25 1.40099
23.28 1.40457
23.31 1.40815
23.34 1.41174
23.37 1.41533
23.4 1.41894
23.43 1.42255
23.46 1.42617
23.49 1.4298
23.52 1.43344
23.55 1.43708
23.58 1.44074
23.61 1.4444
23.64 1.44807
23.67 1.45174
23.7 1.45543
23.73 1.45912
23.76 1.46283
23.79 1.46654
23.82 1.47026
23.85 1.47398
23.88 1.47772
23.91 1.48146
23.94 1.48522
23.97 1.48898
24 1.49275
24.03 1.49653
24.06 1.50032
24.09 1.50411
24.12 1.50792
24.15 1.51173
24.18 1.51556
24.21 1.51939
24.24 1.52323
24.27 1.52708
24.3 1.53094
24.33 1.53481
24.36 1.53869
24.39 1.54258
24.42 1.54647
24.45 1.55038
24.48 1.55429
24.51 1.55822
24.54 1.56216
24.57 1.5661
24.6 1.57006
24.63 1.57402
24.66 1.57799
24.69 1.58198
24.72 1.58597
24.75 1.58998
24.78 1.59399
24.81 1.59802
24.84 1.60206
24.87 1.6061
24.9 1.61016
24.93 1.61423
24.96 1.61831
24.99 1.6224
25.02 1.6265
25.05 1.63061
25.08 1.63473
25.11 1.63886
25.14 1.64301
25.17 1.64717
25.2 1.65133
25.23 1.65551
25.26 1.6597
25.29 1.66391
25.32 1.66812
25.35 1.67235
25.38 1.67659
25.41 1.68084
25.44 1.6851
25.47 1.68938
25.5 1.69367
25.53 1.69797
25.56 1.70228
25.59 1.70661
25.62 1.71095
25.65 1.7153
25.68 1.71967
25.71 1.72405
25.74 1.72844
25.77 1.73285
25.8 1.73727
25.83 1.7417
25.86 1.74615
25.89 1.75061
25.92 1.75509
25.95 1.75958
25.98 1.76409
26.01 1.76861
26.04 1.77314
26.07 1.77769
26.1 1.78226
26.13 1.78683
26.16 1.79143
26.19 1.79604
26.22 1.80067
26.25 1.80531
26.28 1.80996
26.31 1.81464
26.34 1.81933
26.37 1.82403
26.4 1.82875
26.43 1.83349
26.46 1.83825
26.49 1.84302
26.52 1.84781
26.55 1.85261
26.58 1.85744
26.61 1.86228
26.64 1.86714
26.67 1.87201
26.7 1.8769
26.73 1.88182
26.76 1.88675
26.79 1.89169
26.82 1.89666
26.85 1.90164
26.88 1.90665
26.91 1.91167
26.94 1.91671
26.97 1.92177
27 1.92685
27.03 1.93195
27.06 1.93707
27.09 1.9422
27.12 1.94736
27.15 1.95254
27.18 1.95774
27.21 1.96295
27.24 1.96819
27.27 1.97345
27.3 1.97873
27.33 1.98403
27.36 1.98935
27.39 1.9947
27.42 2.00006
27.45 2.00544
27.48 2.01085
27.51 2.01628
27.54 2.02173
27.57 2.0272
27.6 2.03269
27.63 2.03821
27.66 2.04375
27.69 2.04931
27.72 2.05489
27.75 2.0605
27.78 2.06613
27.81 2.07178
27.84 2.07745
27.87 2.08315
27.9 2.08887
27.93 2.09461
27.96 2.10038
27.99 2.10617
28.02 2.11199
28.05 2.11783
28.08 2.12369
28.11 2.12957
28.14 2.13548
28.17 2.14142
28.2 2.14737
28.23 2.15336
28.26 2.15936
28.29 2.16539
28.32 2.17145
28.35 2.17753
28.38 2.18363
28.41 2.18976
28.44 2.19592
28.47 2.20209
28.5 2.2083
28.53 2.21452
28.56 2.22078
28.59 2.22705
28.62 2.23336
28.65 2.23968
28.68 2.24604
28.71 2.25241
28.74 2.25881
28.77 2.26524
28.8 2.27169
28.83 2.27817
28.86 2.28467
28.89 2.2912
28.92 2.29775
28.95 2.30432
28.98 2.31092
29.01 2.31755
29.04 2.3242
29.07 2.33087
29.1 2.33757
29.13 2.34429
29.16 2.35104
29.19 2.35781
29.22 2.36461
29.25 2.37143
29.28 2.37827
29.31 2.38514
29.34 2.39203
29.37 2.39894
29.4 2.40588
29.43 2.41284
29.46 2.41983
29.49 2.42684
29.52 2.43387
29.55 2.44092
29.58 2.44799
29.61 2.45509
29.64 2.46221
29.67 2.46935
29.7 2.47651
29.73 2.4837
29.76 2.4909
29.79 2.49813
29.82 2.50538
29.85 2.51264
29.88 2.51993
29.91 2.52724
29.94 2.53456
29.97 2.54191
30 2.54928
30.001 0
