0 -10
0.03 -8.64152
0.06 -8.64144
0.09 -8.64136
0.12 -8.64127
0.15 -8.64119
0.18 -8.64111
0.21 -8.64102
0.24 -8.64094
0.27 -8.64086
0.3 -8.64077
0.33 -8.64069
0.36 -8.64061
0.39 -8.64052
0.42 -8.64044
0.45 -8.64036
0.48 -8.64027
0.51 -8.64019
0.54 -8.64011
0.57 -8.64002
0.6 -8.63994
0.63 -8.63986
0.66 -8.63977
0.69 -8.63969
0.72 -8.63961
0.75 -8.63953
0.78 -8.63944
0.81 -8.63936
0.84 -8.63928
0.87 -8.63919
0.9 -8.63911
0.93 -8.63903
0.96 -8.63895
0.99 -8.63886
1.02 -8.63878
1.05 -8.6387
1.08 -8.63862
1.11 -8.63853
1.14 -8.63845
1.17 -8.63837
1.2 -8.63828
1.23 -8.6382
1.26 -8.63812
1.29 -8.63804
1.32 -8.63795
1.35 -8.63787
1.38 -8.63779
1.41 -8.63771
1.44 -8.63763
1.47 -8.63754
1.5 -8.63746
1.53 -8.63738
1.56 -8.6373
1.59 -8.63721
1.62 -8.63713
1.65 -8.63705
1.68 -8.63697
1.71 -8.63688
1.74 -8.6368
1.77 -8.63672
1.8 -8.63664
1.83 -8.63656
1.86 -8.63647
1.89 -8.63639
1.92 -8.63631
1.95 -8.63623
1.98 -8.63615
2.01 -8.63606
2.04 -8.63598
2.07 -8.6359
2.1 -8.63582
2.13 -8.63574
2.16 -8.63565
2.19 -8.63557
2.22 -8.63549
2.25 -8.63541
2.28 -8.63533
2.31 -8.63525
2.34 -8.63516
2.37 -8.63508
2.4 -8.635
2.43 -8.63492
2.46 -8.63484
2.49 -8.63476
2.52 -8.63467
2.55 -8.63459
2.58 -8.63451
2.61 -8.63443
2.64 -8.63435
2.67 -8.63427
2.7 -8.63418
2.73 -8.6341
2.76 -8.63402
2.79 -8.63394
2.82 -8.63386
2.85 -8.63378
2.88 -8.6337
2.91 -8.63362
2.94 -8.63353
2.97 -8.63345
3 -8.63337
3.03 -8.63329
3.06 -8.63321
3.09 -8.63313
3.12 -8.63305
3.15 -8.63297
3.18 -8.63288
3.21 -8.6328
3.24 -8.63272
3.27 -8.63264
3.3 -8.63256
3.33 -8.63248
3.36 -8.6324
3.39 -8.63232
3.42 -8.63224
3.45 -8.63215
3.48 -8.63207
3.51 -8.63199
3.54 -8.63191
3.57 -8.63183
3.6 -8.63175
3.63 -8.63167
3.66 -8.63159
3.69 -8.63151
3.72 -8.63143
3.75 -8.63135
3.78 -8.63126
3.81 -8.63118
3.84 -8.6311
3.87 -8.63102
3.9 -8.63094
3.93 -8.63086
3.96 -8.63078
3.99 -8.6307
4.02 -8.63062
4.05 -8.63054
4.08 -8.63046
4.11 -8.63038
4.14 -8.6303
4.17 -8.63021
4.2 -8.63013
4.23 -8.63005
4.26 -8.62997
4.29 -8.62989
4.32 -8.62981
4.35 -8.62973
4.38 -8.62965
4.41 -8.62957
4.44 -8.62949
4.47 -8.62941
4.5 -8.62933
4.53 -8.62925
4.56 -8.62917
4.59 -8.62909
4.62 -8.62901
4.65 -8.62893
4.68 -8.62885
4.71 -8.62877
4.74 -8.62869
4.77 -8.62861
4.8 -8.62853
4.83 -8.62844
4.86 -8.62836
4.89 -8.62828
4.92 -8.6282
4.95 -8.62812
4.98 -8.62804
5.01 -8.62796
5.04 -8.62788
5.07 -8.6278
5.1 -8.62772
5.13 -8.62764
5.16 -8.62756
5.19 -8.62748
5.22 -8.6274
5.25 -8.62732
5.28 -8.62724
5.31 -8.62716
5.34 -8.62708
5.37 -8.627
5.4 -8.62692
5.43 -8.62684
5.46 -8.62676
5.49 -8.62668
5.52 -8.6266
5.55 -8.62652
5.58 -8.62644
5.61 -8.62636
5.64 -8.62628
5.67 -8.6262
5.7 -8.62612
5.73 -8.62604
5.76 -8.62596
5.79 -8.62588
5.82 -8.6258
5.85 -8.62572
5.88 -8.62564
5.91 -8.62556
5.94 -8.62548
5.97 -8.6254
6 -8.62532
6.03 -8.62524
6.06 -8.62516
6.09 -8.62508
6.12 -8.625
6.15 -8.62492
6.18 -8.62484
6.21 -8.62476
6.24 -8.62468
6.27 -8.6246
6.3 -8.62452
6.33 -8.62444
6.36 -8.62436
6.39 -8.62428
6.42 -8.6242
6.45 -8.62412
6.48 -8.62404
6.51 -8.62396
6.54 -8.62388
6.57 -8.6238
6.6 -8.62372
6.63 -8.62364
6.66 -8.62356
6.69 -8.62348
6.72 -8.6234
6.75 -8.62332
6.78 -8.62324
6.81 -8.62316
6.84 -8.62308
6.87 -8.623
6.9 -8.62292
6.93 -8.62284
6.96 -8.62276
6.99 -8.62268
7.02 -8.6226
7.05 -8.62252
7.08 -8.62244
7.11 -8.62236
7.14 -8.62228
7.17 -8.6222
7.2 -8.62212
7.23 -8.62204
7.26 -8.62196
7.29 -8.62188
7.32 -8.6218
7.35 -8.62172
7.38 -8.62164
7.41 -8.62156
7.44 -8.62148
7.47 -8.6214
7.5 -8.62132
7.53 -8.62124
7.56 -8.62116
7.59 -8.62108
7.62 -8.621
7.65 -8.62092
7.68 -8.62084
7.71 -8.62076
7.74 -8.62068
7.77 -8.6206
7.8 -8.62052
7.83 -8.62044
7.86 -8.62036
7.89 -8.62028
7.92 -8.6202
7.95 -8.62012
7.98 -8.62004
8.01 -8.61996
8.04 -8.61988
8.07 -8.6198
8.1 -8.61972
8.13 -8.61964
8.16 -8.61956
8.19 -8.61948
8.22 -8.6194
8.25 -8.61932
8.28 -8.61924
8.31 -8.61916
8.34 -8.61908
8.37 -8.619
8.4 -8.61892
8.43 -8.61884
8.46 -8.61876
8.49 -8.61868
8.52 -8.6186
8.55 -8.61852
8.58 -8.61844
8.61 -8.61836
8.64 -8.61828
8.67 -8.6182
8.7 -8.61812
8.73 -8.61804
8.76 -8.61796
8.79 -8.61788
8.82 -8.6178
8.85 -8.61772
8.88 -8.61764
8.91 -8.61756
8.94 -8.61748
8.97 -8.6174
9 -8.61732
9.03 -8.61724
9.06 -8.61716
9.09 -8.61708
9.12 -8.617
9.15 -8.61692
9.18 -8.61684
9.21 -8.61676
9.24 -8.61668
9.27 -8.6166
9.3 -8.61652
9.33 -8.61644
9.36 -8.61636
9.39 -8.61628
9.42 -8.61619
9.45 -8.61611
9.48 -8.61603
9.51 -8.61595
9.54 -8.61587
9.57 -8.61579
9.6 -8.61571
9.63 -8.61563
9.66 -8.61555
9.69 -8.61547
9.72 -8.61539
9.75 -8.61531
9.78 -8.61523
9.81 -8.61515
9.84 -8.61507
9.87 -8.61499
9.9 -8.61491
9.93 -8.61482
9.96 -8.61474
9.99 -8.61466
10.02 -8.61458
10.05 -8.6145
10.08 -8.61442
10.11 -8.61434
10.14 -8.61426
10.17 -8.61418
10.2 -8.6141
10.23 -8.61402
10.26 -8.61394
10.29 -8.61385
10.32 -8.61377
10.35 -8.61369
10.38 -8.61361
10.41 -8.61353
10.44 -8.61345
10.47 -8.61337
10.5 -8.61329
10.53 -8.61321
10.56 -8.61313
10.59 -8.61304
10.62 -8.61296
10.65 -8.61288
10.68 -8.6128
10.71 -8.61272
10.74 -8.61264
10.77 -8.61256
10.8 -8.61248
10.83 -8.61239
10.86 -8.61231
10.89 -8.61223
10.92 -8.61215
10.95 -8.61207
10.98 -8.61199
11.01 -8.61191
11.04 -8.61183
11.07 -8.61174
11.1 -8.61166
11.13 -8.61158
11.16 -8.6115
11.19 -8.61142
11.22 -8.61134
11.25 -8.61125
11.28 -8.61117
11.31 -8.61109
11.34 -8.61101
11.37 -8.61093
11.4 -8.61085
11.43 -8.61077
11.46 -8.61068
11.49 -8.6106
11.52 -8.61052
11.55 -8.61044
11.58 -8.61036
11.61 -8.61027
11.64 -8.61019
11.67 -8.61011
11.7 -8.61003
11.73 -8.60995
11.76 -8.60987
11.79 -8.60978
11.82 -8.6097
11.85 -8.60962
11.88 -8.60954
11.91 -8.60946
11.94 -8.60937
11.97 -8.60929
12 -8.60921
12.03 -8.60913
12.06 -8.60904
12.09 -8.60896
12.12 -8.60888
12.15 -8.6088
12.18 -8.60872
12.21 -8.60863
12.24 -8.60855
12.27 -8.60847
12.3 -8.60839
12.33 -8.6083
12.36 -8.60822
12.39 -8.60814
12.42 -8.60806
12.45 -8.60798
12.48 -8.60789
12.51 -8.60781
12.54 -8.60773
12.57 -8.60765
12.6 -8.60756
12.63 -8.60748
12.66 -8.6074
12.69 -8.60731
12.72 -8.60723
12.75 -8.60715
12.78 -8.60707
12.81 -8.60698
12.84 -8.6069
12.87 -8.60682
12.9 -8.60674
12.93 -8.60665
12.96 -8.60657
12.99 -8.60649
13.02 -8.60641
13.05 -8.60632
13.08 -8.60624
13.11 -8.60616
13.14 -8.60607
13.17 -8.60599
13.2 -8.60591
13.23 -8.60582
13.26 -8.60574
13.29 -8.60566
13.32 -8.60558
13.35 -8.60549
13.38 -8.60541
13.41 -8.60533
13.44 -8.60524
13.47 -8.60516
13.5 -8.60508
13.53 -8.60499
13.56 -8.60491
13.59 -8.60483
13.62 -8.60475
13.65 -8.60466
13.68 -8.60458
13.71 -8.6045
13.74 -8.60441
13.77 -8.60433
13.8 -8.60425
13.83 -8.60416
13.86 -8.60408
13.89 -8.604
13.92 -8.60391
13.95 -8.60383
13.98 -8.60375
14.01 -8.60366
14.04 -8.60358
14.07 -8.6035
14.1 -8.60341
14.13 -8.60333
14.16 -8.60325
14.19 -8.60316
14.22 -8.60308
14.25 -8.603
14.28 -8.60291
14.31 -8.60283
14.34 -8.60274
14.37 -8.60266
14.4 -8.60258
14.43 -8.60249
14.46 -8.60241
14.49 -8.60233
14.52 -8.60224
14.55 -8.60216
14.58 -8.60208
14.61 -8.60199
14.64 -8.60191
14.67 -8.60183
14.7 -8.60174
14.73 -8.60166
14.76 -8.60158
14.79 -8.60149
14.82 -8.60141
14.85 -8.60132
14.88 -8.60124
14.91 -8.60116
14.94 -8.60107
14.97 -8.60099
15 -8.60091
15.03 -8.60082
15.06 -8.60074
15.09 -8.60066
15.12 -8.60057
15.15 -8.60049
15.18 -8.60041
15.21 -8.60032
15.24 -8.60024
15.27 -8.60015
15.3 -8.60007
15.33 -8.59999
15.36 -8.5999
15.39 -8.59982
15.42 -8.59974
15.45 -8.59965
15.48 -8.59957
15.51 -8.59949
15.54 -8.5994
15.57 -8.59932
15.6 -8.59924
15.63 -8.59915
15.66 -8.59907
15.69 -8.59899
15.72 -8.5989
15.75 -8.59882
15.78 -8.59874
15.81 -8.59865
15.84 -8.59857
15.87 -8.59849
15.9 -8.5984
15.93 -8.59832
15.96 -8.59824
15.99 -8.59815
16.02 -8.59807
16.05 -8.59799
16.08 -8.5979
16.11 -8.59782
16.14 -8.59774
16.17 -8.59765
16.2 -8.59757
16.23 -8.59749
16.26 -8.5974
16.29 -8.59732
16.32 -8.59724
16.35 -8.59716
16.38 -8.59707
16.41 -8.59699
16.44 -8.59691
16.47 -8.59682
16.5 -8.59674
16.53 -8.59666
16.56 -8.59658
16.59 -8.59649
16.62 -8.59641
16.65 -8.59633
16.68 -8.59625
16.71 -8.59616
16.74 -8.59608
16.77 -8.596
16.8 -8.59592
16.83 -8.59583
16.86 -8.59575
16.89 -8.59567
16.92 -8.59559
16.95 -8.5955
16.98 -8.59542
17.01 -8.59534
17.04 -8.59526
17.07 -8.59518
17.1 -8.59509
17.13 -8.59501
17.16 -8.59493
17.19 -8.59485
17.22 -8.59477
17.25 -8.59469
17.28 -8.5946
17.31 -8.59452
17.34 -8.59444
17.37 -8.59436
17.4 -8.59428
17.43 -8.5942
17.46 -8.59412
17.49 -8.59404
17.52 -8.59396
17.55 -8.59387
17.58 -8.59379
17.61 -8.59371
17.64 -8.59363
17.67 -8.59355
17.7 -8.59347
17.73 -8.59339
17.76 -8.59331
17.79 -8.59323
17.82 -8.59315
17.85 -8.59307
17.88 -8.59299
17.91 -8.59291
17.94 -8.59283
17.97 -8.59275
18 -8.59267
18.03 -8.59259
18.06 -8.59251
18.09 -8.59243
18.12 -8.59236
18.15 -8.59228
18.18 -8.5922
18.21 -8.59212
18.24 -8.59204
18.27 -8.59196
18.3 -8.59188
18.33 -8.5918
18.36 -8.59173
18.39 -8.59165
18.42 -8.59157
18.45 -8.59149
18.48 -8.59141
18.51 -8.59134
18.54 -8.59126
18.57 -8.59118
18.6 -8.59111
18.63 -8.59103
18.66 -8.59095
18.69 -8.59087
18.72 -8.5908
18.75 -8.59072
18.78 -8.59065
18.81 -8.59057
18.84 -8.59049
18.87 -8.59042
18.9 -8.59034
18.93 -8.59027
18.96 -8.59019
18.99 -8.59012
19.02 -8.59004
19.05 -8.58997
19.08 -8.58989
19.11 -8.58982
19.14 -8.58974
19.17 -8.58967
19.2 -8.58959
19.23 -8.58952
19.26 -8.58945
19.29 -8.58937
19.32 -8.5893
19.35 -8.58923
19.38 -8.58915
19.41 -8.58908
19.44 -8.58901
19.47 -8.58894
19.5 -8.58886
19.53 -8.58879
19.56 -8.58872
19.59 -8.58865
19.62 -8.58858
19.65 -8.58851
19.68 -8.58843
19.71 -8.58836
19.74 -8.58829
19.77 -8.58822
19.8 -8.58815
19.83 -8.58808
19.86 -8.58801
19.89 -8.58795
19.92 -8.58788
19.95 -8.58781
19.98 -8.58774
20.01 -8.58767
20.04 -8.5876
20.07 -8.58754
20.1 -8.58747
20.13 -8.5874
20.16 -8.58733
20.19 -8.58727
20.22 -8.5872
20.25 -8.58714
20.28 -8.58707
20.31 -8.587
20.34 -8.58694
20.37 -8.58687
20.4 -8.58681
20.43 -8.58675
20.46 -8.58668
20.49 -8.58662
20.52 -8.58655
20.55 -8.58649
20.58 -8.58643
20.61 -8.58637
20.64 -8.5863
20.67 -8.58624
20.7 -8.58618
20.73 -8.58612
20.76 -8.58606
20.79 -8.586
20.82 -8.58594
20.85 -8.58588
20.88 -8.58582
20.91 -8.58576
20.94 -8.5857
20.97 -8.58565
21 -8.58559
21.03 -8.58553
21.06 -8.58548
21.09 -8.58542
21.12 -8.58536
21.15 -8.58531
21.18 -8.58525
21.21 -8.5852
21.24 -8.58514
21.27 -8.58509
21.3 -8.58504
21.33 -8.58498
21.36 -8.58493
21.39 -8.58488
21.42 -8.58483
21.45 -8.58478
21.48 -8.58473
21.51 -8.58468
21.54 -8.58463
21.57 -8.58458
21.6 -8.58453
21.63 -8.58448
21.66 -8.58443
21.69 -8.58439
21.72 -8.58434
21.75 -8.5843
21.78 -8.58425
21.81 -8.58421
21.84 -8.58416
21.87 -8.58412
21.9 -8.58408
21.93 -8.58403
21.96 -8.58399
21.99 -8.58395
22.02 -8.58391
22.05 -8.58387
22.08 -8.58383
22.11 -8.58379
22.14 -8.58375
22.17 -8.58372
22.2 -8.58368
22.23 -8.58365
22.26 -8.58361
22.29 -8.58358
22.32 -8.58354
22.35 -8.58351
22.38 -8.58348
22.41 -8.58345
22.44 -8.58341
22.47 -8.58339
22.5 -8.58336
22.53 -8.58333
22.56 -8.5833
22.59 -8.58327
22.62 -8.58325
22.65 -8.58322
22.68 -8.5832
22.71 -8.58318
22.74 -8.58315
22.77 -8.58313
22.8 -8.58311
22.83 -8.58309
22.86 -8.58307
22.89 -8.58306
22.92 -8.58304
22.95 -8.58302
22.98 -8.58301
23.01 -8.58299
23.04 -8.58298
23.07 -8.58297
23.1 -8.58296
23.13 -8.58295
23.16 -8.58294
23.19 -8.58294
23.22 -8.58293
23.25 -8.58292
23.28 -8.58292
23.31 -8.58292
23.34 -8.58292
23.37 -8.58292
23.4 -8.58292
23.43 -8.58292
23.46 -8.58292
23.49 -8.58293
23.52 -8.58294
23.55 -8.58294
23.58 -8.58295
23.61 -8.58296
23.64 -8.58298
23.67 -8.58299
23.7 -8.583
23.73 -8.58302
23.76 -8.58304
23.79 -8.58306
23.82 -8.58308
23.85 -8.5831
23.88 -8.58313
23.91 -8.58315
23.94 -8.58318
23.97 -8.58321
24 -8.58324
24.03 -8.58328
24.06 -8.58331
24.09 -8.58335
24.12 -8.58339
24.15 -8.58343
24.18 -8.58347
24.21 -8.58351
24.24 -8.58356
24.27 -8.58361
24.3 -8.58366
24.33 -8.58371
24.36 -8.58377
24.39 -8.58382
24.42 -8.58388
24.45 -8.58395
24.48 -8.58401
24.51 -8.58408
24.54 -8.58414
24.57 -8.58422
24.6 -8.58429
24.63 -8.58436
24.66 -8.58444
24.69 -8.58452
24.72 -8.58461
24.75 -8.5847
24.78 -8.58479
24.81 -8.58488
24.84 -8.58497
24.87 -8.58507
24.9 -8.58517
24.93 -8.58528
24.96 -8.58538
24.99 -8.58549
25.02 -8.58561
25.05 -8.58572
25.08 -8.58584
25.11 -8.58597
25.14 -8.58609
25.17 -8.58622
25.2 -8.58636
25.23 -8.58649
25.26 -8.58664
25.29 -8.58678
25.32 -8.58693
25.35 -8.58708
25.38 -8.58724
25.41 -8.5874
25.44 -8.58756
25.47 -8.58773
25.5 -8.58791
25.53 -8.58808
25.56 -8.58826
25.59 -8.58845
25.62 -8.58864
25.65 -8.58884
25.68 -8.58904
25.71 -8.58924
25.74 -8.58945
25.77 -8.58967
25.8 -8.58988
25.83 -8.59011
25.86 -8.59034
25.89 -8.59058
25.92 -8.59082
25.95 -8.59106
25.98 -8.59131
26.01 -8.59157
26.04 -8.59184
26.07 -8.59211
26.1 -8.59238
26.13 -8.59266
26.16 -8.59295
26.19 -8.59324
26.22 -8.59354
26.25 -8.59385
26.28 -8.59417
26.31 -8.59449
26.34 -8.59481
26.37 -8.59515
26.4 -8.59549
26.43 -8.59584
26.46 -8.59619
26.49 -8.59656
26.52 -8.59693
26.55 -8.59731
26.58 -8.59769
26.61 -8.59809
26.64 -8.59849
26.67 -8.5989
26.7 -8.59932
26.73 -8.59975
26.76 -8.60019
26.79 -8.60063
26.82 -8.60108
26.85 -8.60155
26.88 -8.60202
26.91 -8.6025
26.94 -8.60299
26.97 -8.60349
27 -8.604
27.03 -8.60452
27.06 -8.60505
27.09 -8.60559
27.12 -8.60614
27.15 -8.6067
27.18 -8.60728
27.21 -8.60786
27.24 -8.60845
27.27 -8.60905
27.3 -8.60967
27.33 -8.61029
27.36 -8.61093
27.39 -8.61158
27.42 -8.61224
27.45 -8.61291
27.48 -8.6136
27.51 -8.61429
27.54 -8.615
27.57 -8.61572
27.6 -8.61646
27.63 -8.6172
27.66 -8.61796
27.69 -8.61873
27.72 -8.61952
27.75 -8.62032
27.78 -8.62113
27.81 -8.62195
27.84 -8.62279
27.87 -8.62364
27.9 -8.62451
27.93 -8.62538
27.96 -8.62628
27.99 -8.62718
28.02 -8.6281
28.05 -8.62904
28.08 -8.62999
28.11 -8.63095
28.14 -8.63193
28.17 -8.63292
28.2 -8.63393
28.23 -8.63495
28.26 -8.63599
28.29 -8.63704
28.32 -8.6381
28.35 -8.63919
28.38 -8.64028
28.41 -8.64139
28.44 -8.64252
28.47 -8.64366
28.5 -8.64481
28.53 -8.64598
28.56 -8.64716
28.59 -8.64836
28.62 -8.64958
28.65 -8.65081
28.68 -8.65205
28.71 -8.65331
28.74 -8.65458
28.77 -8.65587
28.8 -8.65717
28.83 -8.65849
28.86 -8.65982
28.89 -8.66116
28.92 -8.66252
28.95 -8.66389
28.98 -8.66528
29.01 -8.66668
29.04 -8.66809
29.07 -8.66951
29.1 -8.67095
29.13 -8.67241
29.16 -8.67387
29.19 -8.67535
29.22 -8.67684
29.25 -8.67834
29.28 -8.67985
29.31 -8.68138
29.34 -8.68292
29.37 -8.68446
29.4 -8.68602
29.43 -8.68759
29.46 -8.68917
29.49 -8.69076
29.52 -8.69236
29.55 -8.69397
29.58 -8.69559
29.61 -8.69721
29.64 -8.69885
29.67 -8.70049
29.7 -8.70214
29.73 -8.7038
29.76 -8.70546
29.79 -8.70714
29.82 -8.70882
29.85 -8.7105
29.88 -8.71219
29.91 -8.71389
29.94 -8.71559
29.97 -8.71729
30 -8.719
30.001 -10
