0 5
0.03 5.00617
0.06 5.00627
0.09 5.00638
0.12 5.00649
0.15 5.0066
0.18 5.00671
0.21 5.00682
0.24 5.00693
0.27 5.00704
0.3 5.00715
0.33 5.00726
0.36 5.00737
0.39 5.00748
0.42 5.00759
0.45 5.0077
0.48 5.00781
0.51 5.00792
0.54 5.00803
0.57 5.00814
0.6 5.00825
0.63 5.00836
0.66 5.00847
0.69 5.00858
0.72 5.00869
0.75 5.0088
0.78 5.00891
0.81 5.00902
0.84 5.00913
0.87 5.00925
0.9 5.00936
0.93 5.00947
0.96 5.00958
0.99 5.00969
1.02 5.0098
1.05 5.00992
1.08 5.01003
1.11 5.01014
1.14 5.01025
1.17 5.01036
1.2 5.01048
1.23 5.01059
1.26 5.0107
1.29 5.01082
1.32 5.01093
1.35 5.01104
1.38 5.01115
1.41 5.01127
1.44 5.01138
1.47 5.01149
1.5 5.01161
1.53 5.01172
1.56 5.01184
1.59 5.01195
1.62 5.01206
1.65 5.01218
1.68 5.01229
1.71 5.01241
1.74 5.01252
1.77 5.01263
1.8 5.01275
1.83 5.01286
1.86 5.01298
1.89 5.01309
1.92 5.01321
1.95 5.01332
1.98 5.01344
2.01 5.01355
2.04 5.01367
2.07 5.01379
2.1 5.0139
2.13 5.01402
2.16 5.01413
2.19 5.01425
2.22 5.01437
2.25 5.01448
2.28 5.0146
2.31 5.01471
2.34 5.01483
2.37 5.01495
2.4 5.01507
2.43 5.01518
2.46 5.0153
2.49 5.01542
2.52 5.01553
2.55 5.01565
2.58 5.01577
2.61 5.01589
2.64 5.016
2.67 5.01612
2.7 5.01624
2.73 5.01636
2.76 5.01648
2.79 5.0166
2.82 5.01671
2.85 5.01683
2.88 5.01695
2.91 5.01707
2.94 5.01719
2.97 5.01731
3 5.01743
3.03 5.01755
3.06 5.01767
3.09 5.01779
3.12 5.01791
3.15 5.01803
3.18 5.01815
3.21 5.01827
3.24 5.01839
3.27 5.01851
3.3 5.01863
3.33 5.01875
3.36 5.01887
3.39 5.01899
3.42 5.01911
3.45 5.01923
3.48 5.01935
3.51 5.01947
3.54 5.0196
3.57 5.01972
3.6 5.01984
3.63 5.01996
3.66 5.02008
3.69 5.02021
3.72 5.02033
3.75 5.02045
3.78 5.02057
3.81 5.0207
3.84 5.02082
3.87 5.02094
3.9 5.02107
3.93 5.02119
3.96 5.02131
3.99 5.02144
4.02 5.02156
4.05 5.02168
4.08 5.02181
4.11 5.02193
4.14 5.02206
4.17 5.02218
4.2 5.02231
4.23 5.02243
4.26 5.02255
4.29 5.02268
4.32 5.0228
4.35 5.02293
4.38 5.02306
4.41 5.02318
4.44 5.02331
4.47 5.02343
4.5 5.02356
4.53 5.02369
4.56 5.02381
4.59 5.02394
4.62 5.02406
4.65 5.02419
4.68 5.02432
4.71 5.02445
4.74 5.02457
4.77 5.0247
4.8 5.02483
4.83 5.02496
4.86 5.02508
4.89 5.02521
4.92 5.02534
4.95 5.02547
4.98 5.0256
5.01 5.02572
5.04 5.02585
5.07 5.02598
5.1 5.02611
5.13 5.02624
5.16 5.02637
5.19 5.0265
5.22 5.02663
5.25 5.02676
5.28 5.02689
5.31 5.02702
5.34 5.02715
5.37 5.02728
5.4 5.02741
5.43 5.02754
5.46 5.02767
5.49 5.0278
5.52 5.02794
5.55 5.02807
5.58 5.0282
5.61 5.02833
5.64 5.02846
5.67 5.0286
5.7 5.02873
5.73 5.02886
5.76 5.02899
5.79 5.02913
5.82 5.02926
5.85 5.02939
5.88 5.02953
5.91 5.02966
5.94 5.02979
5.97 5.02993
6 5.03006
6.03 5.0302
6.06 5.03033
6.09 5.03047
6.12 5.0306
6.15 5.03074
6.18 5.03087
6.21 5.03101
6.24 5.03114
6.27 5.03128
6.3 5.03142
6.33 5.03155
6.36 5.03169
6.39 5.03182
6.42 5.03196
6.45 5.0321
6.48 5.03224
6.51 5.03237
6.54 5.03251
6.57 5.03265
6.6 5.03279
6.63 5.03292
6.66 5.03306
6.69 5.0332
6.72 5.03334
6.75 5.03348
6.78 5.03362
6.81 5.03376
6.84 5.0339
6.87 5.03404
6.9 5.03418
6.93 5.03432
6.96 5.03446
6.99 5.0346
7.02 5.03474
7.05 5.03488
7.08 5.03502
7.11 5.03516
7.14 5.03531
7.17 5.03545
7.2 5.03559
7.23 5.03573
7.26 5.03587
7.29 5.03602
7.32 5.03616
7.35 5.0363
7.38 5.03645
7.41 5.03659
7.44 5.03673
7.47 5.03688
7.5 5.03702
7.53 5.03717
7.56 5.03731
7.59 5.03746
7.62 5.0376
7.65 5.03775
7.68 5.03789
7.71 5.03804
7.74 5.03819
7.77 5.03833
7.8 5.03848
7.83 5.03863
7.86 5.03877
7.89 5.03892
7.92 5.03907
7.95 5.03922
7.98 5.03936
8.01 5.03951
8.04 5.03966
8.07 5.03981
8.1 5.03996
8.13 5.04011
8.16 5.04026
8.19 5.04041
8.22 5.04056
8.25 5.04071
8.28 5.04086
8.31 5.04101
8.34 5.04116
8.37 5.04131
8.4 5.04146
8.43 5.04162
8.46 5.04177
8.49 5.04192
8.52 5.04207
8.55 5.04223
8.58 5.04238
8.61 5.04253
8.64 5.04269
8.67 5.04284
8.7 5.04299
8.73 5.04315
8.76 5.0433
8.79 5.04346
8.82 5.04361
8.85 5.04377
8.88 5.04393
8.91 5.04408
8.94 5.04424
8.97 5.0444
9 5.04455
9.03 5.04471
9.06 5.04487
9.09 5.04503
9.12 5.04518
9.15 5.04534
9.18 5.0455
9.21 5.04566
9.24 5.04582
9.27 5.04598
9.3 5.04614
9.33 5.0463
9.36 5.04646
9.39 5.04662
9.42 5.04678
9.45 5.04694
9.48 5.0471
9.51 5.04727
9.54 5.04743
9.57 5.04759
9.6 5.04775
9.63 5.04792
9.66 5.04808
9.69 5.04824
9.72 5.04841
9.75 5.04857
9.78 5.04874
9.81 5.0489
9.84 5.04907
9.87 5.04923
9.9 5.0494
9.93 5.04957
9.96 5.04973
9.99 5.0499
10.02 5.05007
10.05 5.05024
10.08 5.0504
10.11 5.05057
10.14 5.05074
10.17 5.05091
10.2 5.05108
10.23 5.05125
10.26 5.05142
10.29 5.05159
10.32 5.05176
10.35 5.05193
10.38 5.0521
10.41 5.05228
10.44 5.05245
10.47 5.05262
10.5 5.05279
10.53 5.05297
10.56 5.05314
10.59 5.05331
10.62 5.05349
10.65 5.05366
10.68 5.05384
10.71 5.05401
10.74 5.05419
10.77 5.05437
10.8 5.05454
10.83 5.05472
10.86 5.0549
10.89 5.05507
10.92 5.05525
10.95 5.05543
10.98 5.05561
11.01 5.05579
11.04 5.05597
11.07 5.05615
11.1 5.05633
11.13 5.05651
11.16 5.05669
11.19 5.05687
11.22 5.05705
11.25 5.05724
11.28 5.05742
11.31 5.0576
11.34 5.05779
11.37 5.05797
11.4 5.05815
11.43 5.05834
11.46 5.05852
11.49 5.05871
11.52 5.0589
11.55 5.05908
11.58 5.05927
11.61 5.05946
11.64 5.05964
11.67 5.05983
11.7 5.06002
11.73 5.06021
11.76 5.0604
11.79 5.06059
11.82 5.06078
11.85 5.06097
11.88 5.06116
11.91 5.06135
11.94 5.06154
11.97 5.06174
12 5.06193
12.03 5.06212
12.06 5.06232
12.09 5.06251
12.12 5.0627
12.15 5.0629
12.18 5.06309
12.21 5.06329
12.24 5.06349
12.27 5.06368
12.3 5.06388
12.33 5.06408
12.36 5.06428
12.39 5.06448
12.42 5.06468
12.45 5.06488
12.48 5.06508
12.51 5.06528
12.54 5.06548
12.57 5.06568
12.6 5.06588
12.63 5.06608
12.66 5.06629
12.69 5.06649
12.72 5.06669
12.75 5.0669
12.78 5.0671
12.81 5.06731
12.84 5.06752
12.87 5.06772
12.9 5.06793
12.93 5.06814
12.96 5.06835
12.99 5.06855
13.02 5.06876
13.05 5.06897
13.08 5.06918
13.11 5.06939
13.14 5.0696
13.17 5.06982
13.2 5.07003
13.23 5.07024
13.26 5.07045
13.29 5.07067
13.32 5.07088
13.35 5.0711
13.38 5.07131
13.41 5.07153
13.44 5.07175
13.47 5.07196
13.5 5.07218
13.53 5.0724
13.56 5.07262
13.59 5.07284
13.62 5.07306
13.65 5.07328
13.68 5.0735
13.71 5.07372
13.74 5.07394
13.77 5.07416
13.8 5.07439
13.83 5.07461
13.86 5.07484
13.89 5.07506
13.92 5.07529
13.95 5.07551
13.98 5.07574
14.01 5.07597
14.04 5.0762
14.07 5.07642
14.1 5.07665
14.13 5.07688
14.16 5.07711
14.19 5.07734
14.22 5.07758
14.25 5.07781
14.28 5.07804
14.31 5.07827
14.34 5.07851
14.37 5.07874
14.4 5.07898
14.43 5.07921
14.46 5.07945
14.49 5.07969
14.52 5.07993
14.55 5.08016
14.58 5.0804
14.61 5.08064
14.64 5.08088
14.67 5.08112
14.7 5.08137
14.73 5.08161
14.76 5.08185
14.79 5.08209
14.82 5.08234
14.85 5.08258
14.88 5.08283
14.91 5.08308
14.94 5.08332
14.97 5.08357
15 5.08382
15.03 5.08407
15.06 5.08432
15.09 5.08457
15.12 5.08482
15.15 5.08507
15.18 5.08532
15.21 5.08558
15.24 5.08583
15.27 5.08608
15.3 5.08634
15.33 5.0866
15.36 5.08685
15.39 5.08711
15.42 5.08737
15.45 5.08763
15.48 5.08789
15.51 5.08815
15.54 5.08841
15.57 5.08867
15.6 5.08893
15.63 5.08919
15.66 5.08946
15.69 5.08972
15.72 5.08999
15.75 5.09025
15.78 5.09052
15.81 5.09079
15.84 5.09106
15.87 5.09133
15.9 5.0916
15.93 5.09187
15.96 5.09214
15.99 5.09241
16.02 5.09268
16.05 5.09296
16.08 5.09323
16.11 5.09351
16.14 5.09378
16.17 5.09406
16.2 5.09434
16.23 5.09462
16.26 5.09489
16.29 5.09517
16.32 5.09546
16.35 5.09574
16.38 5.09602
16.41 5.0963
16.44 5.09659
16.47 5.09687
16.5 5.09716
16.53 5.09744
16.56 5.09773
16.59 5.09802
16.62 5.09831
16.65 5.0986
16.68 5.09889
16.71 5.09918
16.74 5.09947
16.77 5.09977
16.8 5.10006
16.83 5.10036
16.86 5.10065
16.89 5.10095
16.92 5.10125
16.95 5.10154
16.98 5.10184
17.01 5.10214
17.04 5.10245
17.07 5.10275
17.1 5.10305
17.13 5.10335
17.16 5.10366
17.19 5.10396
17.22 5.10427
17.25 5.10458
17.28 5.10489
17.31 5.1052
17.34 5.10551
17.37 5.10582
17.4 5.10613
17.43 5.10644
17.46 5.10676
17.49 5.10707
17.52 5.10739
17.55 5.1077
17.58 5.10802
17.61 5.10834
17.64 5.10866
17.67 5.10898
17.7 5.1093
17.73 5.10962
17.76 5.10995
17.79 5.11027
17.82 5.11059
17.85 5.11092
17.88 5.11125
17.91 5.11158
17.94 5.11191
17.97 5.11224
18 5.11257
18.03 5.1129
18.06 5.11323
18.09 5.11357
18.12 5.1139
18.15 5.11424
18.18 5.11458
18.21 5.11491
18.24 5.11525
18.27 5.11559
18.3 5.11594
18.33 5.11628
18.36 5.11662
18.39 5.11697
18.42 5.11731
18.45 5.11766
18.48 5.11801
18.51 5.11835
18.54 5.1187
18.57 5.11906
18.6 5.11941
18.63 5.11976
18.66 5.12012
18.69 5.12047
18.72 5.12083
18.75 5.12118
18.78 5.12154
18.81 5.1219
18.84 5.12226
18.87 5.12263
18.9 5.12299
18.93 5.12335
18.96 5.12372
18.99 5.12409
19.02 5.12445
19.05 5.12482
19.08 5.12519
19.11 5.12556
19.14 5.12594
19.17 5.12631
19.2 5.12669
19.23 5.12706
19.26 5.12744
19.29 5.12782
19.32 5.1282
19.35 5.12858
19.38 5.12896
19.41 5.12934
19.44 5.12973
19.47 5.13011
19.5 5.1305
19.53 5.13089
19.56 5.13128
19.59 5.13167
19.62 5.13206
19.65 5.13246
19.68 5.13285
19.71 5.13325
19.74 5.13364
19.77 5.13404
19.8 5.13444
19.83 5.13484
19.86 5.13525
19.89 5.13565
19.92 5.13606
19.95 5.13646
19.98 5.13687
20.01 5.13728
20.04 5.13769
20.07 5.1381
20.1 5.13852
20.13 5.13893
20.16 5.13935
20.19 5.13976
20.22 5.14018
20.25 5.1406
20.28 5.14103
20.31 5.14145
20.34 5.14187
20.37 5.1423
20.4 5.14273
20.43 5.14316
20.46 5.14359
20.49 5.14402
20.52 5.14446
20.55 5.14489
20.58 5.14533
20.61 5.14577
20.64 5.14621
20.67 5.14665
20.7 5.14709
20.73 5.14754
20.76 5.14798
20.79 5.14843
20.82 5.14888
20.85 5.14933
20.88 5.14978
20.91 5.15024
20.94 5.15069
20.97 5.15115
21 5.15161
21.03 5.15207
21.06 5.15254
21.09 5.153
21.12 5.15347
21.15 5.15394
21.18 5.15441
21.21 5.15488
21.24 5.15535
21.27 5.15583
21.3 5.1563
21.33 5.15678
21.36 5.15726
21.39 5.15775
21.42 5.15823
21.45 5.15872
21.48 5.15921
21.51 5.1597
21.54 5.16019
21.57 5.16068
21.6 5.16118
21.63 5.16168
21.66 5.16218
21.69 5.16268
21.72 5.16318
21.75 5.16369
21.78 5.1642
21.81 5.16471
21.84 5.16522
21.87 5.16574
21.9 5.16625
21.93 5.16677
21.96 5.16729
21.99 5.16782
22.02 5.16834
22.05 5.16887
22.08 5.1694
22.11 5.16993
22.14 5.17047
22.17 5.17101
22.2 5.17155
22.23 5.17209
22.26 5.17263
22.29 5.17318
22.32 5.17373
22.35 5.17428
22.38 5.17484
22.41 5.17539
22.44 5.17595
22.47 5.17652
22.5 5.17708
22.53 5.17765
22.56 5.17822
22.59 5.17879
22.62 5.17937
22.65 5.17995
22.68 5.18053
22.71 5.18111
22.74 5.1817
22.77 5.18229
22.8 5.18288
22.83 5.18348
22.86 5.18408
22.89 5.18468
22.92 5.18528
22.95 5.18589
22.98 5.1865
23.01 5.18712
23.04 5.18773
23.07 5.18835
23.1 5.18898
23.13 5.1896
23.16 5.19024
23.19 5.19087
23.22 5.19151
23.25 5.19215
23.28 5.19279
23.31 5.19344
23.34 5.19409
23.37 5.19475
23.4 5.19541
23.43 5.19607
23.46 5.19673
23.49 5.1974
23.52 5.19808
23.55 5.19876
23.58 5.19944
23.61 5.20012
23.64 5.20081
23.67 5.20151
23.7 5.20221
23.73 5.20291
23.76 5.20362
23.79 5.20433
23.82 5.20504
23.85 5.20576
23.88 5.20649
23.91 5.20722
23.94 5.20795
23.97 5.20869
24 5.20943
24.03 5.21018
24.06 5.21093
24.09 5.21169
24.12 5.21245
24.15 5.21322
24.18 5.21399
24.21 5.21477
24.24 5.21555
24.27 5.21634
24.3 5.21713
24.33 5.21793
24.36 5.21874
24.39 5.21955
24.42 5.22036
24.45 5.22118
24.48 5.22201
24.51 5.22284
24.54 5.22368
24.57 5.22453
24.6 5.22538
24.63 5.22624
24.66 5.2271
24.69 5.22797
24.72 5.22885
24.75 5.22973
24.78 5.23062
24.81 5.23151
24.84 5.23242
24.87 5.23333
24.9 5.23424
24.93 5.23517
24.96 5.2361
24.99 5.23703
25.02 5.23798
25.05 5.23893
25.08 5.23989
25.11 5.24086
25.14 5.24183
25.17 5.24282
25.2 5.24381
25.23 5.24481
25.26 5.24581
25.29 5.24683
25.32 5.24785
25.35 5.24888
25.38 5.24992
25.41 5.25097
25.44 5.25203
25.47 5.25309
25.5 5.25417
25.53 5.25525
25.56 5.25634
25.59 5.25745
25.62 5.25856
25.65 5.25968
25.68 5.26081
25.71 5.26195
25.74 5.2631
25.77 5.26426
25.8 5.26542
25.83 5.2666
25.86 5.26779
25.89 5.26899
25.92 5.2702
25.95 5.27142
25.98 5.27265
26.01 5.27389
26.04 5.27515
26.07 5.27641
26.1 5.27768
26.13 5.27897
26.16 5.28027
26.19 5.28157
26.22 5.28289
26.25 5.28422
26.28 5.28557
26.31 5.28692
26.34 5.28829
26.37 5.28967
26.4 5.29106
26.43 5.29246
26.46 5.29387
26.49 5.2953
26.52 5.29674
26.55 5.29819
26.58 5.29965
26.61 5.30113
26.64 5.30262
26.67 5.30412
26.7 5.30564
26.73 5.30716
26.76 5.3087
26.79 5.31026
26.82 5.31183
26.85 5.31341
26.88 5.315
26.91 5.31661
26.94 5.31823
26.97 5.31986
27 5.32151
27.03 5.32317
27.06 5.32484
27.09 5.32653
27.12 5.32823
27.15 5.32994
27.18 5.33167
27.21 5.33341
27.24 5.33517
27.27 5.33693
27.3 5.33872
27.33 5.34051
27.36 5.34232
27.39 5.34414
27.42 5.34597
27.45 5.34782
27.48 5.34968
27.51 5.35156
27.54 5.35344
27.57 5.35534
27.6 5.35725
27.63 5.35918
27.66 5.36112
27.69 5.36307
27.72 5.36503
27.75 5.367
27.78 5.36898
27.81 5.37098
27.84 5.37299
27.87 5.37501
27.9 5.37704
27.93 5.37908
27.96 5.38113
27.99 5.38319
28.02 5.38527
28.05 5.38735
28.08 5.38944
28.11 5.39154
28.14 5.39365
28.17 5.39577
28.2 5.39789
28.23 5.40003
28.26 5.40217
28.29 5.40432
28.32 5.40647
28.35 5.40864
28.38 5.4108
28.41 5.41298
28.44 5.41516
28.47 5.41734
28.5 5.41953
28.53 5.42172
28.56 5.42392
28.59 5.42612
28.62 5.42832
28.65 5.43053
28.68 5.43273
28.71 5.43494
28.74 5.43715
28.77 5.43936
28.8 5.44157
28.83 5.44378
28.86 5.44598
28.89 5.44819
28.92 5.45039
28.95 5.45259
28.98 5.45479
29.01 5.45698
29.04 5.45917
29.07 5.46136
29.1 5.46354
29.13 5.46571
29.16 5.46788
29.19 5.47004
29.22 5.47219
29.25 5.47434
29.28 5.47648
29.31 5.47861
29.34 5.48073
29.37 5.48284
29.4 5.48494
29.43 5.48703
29.46 5.48911
29.49 5.49118
29.52 5.49324
29.55 5.49528
29.58 5.49731
29.61 5.49933
29.64 5.50134
29.67 5.50333
29.7 5.50531
29.73 5.50727
29.76 5.50922
29.79 5.51115
29.82 5.51307
29.85 5.51497
29.88 5.51686
29.91 5.51873
29.94 5.52058
29.97 5.52242
30 5.52424
30.001 5
