0 -10
0.03 -8.92485
0.06 -8.92481
0.09 -8.92476
0.12 -8.92472
0.15 -8.92467
0.18 -8.92463
0.21 -8.92458
0.24 -8.92454
0.27 -8.92449
0.3 -8.92445
0.33 -8.9244
0.36 -8.92436
0.39 -8.92431
0.42 -8.92426
0.45 -8.92422
0.48 -8.92417
0.51 -8.92412
0.54 -8.92408
0.57 -8.92403
0.6 -8.92398
0.63 -8.92393
0.66 -8.92388
0.69 -8.92384
0.72 -8.92379
0.75 -8.92374
0.78 -8.92369
0.81 -8.92364
0.84 -8.92359
0.87 -8.92354
0.9 -8.92349
0.93 -8.92344
0.96 -8.92339
0.99 -8.92334
1.02 -8.92329
1.05 -8.92324
1.08 -8.92318
1.11 -8.92313
1.14 -8.92308
1.17 -8.92303
1.2 -8.92298
1.23 -8.92292
1.26 -8.92287
1.29 -8.92282
1.32 -8.92276
1.35 -8.92271
1.38 -8.92266
1.41 -8.9226
1.44 -8.92255
1.47 -8.92249
1.5 -8.92244
1.53 -8.92238
1.56 -8.92233
1.59 -8.92227
1.62 -8.92222
1.65 -8.92216
1.68 -8.9221
1.71 -8.92205
1.74 -8.92199
1.77 -8.92193
1.8 -8.92187
1.83 -8.92182
1.86 -8.92176
1.89 -8.9217
1.92 -8.92164
1.95 -8.92158
1.98 -8.92152
2.01 -8.92146
2.04 -8.9214
2.07 -8.92134
2.1 -8.92128
2.13 -8.92122
2.16 -8.92116
2.19 -8.9211
2.22 -8.92104
2.25 -8.92097
2.28 -8.92091
2.31 -8.92085
2.34 -8.92079
2.37 -8.92072
2.4 -8.92066
2.43 -8.92059
2.46 -8.92053
2.49 -8.92047
2.52 -8.9204
2.55 -8.92034
2.58 -8.92027
2.61 -8.9202
2.64 -8.92014
2.67 -8.92007
2.7 -8.92
2.73 -8.91994
2.76 -8.91987
2.79 -8.9198
2.82 -8.91973
2.85 -8.91966
2.88 -8.91959
2.91 -8.91953
2.94 -8.91946
2.97 -8.91939
3 -8.91931
3.03 -8.91924
3.06 -8.91917
3.09 -8.9191
3.12 -8.91903
3.15 -8.91896
3.18 -8.91888
3.21 -8.91881
3.24 -8.91874
3.27 -8.91866
3.3 -8.91859
3.33 -8.91851
3.36 -8.91844
3.39 -8.91836
3.42 -8.91829
3.45 -8.91821
3.48 -8.91813
3.51 -8.91806
3.54 -8.91798
3.57 -8.9179
3.6 -8.91782
3.63 -8.91774
3.66 -8.91767
3.69 -8.91759
3.72 -8.91751
3.75 -8.91743
3.78 -8.91734
3.81 -8.91726
3.84 -8.91718
3.87 -8.9171
3.9 -8.91702
3.93 -8.91693
3.96 -8.91685
3.99 -8.91677
4.02 -8.91668
4.05 -8.9166
4.08 -8.91651
4.11 -8.91642
4.14 -8.91634
4.17 -8.91625
4.2 -8.91616
4.23 -8.91608
4.26 -8.91599
4.29 -8.9159
4.32 -8.91581
4.35 -8.91572
4.38 -8.91563
4.41 -8.91554
4.44 -8.91545
4.47 -8.91536
4.5 -8.91526
4.53 -8.91517
4.56 -8.91508
4.59 -8.91498
4.62 -8.91489
4.65 -8.9148
4.68 -8.9147
4.71 -8.9146
4.74 -8.91451
4.77 -8.91441
4.8 -8.91431
4.83 -8.91421
4.86 -8.91412
4.89 -8.91402
4.92 -8.91392
4.95 -8.91382
4.98 -8.91372
5.01 -8.91361
5.04 -8.91351
5.07 -8.91341
5.1 -8.91331
5.13 -8.9132
5.16 -8.9131
5.19 -8.91299
5.22 -8.91289
5.25 -8.91278
5.28 -8.91267
5.31 -8.91257
5.34 -8.91246
5.37 -8.91235
5.4 -8.91224
5.43 -8.91213
5.46 -8.91202
5.49 -8.91191
5.52 -8.9118
5.55 -8.91169
5.58 -8.91157
5.61 -8.91146
5.64 -8.91134
5.67 -8.91123
5.7 -8.91111
5.73 -8.911
5.76 -8.91088
5.79 -8.91076
5.82 -8.91064
5.85 -8.91052
5.88 -8.9104
5.91 -8.91028
5.94 -8.91016
5.97 -8.91004
6 -8.90992
6.03 -8.9098
6.06 -8.90967
6.09 -8.90955
6.12 -8.90942
6.15 -8.90929
6.18 -8.90917
6.21 -8.90904
6.24 -8.90891
6.27 -8.90878
6.3 -8.90865
6.33 -8.90852
6.36 -8.90839
6.39 -8.90826
6.42 -8.90812
6.45 -8.90799
6.48 -8.90785
6.51 -8.90772
6.54 -8.90758
6.57 -8.90745
6.6 -8.90731
6.63 -8.90717
6.66 -8.90703
6.69 -8.90689
6.72 -8.90675
6.75 -8.90661
6.78 -8.90646
6.81 -8.90632
6.84 -8.90617
6.87 -8.90603
6.9 -8.90588
6.93 -8.90573
6.96 -8.90559
6.99 -8.90544
7.02 -8.90529
7.05 -8.90514
7.08 -8.90498
7.11 -8.90483
7.14 -8.90468
7.17 -8.90452
7.2 -8.90437
7.23 -8.90421
7.26 -8.90405
7.29 -8.9039
7.32 -8.90374
7.35 -8.90358
7.38 -8.90341
7.41 -8.90325
7.44 -8.90309
7.47 -8.90292
7.5 -8.90276
7.53 -8.90259
7.56 -8.90243
7.59 -8.90226
7.62 -8.90209
7.65 -8.90192
7.68 -8.90175
7.71 -8.90158
7.74 -8.9014
7.77 -8.90123
7.8 -8.90105
7.83 -8.90088
7.86 -8.9007
7.89 -8.90052
7.92 -8.90034
7.95 -8.90016
7.98 -8.89998
8.01 -8.89979
8.04 -8.89961
8.07 -8.89942
8.1 -8.89924
8.13 -8.89905
8.16 -8.89886
8.19 -8.89867
8.22 -8.89848
8.25 -8.89829
8.28 -8.89809
8.31 -8.8979
8.34 -8.8977
8.37 -8.89751
8.4 -8.89731
8.43 -8.89711
8.46 -8.89691
8.49 -8.89671
8.52 -8.8965
8.55 -8.8963
8.58 -8.89609
8.61 -8.89589
8.64 -8.89568
8.67 -8.89547
8.7 -8.89526
8.73 -8.89505
8.76 -8.89483
8.79 -8.89462
8.82 -8.8944
8.85 -8.89419
8.88 -8.89397
8.91 -8.89375
8.94 -8.89353
8.97 -8.8933
9 -8.89308
9.03 -8.89285
9.06 -8.89263
9.09 -8.8924
9.12 -8.89217
9.15 -8.89194
9.18 -8.89171
9.21 -8.89147
9.24 -8.89124
9.27 -8.891
9.3 -8.89076
9.33 -8.89052
9.36 -8.89028
9.39 -8.89004
9.42 -8.8898
9.45 -8.88955
9.48 -8.8893
9.51 -8.88905
9.54 -8.8888
9.57 -8.88855
9.6 -8.8883
9.63 -8.88805
9.66 -8.88779
9.69 -8.88753
9.72 -8.88727
9.75 -8.88701
9.78 -8.88675
9.81 -8.88648
9.84 -8.88622
9.87 -8.88595
9.9 -8.88568
9.93 -8.88541
9.96 -8.88514
9.99 -8.88486
10.02 -8.88459
10.05 -8.88431
10.08 -8.88403
10.11 -8.88375
10.14 -8.88347
10.17 -8.88318
10.2 -8.8829
10.23 -8.88261
10.26 -8.88232
10.29 -8.88203
10.32 -8.88174
10.35 -8.88144
10.38 -8.88115
10.41 -8.88085
10.44 -8.88055
10.47 -8.88024
10.5 -8.87994
10.53 -8.87964
10.56 -8.87933
10.59 -8.87902
10.62 -8.87871
10.65 -8.87839
10.68 -8.87808
10.71 -8.87776
10.74 -8.87744
10.77 -8.87712
10.8 -8.8768
10.83 -8.87647
10.86 -8.87615
10.89 -8.87582
10.92 -8.87549
10.95 -8.87515
10.98 -8.87482
11.01 -8.87448
11.04 -8.87414
11.07 -8.8738
11.1 -8.87346
11.13 -8.87311
11.16 -8.87277
11.19 -8.87242
11.22 -8.87207
11.25 -8.87171
11.28 -8.87136
11.31 -8.871
11.34 -8.87064
11.37 -8.87028
11.4 -8.86991
11.43 -8.86955
11.46 -8.86918
11.49 -8.86881
11.52 -8.86844
11.55 -8.86806
11.58 -8.86768
11.61 -8.8673
11.64 -8.86692
11.67 -8.86654
11.7 -8.86615
11.73 -8.86576
11.76 -8.86537
11.79 -8.86498
11.82 -8.86458
11.85 -8.86418
11.88 -8.86378
11.91 -8.86338
11.94 -8.86298
11.97 -8.86257
12 -8.86216
12.03 -8.86175
12.06 -8.86133
12.09 -8.86091
12.12 -8.86049
12.15 -8.86007
12.18 -8.85965
12.21 -8.85922
12.24 -8.85879
12.27 -8.85836
12.3 -8.85792
12.33 -8.85749
12.36 -8.85705
12.39 -8.8566
12.42 -8.85616
12.45 -8.85571
12.48 -8.85526
12.51 -8.85481
12.54 -8.85435
12.57 -8.8539
12.6 -8.85344
12.63 -8.85297
12.66 -8.85251
12.69 -8.85204
12.72 -8.85157
12.75 -8.85109
12.78 -8.85062
12.81 -8.85014
12.84 -8.84965
12.87 -8.84917
12.9 -8.84868
12.93 -8.84819
12.96 -8.8477
12.99 -8.8472
13.02 -8.8467
13.05 -8.8462
13.08 -8.8457
13.11 -8.84519
13.14 -8.84468
13.17 -8.84416
13.2 -8.84365
13.23 -8.84313
13.26 -8.84261
13.29 -8.84208
13.32 -8.84155
13.35 -8.84102
13.38 -8.84049
13.41 -8.83995
13.44 -8.83941
13.47 -8.83887
13.5 -8.83832
13.53 -8.83777
13.56 -8.83722
13.59 -8.83667
13.62 -8.83611
13.65 -8.83555
13.68 -8.83498
13.71 -8.83442
13.74 -8.83385
13.77 -8.83327
13.8 -8.8327
13.83 -8.83212
13.86 -8.83153
13.89 -8.83095
13.92 -8.83036
13.95 -8.82977
13.98 -8.82917
14.01 -8.82857
14.04 -8.82797
14.07 -8.82736
14.1 -8.82676
14.13 -8.82614
14.16 -8.82553
14.19 -8.82491
14.22 -8.82429
14.25 -8.82366
14.28 -8.82304
14.31 -8.8224
14.34 -8.82177
14.37 -8.82113
14.4 -8.82049
14.43 -8.81985
14.46 -8.8192
14.49 -8.81855
14.52 -8.81789
14.55 -8.81723
14.58 -8.81657
14.61 -8.81591
14.64 -8.81524
14.67 -8.81456
14.7 -8.81389
14.73 -8.81321
14.76 -8.81253
14.79 -8.81184
14.82 -8.81115
14.85 -8.81046
14.88 -8.80976
14.91 -8.80906
14.94 -8.80836
14.97 -8.80765
15 -8.80694
15.03 -8.80623
15.06 -8.80551
15.09 -8.80479
15.12 -8.80407
15.15 -8.80334
15.18 -8.80261
15.21 -8.80188
15.24 -8.80114
15.27 -8.8004
15.3 -8.79965
15.33 -8.7989
15.36 -8.79815
15.39 -8.79739
15.42 -8.79663
15.45 -8.79587
15.48 -8.7951
15.51 -8.79433
15.54 -8.79356
15.57 -8.79278
15.6 -8.792
15.63 -8.79122
15.66 -8.79043
15.69 -8.78964
15.72 -8.78884
15.75 -8.78804
15.78 -8.78724
15.81 -8.78643
15.84 -8.78562
15.87 -8.78481
15.9 -8.784
15.93 -8.78318
15.96 -8.78235
15.99 -8.78152
16.02 -8.78069
16.05 -8.77986
16.08 -8.77902
16.11 -8.77818
16.14 -8.77734
16.17 -8.77649
16.2 -8.77564
16.23 -8.77478
16.26 -8.77392
16.29 -8.77306
16.32 -8.7722
16.35 -8.77133
16.38 -8.77046
16.41 -8.76958
16.44 -8.7687
16.47 -8.76782
16.5 -8.76693
16.53 -8.76604
16.56 -8.76515
16.59 -8.76426
16.62 -8.76336
16.65 -8.76245
16.68 -8.76155
16.71 -8.76064
16.74 -8.75973
16.77 -8.75881
16.8 -8.75789
16.83 -8.75697
16.86 -8.75605
16.89 -8.75512
16.92 -8.75419
16.95 -8.75325
16.98 -8.75232
17.01 -8.75138
17.04 -8.75043
17.07 -8.74949
17.1 -8.74854
17.13 -8.74759
17.16 -8.74663
17.19 -8.74567
17.22 -8.74471
17.25 -8.74375
17.28 -8.74278
17.31 -8.74181
17.34 -8.74084
17.37 -8.73987
17.4 -8.73889
17.43 -8.73791
17.46 -8.73693
17.49 -8.73595
17.52 -8.73496
17.55 -8.73397
17.58 -8.73298
17.61 -8.73198
17.64 -8.73099
17.67 -8.72999
17.7 -8.72899
17.73 -8.72798
17.76 -8.72698
17.79 -8.72597
17.82 -8.72496
17.85 -8.72395
17.88 -8.72293
17.91 -8.72192
17.94 -8.7209
17.97 -8.71988
18 -8.71886
18.03 -8.71783
18.06 -8.71681
18.09 -8.71578
18.12 -8.71475
18.15 -8.71372
18.18 -8.71269
18.21 -8.71166
18.24 -8.71063
18.27 -8.70959
18.3 -8.70855
18.33 -8.70752
18.36 -8.70648
18.39 -8.70544
18.42 -8.7044
18.45 -8.70335
18.48 -8.70231
18.51 -8.70127
18.54 -8.70022
18.57 -8.69917
18.6 -8.69813
18.63 -8.69708
18.66 -8.69603
18.69 -8.69498
18.72 -8.69394
18.75 -8.69289
18.78 -8.69184
18.81 -8.69079
18.84 -8.68974
18.87 -8.68869
18.9 -8.68763
18.93 -8.68658
18.96 -8.68553
18.99 -8.68448
19.02 -8.68343
19.05 -8.68238
19.08 -8.68133
19.11 -8.68028
19.14 -8.67923
19.17 -8.67818
19.2 -8.67713
19.23 -8.67608
19.26 -8.67504
19.29 -8.67399
19.32 -8.67294
19.35 -8.6719
19.38 -8.67085
19.41 -8.66981
19.44 -8.66876
19.47 -8.66772
19.5 -8.66668
19.53 -8.66564
19.56 -8.6646
19.59 -8.66356
19.62 -8.66253
19.65 -8.66149
19.68 -8.66046
19.71 -8.65942
19.74 -8.65839
19.77 -8.65736
19.8 -8.65633
19.83 -8.65531
19.86 -8.65428
19.89 -8.65326
19.92 -8.65224
19.95 -8.65122
19.98 -8.6502
20.01 -8.64918
20.04 -8.64817
20.07 -8.64716
20.1 -8.64615
20.13 -8.64514
20.16 -8.64413
20.19 -8.64313
20.22 -8.64212
20.25 -8.64112
20.28 -8.64013
20.31 -8.63913
20.34 -8.63814
20.37 -8.63714
20.4 -8.63615
20.43 -8.63517
20.46 -8.63418
20.49 -8.6332
20.52 -8.63222
20.55 -8.63124
20.58 -8.63027
20.61 -8.6293
20.64 -8.62833
20.67 -8.62736
20.7 -8.62639
20.73 -8.62543
20.76 -8.62447
20.79 -8.62351
20.82 -8.62255
20.85 -8.6216
20.88 -8.62065
20.91 -8.6197
20.94 -8.61876
20.97 -8.61782
21 -8.61687
21.03 -8.61594
21.06 -8.615
21.09 -8.61407
21.12 -8.61314
21.15 -8.61221
21.18 -8.61129
21.21 -8.61036
21.24 -8.60944
21.27 -8.60852
21.3 -8.60761
21.33 -8.6067
21.36 -8.60578
21.39 -8.60488
21.42 -8.60397
21.45 -8.60307
21.48 -8.60217
21.51 -8.60127
21.54 -8.60037
21.57 -8.59948
21.6 -8.59858
21.63 -8.59769
21.66 -8.59681
21.69 -8.59592
21.72 -8.59504
21.75 -8.59415
21.78 -8.59327
21.81 -8.5924
21.84 -8.59152
21.87 -8.59065
21.9 -8.58978
21.93 -8.58891
21.96 -8.58804
21.99 -8.58717
22.02 -8.58631
22.05 -8.58544
22.08 -8.58458
22.11 -8.58372
22.14 -8.58286
22.17 -8.58201
22.2 -8.58115
22.23 -8.5803
22.26 -8.57944
22.29 -8.57859
22.32 -8.57774
22.35 -8.57689
22.38 -8.57605
22.41 -8.5752
22.44 -8.57435
22.47 -8.57351
22.5 -8.57266
22.53 -8.57182
22.56 -8.57098
22.59 -8.57013
22.62 -8.56929
22.65 -8.56845
22.68 -8.56761
22.71 -8.56677
22.74 -8.56593
22.77 -8.56509
22.8 -8.56425
22.83 -8.56341
22.86 -8.56257
22.89 -8.56173
22.92 -8.56089
22.95 -8.56005
22.98 -8.55921
23.01 -8.55837
23.04 -8.55753
23.07 -8.55669
23.1 -8.55585
23.13 -8.55501
23.16 -8.55416
23.19 -8.55332
23.22 -8.55248
23.25 -8.55163
23.28 -8.55078
23.31 -8.54994
23.34 -8.54909
23.37 -8.54824
23.4 -8.54739
23.43 -8.54653
23.46 -8.54568
23.49 -8.54483
23.52 -8.54397
23.55 -8.54311
23.58 -8.54225
23.61 -8.54139
23.64 -8.54053
23.67 -8.53966
23.7 -8.5388
23.73 -8.53793
23.76 -8.53706
23.79 -8.53619
23.82 -8.53532
23.85 -8.53445
23.88 -8.53357
23.91 -8.5327
23.94 -8.53182
23.97 -8.53094
24 -8.53007
24.03 -8.52919
24.06 -8.52831
24.09 -8.52743
24.12 -8.52654
24.15 -8.52566
24.18 -8.52478
24.21 -8.5239
24.24 -8.52303
24.27 -8.52215
24.3 -8.52127
24.33 -8.5204
24.36 -8.51953
24.39 -8.51867
24.42 -8.51781
24.45 -8.51695
24.48 -8.5161
24.51 -8.51525
24.54 -8.51442
24.57 -8.51359
24.6 -8.51277
24.63 -8.51196
24.66 -8.51117
24.69 -8.51038
24.72 -8.50961
24.75 -8.50886
24.78 -8.50813
24.81 -8.50741
24.84 -8.50671
24.87 -8.50604
24.9 -8.5054
24.93 -8.50478
24.96 -8.50418
24.99 -8.50363
25.02 -8.5031
25.05 -8.50261
25.08 -8.50216
25.11 -8.50175
25.14 -8.50139
25.17 -8.50107
25.2 -8.5008
25.23 -8.50059
25.26 -8.50042
25.29 -8.50032
25.32 -8.50028
25.35 -8.50031
25.38 -8.5004
25.41 -8.50056
25.44 -8.50079
25.47 -8.5011
25.5 -8.50148
25.53 -8.50194
25.56 -8.50249
25.59 -8.50312
25.62 -8.50383
25.65 -8.50463
25.68 -8.50552
25.71 -8.5065
25.74 -8.50757
25.77 -8.50873
25.8 -8.50998
25.83 -8.51131
25.86 -8.51274
25.89 -8.51426
25.92 -8.51586
25.95 -8.51756
25.98 -8.51933
26.01 -8.52119
26.04 -8.52314
26.07 -8.52516
26.1 -8.52725
26.13 -8.52942
26.16 -8.53166
26.19 -8.53397
26.22 -8.53634
26.25 -8.53877
26.28 -8.54126
26.31 -8.5438
26.34 -8.54639
26.37 -8.54903
26.4 -8.55171
26.43 -8.55443
26.46 -8.55718
26.49 -8.55996
26.52 -8.56277
26.55 -8.5656
26.58 -8.56845
26.61 -8.57132
26.64 -8.5742
26.67 -8.5771
26.7 -8.57999
26.73 -8.5829
26.76 -8.5858
26.79 -8.5887
26.82 -8.59159
26.85 -8.59448
26.88 -8.59736
26.91 -8.60023
26.94 -8.60308
26.97 -8.60591
27 -8.60873
27.03 -8.61153
27.06 -8.61431
27.09 -8.61706
27.12 -8.61979
27.15 -8.62249
27.18 -8.62517
27.21 -8.62781
27.24 -8.63043
27.27 -8.63302
27.3 -8.63558
27.33 -8.63811
27.36 -8.64061
27.39 -8.64307
27.42 -8.6455
27.45 -8.6479
27.48 -8.65026
27.51 -8.6526
27.54 -8.65489
27.57 -8.65716
27.6 -8.65939
27.63 -8.66158
27.66 -8.66375
27.69 -8.66588
27.72 -8.66797
27.75 -8.67003
27.78 -8.67206
27.81 -8.67406
27.84 -8.67602
27.87 -8.67795
27.9 -8.67985
27.93 -8.68172
27.96 -8.68355
27.99 -8.68536
28.02 -8.68713
28.05 -8.68887
28.08 -8.69059
28.11 -8.69227
28.14 -8.69392
28.17 -8.69555
28.2 -8.69715
28.23 -8.69872
28.26 -8.70026
28.29 -8.70178
28.32 -8.70327
28.35 -8.70473
28.38 -8.70617
28.41 -8.70758
28.44 -8.70897
28.47 -8.71033
28.5 -8.71167
28.53 -8.71299
28.56 -8.71429
28.59 -8.71556
28.62 -8.71681
28.65 -8.71804
28.68 -8.71924
28.71 -8.72043
28.74 -8.7216
28.77 -8.72274
28.8 -8.72387
28.83 -8.72498
28.86 -8.72607
28.89 -8.72714
28.92 -8.72819
28.95 -8.72923
28.98 -8.73024
29.01 -8.73124
29.04 -8.73223
29.07 -8.7332
29.1 -8.73415
29.13 -8.73509
29.16 -8.73601
29.19 -8.73691
29.22 -8.73781
29.25 -8.73868
29.28 -8.73955
29.31 -8.7404
29.34 -8.74123
29.37 -8.74206
29.4 -8.74287
29.43 -8.74366
29.46 -8.74445
29.49 -8.74522
29.52 -8.74598
29.55 -8.74673
29.58 -8.74747
29.61 -8.7482
29.64 -8.74892
29.67 -8.74962
29.7 -8.75032
29.73 -8.751
29.76 -8.75168
29.79 -8.75234
29.82 -8.753
29.85 -8.75364
29.88 -8.75428
29.91 -8.75491
29.94 -8.75553
29.97 -8.75614
30 -8.75674
30.001 -10
