0 0
0.03 0.214254
0.06 0.214389
0.09 0.214524
0.12 0.21466
0.15 0.214797
0.18 0.214934
0.21 0.215072
0.24 0.215211
0.27 0.21535
0.3 0.215489
0.33 0.21563
0.36 0.215771
0.39 0.215912
0.42 0.216054
0.45 0.216197
0.48 0.216341
0.51 0.216485
0.54 0.21663
0.57 0.216775
0.6 0.216921
0.63 0.217068
0.66 0.217215
0.69 0.217363
0.72 0.217512
0.75 0.217661
0.78 0.217811
0.81 0.217962
0.84 0.218113
0.87 0.218265
0.9 0.218418
0.93 0.218572
0.96 0.218726
0.99 0.218881
1.02 0.219036
1.05 0.219193
1.08 0.21935
1.11 0.219508
1.14 0.219666
1.17 0.219825
1.2 0.219985
1.23 0.220146
1.26 0.220307
1.29 0.22047
1.32 0.220633
1.35 0.220796
1.38 0.220961
1.41 0.221126
1.44 0.221292
1.47 0.221459
1.5 0.221627
1.53 0.221795
1.56 0.221964
1.59 0.222134
1.62 0.222305
1.65 0.222477
1.68 0.222649
1.71 0.222823
1.74 0.222997
1.77 0.223172
1.8 0.223347
1.83 0.223524
1.86 0.223702
1.89 0.22388
1.92 0.224059
1.95 0.224239
1.98 0.22442
2.01 0.224602
2.04 0.224785
2.07 0.224968
2.1 0.225153
2.13 0.225338
2.16 0.225524
2.19 0.225712
2.22 0.2259
2.25 0.226089
2.28 0.226279
2.31 0.22647
2.34 0.226662
2.37 0.226854
2.4 0.227048
2.43 0.227243
2.46 0.227439
2.49 0.227635
2.52 0.227833
2.55 0.228032
2.58 0.228231
2.61 0.228432
2.64 0.228634
2.67 0.228837
2.7 0.22904
2.73 0.229245
2.76 0.229451
2.79 0.229658
2.82 0.229866
2.85 0.230074
2.88 0.230284
2.91 0.230496
2.94 0.230708
2.97 0.230921
3 0.231135
3.03 0.231351
3.06 0.231567
3.09 0.231785
3.12 0.232004
3.15 0.232224
3.18 0.232445
3.21 0.232667
3.24 0.23289
3.27 0.233115
3.3 0.23334
3.33 0.233567
3.36 0.233795
3.39 0.234025
3.42 0.234255
3.45 0.234487
3.48 0.23472
3.51 0.234954
3.54 0.235189
3.57 0.235426
3.6 0.235663
3.63 0.235903
3.66 0.236143
3.69 0.236385
3.72 0.236627
3.75 0.236872
3.78 0.237117
3.81 0.237364
3.84 0.237612
3.87 0.237862
3.9 0.238113
3.93 0.238365
3.96 0.238618
3.99 0.238873
4.02 0.239129
4.05 0.239387
4.08 0.239646
4.11 0.239907
4.14 0.240168
4.17 0.240432
4.2 0.240697
4.23 0.240963
4.26 0.24123
4.29 0.2415
4.32 0.24177
4.35 0.242042
4.38 0.242316
4.41 0.242591
4.44 0.242867
4.47 0.243146
4.5 0.243425
4.53 0.243706
4.56 0.243989
4.59 0.244273
4.62 0.244559
4.65 0.244847
4.68 0.245136
4.71 0.245427
4.74 0.245719
4.77 0.246013
4.8 0.246309
4.83 0.246606
4.86 0.246905
4.89 0.247206
4.92 0.247508
4.95 0.247812
4.98 0.248118
5.01 0.248425
5.04 0.248734
5.07 0.249045
5.1 0.249358
5.13 0.249673
5.16 0.249989
5.19 0.250307
5.22 0.250627
5.25 0.250949
5.28 0.251272
5.31 0.251598
5.34 0.251925
5.37 0.252254
5.4 0.252585
5.43 0.252918
5.46 0.253253
5.49 0.25359
5.52 0.253929
5.55 0.25427
5.58 0.254613
5.61 0.254957
5.64 0.255304
5.67 0.255653
5.7 0.256004
5.73 0.256356
5.76 0.256711
5.79 0.257068
5.82 0.257427
5.85 0.257789
5.88 0.258152
5.91 0.258517
5.94 0.258885
5.97 0.259255
6 0.259626
6.03 0.260001
6.06 0.260377
6.09 0.260755
6.12 0.261136
6.15 0.261519
6.18 0.261905
6.21 0.262292
6.24 0.262682
6.27 0.263074
6.3 0.263469
6.33 0.263866
6.36 0.264265
6.39 0.264667
6.42 0.265071
6.45 0.265477
6.48 0.265886
6.51 0.266298
6.54 0.266712
6.57 0.267128
6.6 0.267547
6.63 0.267968
6.66 0.268392
6.69 0.268819
6.72 0.269248
6.75 0.269679
6.78 0.270114
6.81 0.270551
6.84 0.27099
6.87 0.271432
6.9 0.271877
6.93 0.272325
6.96 0.272775
6.99 0.273229
7.02 0.273685
7.05 0.274143
7.08 0.274605
7.11 0.275069
7.14 0.275536
7.17 0.276006
7.2 0.276479
7.23 0.276955
7.26 0.277434
7.29 0.277916
7.32 0.2784
7.35 0.278888
7.38 0.279379
7.41 0.279872
7.44 0.280369
7.47 0.280869
7.5 0.281372
7.53 0.281878
7.56 0.282387
7.59 0.2829
7.62 0.283415
7.65 0.283934
7.68 0.284456
7.71 0.284982
7.74 0.28551
7.77 0.286042
7.8 0.286577
7.83 0.287116
7.86 0.287658
7.89 0.288203
7.92 0.288752
7.95 0.289304
7.98 0.28986
8.01 0.290419
8.04 0.290982
8.07 0.291548
8.1 0.292118
8.13 0.292691
8.16 0.293268
8.19 0.293849
8.22 0.294433
8.25 0.295021
8.28 0.295613
8.31 0.296208
8.34 0.296808
8.37 0.297411
8.4 0.298017
8.43 0.298628
8.46 0.299243
8.49 0.299861
8.52 0.300484
8.55 0.30111
8.58 0.301741
8.61 0.302375
8.64 0.303014
8.67 0.303656
8.7 0.304303
8.73 0.304954
8.76 0.305609
8.79 0.306268
8.82 0.306932
8.85 0.307599
8.88 0.308271
8.91 0.308948
8.94 0.309628
8.97 0.310313
9 0.311003
9.03 0.311697
9.06 0.312395
9.09 0.313098
9.12 0.313805
9.15 0.314517
9.18 0.315234
9.21 0.315955
9.24 0.316681
9.27 0.317411
9.3 0.318146
9.33 0.318886
9.36 0.319631
9.39 0.320381
9.42 0.321135
9.45 0.321895
9.48 0.322659
9.51 0.323428
9.54 0.324203
9.57 0.324982
9.6 0.325766
9.63 0.326556
9.66 0.32735
9.69 0.32815
9.72 0.328955
9.75 0.329765
9.78 0.330581
9.81 0.331402
9.84 0.332228
9.87 0.33306
9.9 0.333897
9.93 0.334739
9.96 0.335587
9.99 0.336441
10.02 0.3373
10.05 0.338165
10.08 0.339035
10.11 0.339912
10.14 0.340794
10.17 0.341681
10.2 0.342575
10.23 0.343474
10.26 0.34438
10.29 0.345291
10.32 0.346208
10.35 0.347132
10.38 0.348061
10.41 0.348996
10.44 0.349938
10.47 0.350886
10.5 0.35184
10.53 0.352801
10.56 0.353767
10.59 0.35474
10.62 0.35572
10.65 0.356706
10.68 0.357699
10.71 0.358698
10.74 0.359703
10.77 0.360716
10.8 0.361735
10.83 0.362761
10.86 0.363793
10.89 0.364833
10.92 0.365879
10.95 0.366932
10.98 0.367992
11.01 0.36906
11.04 0.370134
11.07 0.371215
11.1 0.372304
11.13 0.3734
11.16 0.374503
11.19 0.375614
11.22 0.376731
11.25 0.377857
11.28 0.37899
11.31 0.38013
11.34 0.381278
11.37 0.382433
11.4 0.383597
11.43 0.384768
11.46 0.385946
11.49 0.387133
11.52 0.388328
11.55 0.38953
11.58 0.390741
11.61 0.391959
11.64 0.393186
11.67 0.394421
11.7 0.395664
11.73 0.396916
11.76 0.398176
11.79 0.399444
11.82 0.400721
11.85 0.402006
11.88 0.4033
11.91 0.404602
11.94 0.405914
11.97 0.407234
12 0.408563
12.03 0.409901
12.06 0.411247
12.09 0.412603
12.12 0.413968
12.15 0.415342
12.18 0.416725
12.21 0.418118
12.24 0.41952
12.27 0.420931
12.3 0.422352
12.33 0.423782
12.36 0.425222
12.39 0.426672
12.42 0.428131
12.45 0.4296
12.48 0.431079
12.51 0.432568
12.54 0.434067
12.57 0.435576
12.6 0.437095
12.63 0.438625
12.66 0.440165
12.69 0.441715
12.72 0.443275
12.75 0.444846
12.78 0.446428
12.81 0.44802
12.84 0.449624
12.87 0.451237
12.9 0.452862
12.93 0.454498
12.96 0.456145
12.99 0.457803
13.02 0.459472
13.05 0.461152
13.08 0.462844
13.11 0.464547
13.14 0.466262
13.17 0.467988
13.2 0.469726
13.23 0.471476
13.26 0.473237
13.29 0.475011
13.32 0.476796
13.35 0.478594
13.38 0.480403
13.41 0.482225
13.44 0.484059
13.47 0.485906
13.5 0.487765
13.53 0.489637
13.56 0.491522
13.59 0.493419
13.62 0.495329
13.65 0.497252
13.68 0.499188
13.71 0.501137
13.74 0.5031
13.77 0.505076
13.8 0.507065
13.83 0.509067
13.86 0.511084
13.89 0.513114
13.92 0.515157
13.95 0.517215
13.98 0.519286
14.01 0.521372
14.04 0.523472
14.07 0.525586
14.1 0.527714
14.13 0.529857
14.16 0.532015
14.19 0.534187
14.22 0.536374
14.25 0.538575
14.28 0.540792
14.31 0.543024
14.34 0.545271
14.37 0.547533
14.4 0.54981
14.43 0.552103
14.46 0.554412
14.49 0.556736
14.52 0.559076
14.55 0.561432
14.58 0.563804
14.61 0.566193
14.64 0.568597
14.67 0.571018
14.7 0.573455
14.73 0.575908
14.76 0.578379
14.79 0.580866
14.82 0.58337
14.85 0.585891
14.88 0.588429
14.91 0.590985
14.94 0.593557
14.97 0.596148
15 0.598755
15.03 0.601381
15.06 0.604024
15.09 0.606685
15.12 0.609365
15.15 0.612062
15.18 0.614778
15.21 0.617512
15.24 0.620265
15.27 0.623036
15.3 0.625826
15.33 0.628635
15.36 0.631462
15.39 0.634309
15.42 0.637176
15.45 0.640061
15.48 0.642966
15.51 0.645891
15.54 0.648835
15.57 0.6518
15.6 0.654784
15.63 0.657788
15.66 0.660813
15.69 0.663857
15.72 0.666923
15.75 0.670009
15.78 0.673115
15.81 0.676243
15.84 0.679391
15.87 0.682561
15.9 0.685751
15.93 0.688963
15.96 0.692197
15.99 0.695452
16.02 0.698729
16.05 0.702027
16.08 0.705348
16.11 0.708691
16.14 0.712055
16.17 0.715443
16.2 0.718852
16.23 0.722285
16.26 0.725739
16.29 0.729217
16.32 0.732718
16.35 0.736242
16.38 0.739789
16.41 0.743359
16.44 0.746953
16.47 0.75057
16.5 0.754211
16.53 0.757875
16.56 0.761564
16.59 0.765277
16.62 0.769013
16.65 0.772774
16.68 0.77656
16.71 0.78037
16.74 0.784204
16.77 0.788063
16.8 0.791947
16.83 0.795856
16.86 0.799791
16.89 0.80375
16.92 0.807734
16.95 0.811744
16.98 0.815779
17.01 0.81984
17.04 0.823927
17.07 0.82804
17.1 0.832178
17.13 0.836342
17.16 0.840533
17.19 0.844749
17.22 0.848992
17.25 0.853262
17.28 0.857557
17.31 0.86188
17.34 0.866229
17.37 0.870604
17.4 0.875007
17.43 0.879436
17.46 0.883893
17.49 0.888376
17.52 0.892887
17.55 0.897425
17.58 0.90199
17.61 0.906582
17.64 0.911202
17.67 0.91585
17.7 0.920525
17.73 0.925227
17.76 0.929958
17.79 0.934716
17.82 0.939501
17.85 0.944315
17.88 0.949157
17.91 0.954026
17.94 0.958924
17.97 0.963849
18 0.968803
18.03 0.973784
18.06 0.978794
18.09 0.983832
18.12 0.988898
18.15 0.993992
18.18 0.999115
18.21 1.00427
18.24 1.00944
18.27 1.01465
18.3 1.01989
18.33 1.02515
18.36 1.03044
18.39 1.03576
18.42 1.04111
18.45 1.04649
18.48 1.05189
18.51 1.05733
18.54 1.06279
18.57 1.06828
18.6 1.0738
18.63 1.07934
18.66 1.08492
18.69 1.09052
18.72 1.09615
18.75 1.10181
18.78 1.1075
18.81 1.11321
18.84 1.11895
18.87 1.12472
18.9 1.13052
18.93 1.13635
18.96 1.1422
18.99 1.14808
19.02 1.15399
19.05 1.15993
19.08 1.16589
19.11 1.17188
19.14 1.1779
19.17 1.18394
19.2 1.19001
19.23 1.19611
19.26 1.20224
19.29 1.20839
19.32 1.21457
19.35 1.22078
19.38 1.22701
19.41 1.23327
19.44 1.23956
19.47 1.24587
19.5 1.25221
19.53 1.25857
19.56 1.26496
19.59 1.27138
19.62 1.27782
19.65 1.28428
19.68 1.29078
19.71 1.29729
19.74 1.30384
19.77 1.3104
19.8 1.317
19.83 1.32362
19.86 1.33026
19.89 1.33693
19.92 1.34362
19.95 1.35033
19.98 1.35707
20.01 1.36384
20.04 1.37063
20.07 1.37744
20.1 1.38428
20.13 1.39114
20.16 1.39802
20.19 1.40493
20.22 1.41186
20.25 1.41881
20.28 1.42579
20.31 1.43279
20.34 1.43981
20.37 1.44686
20.4 1.45393
20.43 1.46102
20.46 1.46813
20.49 1.47527
20.52 1.48242
20.55 1.4896
20.58 1.49681
20.61 1.50403
20.64 1.51128
20.67 1.51855
20.7 1.52584
20.73 1.53315
20.76 1.54048
20.79 1.54784
20.82 1.55522
20.85 1.56262
20.88 1.57004
20.91 1.57748
20.94 1.58494
20.97 1.59243
21 1.59994
21.03 1.60746
21.06 1.61501
21.09 1.62258
21.12 1.63018
21.15 1.63779
21.18 1.64543
21.21 1.65308
21.24 1.66076
21.27 1.66846
21.3 1.67618
21.33 1.68393
21.36 1.69169
21.39 1.69948
21.42 1.70729
21.45 1.71512
21.48 1.72297
21.51 1.73085
21.54 1.73875
21.57 1.74667
21.6 1.75461
21.63 1.76258
21.66 1.77057
21.69 1.77858
21.72 1.78662
21.75 1.79468
21.78 1.80276
21.81 1.81087
21.84 1.819
21.87 1.82716
21.9 1.83535
21.93 1.84355
21.96 1.85179
21.99 1.86005
22.02 1.86833
22.05 1.87665
22.08 1.88499
22.11 1.89336
22.14 1.90175
22.17 1.91018
22.2 1.91863
22.23 1.92712
22.26 1.93563
22.29 1.94418
22.32 1.95275
22.35 1.96136
22.38 1.97
22.41 1.97868
22.44 1.98739
22.47 1.99613
22.5 2.00491
22.53 2.01372
22.56 2.02258
22.59 2.03147
22.62 2.0404
22.65 2.04937
22.68 2.05839
22.71 2.06744
22.74 2.07654
22.77 2.08568
22.8 2.09487
22.83 2.10411
22.86 2.1134
22.89 2.12273
22.92 2.13212
22.95 2.14156
22.98 2.15105
23.01 2.1606
23.04 2.17021
23.07 2.17988
23.1 2.18961
23.13 2.1994
23.16 2.20926
23.19 2.21918
23.22 2.22918
23.25 2.23925
23.28 2.24938
23.31 2.2596
23.34 2.26989
23.37 2.28027
23.4 2.29073
23.43 2.30127
23.46 2.31191
23.49 2.32263
23.52 2.33345
23.55 2.34437
23.58 2.35538
23.61 2.3665
23.64 2.37773
23.67 2.38907
23.7 2.40052
23.73 2.41208
23.76 2.42377
23.79 2.43558
23.82 2.44751
23.85 2.45958
23.88 2.47177
23.91 2.48411
23.94 2.49659
23.97 2.50921
24 2.52197
24.03 2.53489
24.06 2.54797
24.09 2.5612
24.12 2.5746
24.15 2.58816
24.18 2.60189
24.21 2.61579
24.24 2.62986
24.27 2.64411
24.3 2.65855
24.33 2.67316
24.36 2.68796
24.39 2.70295
24.42 2.71812
24.45 2.73349
24.48 2.74904
24.51 2.76479
24.54 2.78073
24.57 2.79685
24.6 2.81317
24.63 2.82968
24.66 2.84637
24.69 2.86325
24.72 2.88031
24.75 2.89755
24.78 2.91496
24.81 2.93254
24.84 2.95028
24.87 2.96818
24.9 2.98622
24.93 3.0044
24.96 3.02272
24.99 3.04115
25.02 3.0597
25.05 3.07834
25.08 3.09707
25.11 3.11587
25.14 3.13474
25.17 3.15364
25.2 3.17258
25.23 3.19153
25.26 3.21048
25.29 3.22941
25.32 3.24831
25.35 3.26715
25.38 3.28592
25.41 3.3046
25.44 3.32318
25.47 3.34163
25.5 3.35993
25.53 3.37808
25.56 3.39605
25.59 3.41382
25.62 3.43138
25.65 3.44872
25.68 3.46581
25.71 3.48264
25.74 3.4992
25.77 3.51548
25.8 3.53146
25.83 3.54712
25.86 3.56247
25.89 3.57749
25.92 3.59218
25.95 3.60651
25.98 3.6205
26.01 3.63412
26.04 3.64739
26.07 3.66028
26.1 3.67281
26.13 3.68497
26.16 3.69675
26.19 3.70816
26.22 3.7192
26.25 3.72987
26.28 3.74018
26.31 3.75012
26.34 3.7597
26.37 3.76892
26.4 3.77779
26.43 3.78632
26.46 3.79451
26.49 3.80236
26.52 3.80989
26.55 3.8171
26.58 3.824
26.61 3.8306
26.64 3.8369
26.67 3.84291
26.7 3.84864
26.73 3.85411
26.76 3.85931
26.79 3.86426
26.82 3.86896
26.85 3.87343
26.88 3.87766
26.91 3.88168
26.94 3.88549
26.97 3.88909
27 3.8925
27.03 3.89572
27.06 3.89876
27.09 3.90162
27.12 3.90432
27.15 3.90686
27.18 3.90925
27.21 3.9115
27.24 3.91361
27.27 3.91558
27.3 3.91743
27.33 3.91916
27.36 3.92077
27.39 3.92228
27.42 3.92368
27.45 3.92498
27.48 3.92618
27.51 3.9273
27.54 3.92833
27.57 3.92929
27.6 3.93016
27.63 3.93096
27.66 3.93169
27.69 3.93236
27.72 3.93297
27.75 3.93351
27.78 3.934
27.81 3.93444
27.84 3.93482
27.87 3.93516
27.9 3.93545
27.93 3.9357
27.96 3.93591
27.99 3.93608
28.02 3.93622
28.05 3.93632
28.08 3.93639
28.11 3.93643
28.14 3.93644
28.17 3.93642
28.2 3.93638
28.23 3.93631
28.26 3.93622
28.29 3.93611
28.32 3.93598
28.35 3.93583
28.38 3.93566
28.41 3.93547
28.44 3.93527
28.47 3.93505
28.5 3.93482
28.53 3.93457
28.56 3.93431
28.59 3.93404
28.62 3.93376
28.65 3.93347
28.68 3.93317
28.71 3.93286
28.74 3.93254
28.77 3.93222
28.8 3.93188
28.83 3.93154
28.86 3.9312
28.89 3.93084
28.92 3.93048
28.95 3.93012
28.98 3.92975
29.01 3.92938
29.04 3.929
29.07 3.92862
29.1 3.92823
29.13 3.92784
29.16 3.92745
29.19 3.92706
29.22 3.92666
29.25 3.92626
29.28 3.92586
29.31 3.92546
29.34 3.92505
29.37 3.92465
29.4 3.92424
29.43 3.92383
29.46 3.92342
29.49 3.92301
29.52 3.9226
29.55 3.92219
29.58 3.92178
29.61 3.92137
29.64 3.92095
29.67 3.92054
29.7 3.92013
29.73 3.91972
29.76 3.9193
29.79 3.91889
29.82 3.91848
29.85 3.91807
29.88 3.91766
29.91 3.91725
29.94 3.91684
29.97 3.91643
30 3.91603
30.001 0
