0 5
0.03 4.80592
0.06 4.80596
0.09 4.806
0.12 4.80604
0.15 4.80609
0.18 4.80613
0.21 4.80617
0.24 4.80621
0.27 4.80625
0.3 4.80629
0.33 4.80633
0.36 4.80637
0.39 4.80642
0.42 4.80646
0.45 4.8065
0.48 4.80654
0.51 4.80658
0.54 4.80663
0.57 4.80667
0.6 4.80671
0.63 4.80675
0.66 4.8068
0.69 4.80684
0.72 4.80688
0.75 4.80693
0.78 4.80697
0.81 4.80701
0.84 4.80706
0.87 4.8071
0.9 4.80715
0.93 4.80719
0.96 4.80723
0.99 4.80728
1.02 4.80732
1.05 4.80737
1.08 4.80741
1.11 4.80746
1.14 4.8075
1.17 4.80755
1.2 4.80759
1.23 4.80764
1.26 4.80769
1.29 4.80773
1.32 4.80778
1.35 4.80782
1.38 4.80787
1.41 4.80792
1.44 4.80796
1.47 4.80801
1.5 4.80806
1.53 4.80811
1.56 4.80815
1.59 4.8082
1.62 4.80825
1.65 4.8083
1.68 4.80834
1.71 4.80839
1.74 4.80844
1.77 4.80849
1.8 4.80854
1.83 4.80859
1.86 4.80863
1.89 4.80868
1.92 4.80873
1.95 4.80878
1.98 4.80883
2.01 4.80888
2.04 4.80893
2.07 4.80898
2.1 4.80903
2.13 4.80908
2.16 4.80913
2.19 4.80918
2.22 4.80923
2.25 4.80929
2.28 4.80934
2.31 4.80939
2.34 4.80944
2.37 4.80949
2.4 4.80954
2.43 4.8096
2.46 4.80965
2.49 4.8097
2.52 4.80975
2.55 4.80981
2.58 4.80986
2.61 4.80991
2.64 4.80997
2.67 4.81002
2.7 4.81007
2.73 4.81013
2.76 4.81018
2.79 4.81024
2.82 4.81029
2.85 4.81035
2.88 4.8104
2.91 4.81046
2.94 4.81051
2.97 4.81057
3 4.81062
3.03 4.81068
3.06 4.81074
3.09 4.81079
3.12 4.81085
3.15 4.81091
3.18 4.81096
3.21 4.81102
3.24 4.81108
3.27 4.81114
3.3 4.81119
3.33 4.81125
3.36 4.81131
3.39 4.81137
3.42 4.81143
3.45 4.81149
3.48 4.81155
3.51 4.81161
3.54 4.81167
3.57 4.81173
3.6 4.81179
3.63 4.81185
3.66 4.81191
3.69 4.81197
3.72 4.81203
3.75 4.81209
3.78 4.81215
3.81 4.81221
3.84 4.81227
3.87 4.81234
3.9 4.8124
3.93 4.81246
3.96 4.81252
3.99 4.81259
4.02 4.81265
4.05 4.81272
4.08 4.81278
4.11 4.81284
4.14 4.81291
4.17 4.81297
4.2 4.81304
4.23 4.8131
4.26 4.81317
4.29 4.81323
4.32 4.8133
4.35 4.81337
4.38 4.81343
4.41 4.8135
4.44 4.81357
4.47 4.81363
4.5 4.8137
4.53 4.81377
4.56 4.81384
4.59 4.81391
4.62 4.81397
4.65 4.81404
4.68 4.81411
4.71 4.81418
4.74 4.81425
4.77 4.81432
4.8 4.81439
4.83 4.81446
4.86 4.81453
4.89 4.8146
4.92 4.81468
4.95 4.81475
4.98 4.81482
5.01 4.81489
5.04 4.81497
5.07 4.81504
5.1 4.81511
5.13 4.81519
5.16 4.81526
5.19 4.81533
5.22 4.81541
5.25 4.81548
5.28 4.81556
5.31 4.81563
5.34 4.81571
5.37 4.81579
5.4 4.81586
5.43 4.81594
5.46 4.81602
5.49 4.81609
5.52 4.81617
5.55 4.81625
5.58 4.81633
5.61 4.81641
5.64 4.81649
5.67 4.81657
5.7 4.81665
5.73 4.81673
5.76 4.81681
5.79 4.81689
5.82 4.81697
5.85 4.81705
5.88 4.81713
5.91 4.81722
5.94 4.8173
5.97 4.81738
6 4.81747
6.03 4.81755
6.06 4.81764
6.09 4.81772
6.12 4.81781
6.15 4.81789
6.18 4.81798
6.21 4.81806
6.24 4.81815
6.27 4.81824
6.3 4.81833
6.33 4.81841
6.36 4.8185
6.39 4.81859
6.42 4.81868
6.45 4.81877
6.48 4.81886
6.51 4.81895
6.54 4.81904
6.57 4.81913
6.6 4.81922
6.63 4.81932
6.66 4.81941
6.69 4.8195
6.72 4.8196
6.75 4.81969
6.78 4.81978
6.81 4.81988
6.84 4.81997
6.87 4.82007
6.9 4.82017
6.93 4.82026
6.96 4.82036
6.99 4.82046
7.02 4.82056
7.05 4.82065
7.08 4.82075
7.11 4.82085
7.14 4.82095
7.17 4.82105
7.2 4.82116
7.23 4.82126
7.26 4.82136
7.29 4.82146
7.32 4.82157
7.35 4.82167
7.38 4.82177
7.41 4.82188
7.44 4.82198
7.47 4.82209
7.5 4.8222
7.53 4.8223
7.56 4.82241
7.59 4.82252
7.62 4.82263
7.65 4.82274
7.68 4.82285
7.71 4.82296
7.74 4.82307
7.77 4.82318
7.8 4.82329
7.83 4.8234
7.86 4.82352
7.89 4.82363
7.92 4.82374
7.95 4.82386
7.98 4.82398
8.01 4.82409
8.04 4.82421
8.07 4.82433
8.1 4.82444
8.13 4.82456
8.16 4.82468
8.19 4.8248
8.22 4.82492
8.25 4.82504
8.28 4.82517
8.31 4.82529
8.34 4.82541
8.37 4.82554
8.4 4.82566
8.43 4.82579
8.46 4.82591
8.49 4.82604
8.52 4.82617
8.55 4.8263
8.58 4.82642
8.61 4.82655
8.64 4.82668
8.67 4.82682
8.7 4.82695
8.73 4.82708
8.76 4.82721
8.79 4.82735
8.82 4.82748
8.85 4.82762
8.88 4.82775
8.91 4.82789
8.94 4.82803
8.97 4.82817
9 4.82831
9.03 4.82845
9.06 4.82859
9.09 4.82873
9.12 4.82887
9.15 4.82902
9.18 4.82916
9.21 4.82931
9.24 4.82945
9.27 4.8296
9.3 4.82975
9.33 4.8299
9.36 4.83005
9.39 4.8302
9.42 4.83035
9.45 4.8305
9.48 4.83065
9.51 4.83081
9.54 4.83096
9.57 4.83112
9.6 4.83127
9.63 4.83143
9.66 4.83159
9.69 4.83175
9.72 4.83191
9.75 4.83207
9.78 4.83224
9.81 4.8324
9.84 4.83256
9.87 4.83273
9.9 4.8329
9.93 4.83306
9.96 4.83323
9.99 4.8334
10.02 4.83357
10.05 4.83375
10.08 4.83392
10.11 4.83409
10.14 4.83427
10.17 4.83444
10.2 4.83462
10.23 4.8348
10.26 4.83498
10.29 4.83516
10.32 4.83534
10.35 4.83552
10.38 4.83571
10.41 4.83589
10.44 4.83608
10.47 4.83627
10.5 4.83646
10.53 4.83665
10.56 4.83684
10.59 4.83703
10.62 4.83722
10.65 4.83742
10.68 4.83761
10.71 4.83781
10.74 4.83801
10.77 4.83821
10.8 4.83841
10.83 4.83861
10.86 4.83882
10.89 4.83902
10.92 4.83923
10.95 4.83944
10.98 4.83965
11.01 4.83986
11.04 4.84007
11.07 4.84028
11.1 4.8405
11.13 4.84072
11.16 4.84093
11.19 4.84115
11.22 4.84137
11.25 4.8416
11.28 4.84182
11.31 4.84205
11.34 4.84227
11.37 4.8425
11.4 4.84273
11.43 4.84296
11.46 4.8432
11.49 4.84343
11.52 4.84367
11.55 4.8439
11.58 4.84414
11.61 4.84439
11.64 4.84463
11.67 4.84487
11.7 4.84512
11.73 4.84537
11.76 4.84562
11.79 4.84587
11.82 4.84612
11.85 4.84638
11.88 4.84663
11.91 4.84689
11.94 4.84715
11.97 4.84741
12 4.84768
12.03 4.84794
12.06 4.84821
12.09 4.84848
12.12 4.84875
12.15 4.84902
12.18 4.8493
12.21 4.84958
12.24 4.84986
12.27 4.85014
12.3 4.85042
12.33 4.85071
12.36 4.85099
12.39 4.85128
12.42 4.85157
12.45 4.85187
12.48 4.85216
12.51 4.85246
12.54 4.85276
12.57 4.85306
12.6 4.85337
12.63 4.85368
12.66 4.85398
12.69 4.8543
12.72 4.85461
12.75 4.85493
12.78 4.85524
12.81 4.85556
12.84 4.85589
12.87 4.85621
12.9 4.85654
12.93 4.85687
12.96 4.8572
12.99 4.85754
13.02 4.85788
13.05 4.85822
13.08 4.85856
13.11 4.8589
13.14 4.85925
13.17 4.8596
13.2 4.85996
13.23 4.86031
13.26 4.86067
13.29 4.86103
13.32 4.8614
13.35 4.86176
13.38 4.86213
13.41 4.86251
13.44 4.86288
13.47 4.86326
13.5 4.86364
13.53 4.86402
13.56 4.86441
13.59 4.8648
13.62 4.86519
13.65 4.86559
13.68 4.86599
13.71 4.86639
13.74 4.8668
13.77 4.86721
13.8 4.86762
13.83 4.86803
13.86 4.86845
13.89 4.86887
13.92 4.8693
13.95 4.86973
13.98 4.87016
14.01 4.8706
14.04 4.87103
14.07 4.87148
14.1 4.87192
14.13 4.87237
14.16 4.87282
14.19 4.87328
14.22 4.87374
14.25 4.8742
14.28 4.87467
14.31 4.87514
14.34 4.87562
14.37 4.8761
14.4 4.87658
14.43 4.87707
14.46 4.87756
14.49 4.87805
14.52 4.87855
14.55 4.87905
14.58 4.87956
14.61 4.88007
14.64 4.88059
14.67 4.88111
14.7 4.88163
14.73 4.88216
14.76 4.88269
14.79 4.88323
14.82 4.88377
14.85 4.88432
14.88 4.88487
14.91 4.88542
14.94 4.88598
14.97 4.88655
15 4.88711
15.03 4.88769
15.06 4.88827
15.09 4.88885
15.12 4.88944
15.15 4.89003
15.18 4.89063
15.21 4.89123
15.24 4.89184
15.27 4.89245
15.3 4.89307
15.33 4.89369
15.36 4.89432
15.39 4.89496
15.42 4.8956
15.45 4.89624
15.48 4.89689
15.51 4.89755
15.54 4.89821
15.57 4.89888
15.6 4.89955
15.63 4.90023
15.66 4.90091
15.69 4.9016
15.72 4.9023
15.75 4.903
15.78 4.90371
15.81 4.90442
15.84 4.90514
15.87 4.90587
15.9 4.9066
15.93 4.90734
15.96 4.90808
15.99 4.90884
16.02 4.90959
16.05 4.91036
16.08 4.91113
16.11 4.91191
16.14 4.91269
16.17 4.91348
16.2 4.91428
16.23 4.91508
16.26 4.9159
16.29 4.91671
16.32 4.91754
16.35 4.91837
16.38 4.91921
16.41 4.92006
16.44 4.92092
16.47 4.92178
16.5 4.92265
16.53 4.92352
16.56 4.92441
16.59 4.9253
16.62 4.9262
16.65 4.92711
16.68 4.92802
16.71 4.92895
16.74 4.92988
16.77 4.93082
16.8 4.93176
16.83 4.93272
16.86 4.93368
16.89 4.93465
16.92 4.93563
16.95 4.93662
16.98 4.93762
17.01 4.93862
17.04 4.93964
17.07 4.94066
17.1 4.94169
17.13 4.94273
17.16 4.94378
17.19 4.94484
17.22 4.94591
17.25 4.94698
17.28 4.94807
17.31 4.94916
17.34 4.95027
17.37 4.95138
17.4 4.9525
17.43 4.95363
17.46 4.95477
17.49 4.95592
17.52 4.95708
17.55 4.95825
17.58 4.95943
17.61 4.96062
17.64 4.96182
17.67 4.96303
17.7 4.96425
17.73 4.96548
17.76 4.96672
17.79 4.96797
17.82 4.96923
17.85 4.9705
17.88 4.97178
17.91 4.97307
17.94 4.97438
17.97 4.97569
18 4.97701
18.03 4.97834
18.06 4.97969
18.09 4.98104
18.12 4.98241
18.15 4.98379
18.18 4.98517
18.21 4.98657
18.24 4.98798
18.27 4.9894
18.3 4.99083
18.33 4.99228
18.36 4.99373
18.39 4.9952
18.42 4.99667
18.45 4.99816
18.48 4.99966
18.51 5.00117
18.54 5.00269
18.57 5.00423
18.6 5.00577
18.63 5.00733
18.66 5.00889
18.69 5.01047
18.72 5.01207
18.75 5.01367
18.78 5.01528
18.81 5.01691
18.84 5.01855
18.87 5.0202
18.9 5.02186
18.93 5.02354
18.96 5.02522
18.99 5.02692
19.02 5.02863
19.05 5.03035
19.08 5.03208
19.11 5.03383
19.14 5.03559
19.17 5.03735
19.2 5.03914
19.23 5.04093
19.26 5.04273
19.29 5.04455
19.32 5.04638
19.35 5.04822
19.38 5.05008
19.41 5.05194
19.44 5.05382
19.47 5.05571
19.5 5.05761
19.53 5.05952
19.56 5.06145
19.59 5.06339
19.62 5.06534
19.65 5.0673
19.68 5.06927
19.71 5.07126
19.74 5.07325
19.77 5.07526
19.8 5.07728
19.83 5.07932
19.86 5.08136
19.89 5.08342
19.92 5.08549
19.95 5.08757
19.98 5.08966
20.01 5.09177
20.04 5.09388
20.07 5.09601
20.1 5.09815
20.13 5.1003
20.16 5.10246
20.19 5.10464
20.22 5.10683
20.25 5.10902
20.28 5.11123
20.31 5.11345
20.34 5.11569
20.37 5.11793
20.4 5.12019
20.43 5.12245
20.46 5.12473
20.49 5.12702
20.52 5.12932
20.55 5.13163
20.58 5.13396
20.61 5.13629
20.64 5.13864
20.67 5.141
20.7 5.14337
20.73 5.14574
20.76 5.14814
20.79 5.15054
20.82 5.15295
20.85 5.15537
20.88 5.15781
20.91 5.16026
20.94 5.16271
20.97 5.16518
21 5.16766
21.03 5.17015
21.06 5.17265
21.09 5.17516
21.12 5.17768
21.15 5.18022
21.18 5.18276
21.21 5.18531
21.24 5.18788
21.27 5.19045
21.3 5.19304
21.33 5.19564
21.36 5.19825
21.39 5.20087
21.42 5.2035
21.45 5.20614
21.48 5.20879
21.51 5.21145
21.54 5.21412
21.57 5.21681
21.6 5.2195
21.63 5.22221
21.66 5.22492
21.69 5.22765
21.72 5.23039
21.75 5.23314
21.78 5.2359
21.81 5.23867
21.84 5.24145
21.87 5.24424
21.9 5.24704
21.93 5.24986
21.96 5.25268
21.99 5.25552
22.02 5.25837
22.05 5.26123
22.08 5.2641
22.11 5.26699
22.14 5.26988
22.17 5.27279
22.2 5.27571
22.23 5.27864
22.26 5.28158
22.29 5.28454
22.32 5.2875
22.35 5.29048
22.38 5.29348
22.41 5.29648
22.44 5.2995
22.47 5.30253
22.5 5.30558
22.53 5.30864
22.56 5.31171
22.59 5.3148
22.62 5.3179
22.65 5.32102
22.68 5.32415
22.71 5.3273
22.74 5.33046
22.77 5.33364
22.8 5.33683
22.83 5.34004
22.86 5.34327
22.89 5.34651
22.92 5.34977
22.95 5.35305
22.98 5.35635
23.01 5.35967
23.04 5.363
23.07 5.36636
23.1 5.36974
23.13 5.37314
23.16 5.37655
23.19 5.38
23.22 5.38346
23.25 5.38695
23.28 5.39046
23.31 5.39399
23.34 5.39755
23.37 5.40114
23.4 5.40475
23.43 5.40839
23.46 5.41206
23.49 5.41576
23.52 5.41948
23.55 5.42324
23.58 5.42703
23.61 5.43085
23.64 5.43471
23.67 5.4386
23.7 5.44252
23.73 5.44648
23.76 5.45048
23.79 5.45451
23.82 5.45859
23.85 5.4627
23.88 5.46686
23.91 5.47106
23.94 5.47529
23.97 5.47958
24 5.48391
24.03 5.48828
24.06 5.4927
24.09 5.49717
24.12 5.50168
24.15 5.50625
24.18 5.51086
24.21 5.51553
24.24 5.52025
24.27 5.52501
24.3 5.52983
24.33 5.53471
24.36 5.53963
24.39 5.54461
24.42 5.54964
24.45 5.55472
24.48 5.55986
24.51 5.56504
24.54 5.57028
24.57 5.57557
24.6 5.58091
24.63 5.5863
24.66 5.59173
24.69 5.59721
24.72 5.60273
24.75 5.60829
24.78 5.61389
24.81 5.61953
24.84 5.6252
24.87 5.6309
24.9 5.63663
24.93 5.64238
24.96 5.64815
24.99 5.65393
25.02 5.65972
25.05 5.66552
25.08 5.67131
25.11 5.6771
25.14 5.68288
25.17 5.68864
25.2 5.69438
25.23 5.70009
25.26 5.70576
25.29 5.71139
25.32 5.71698
25.35 5.72251
25.38 5.72798
25.41 5.73338
25.44 5.73871
25.47 5.74396
25.5 5.74913
25.53 5.75421
25.56 5.75919
25.59 5.76407
25.62 5.76885
25.65 5.77352
25.68 5.77807
25.71 5.78251
25.74 5.78683
25.77 5.79103
25.8 5.7951
25.83 5.79904
25.86 5.80286
25.89 5.80655
25.92 5.8101
25.95 5.81353
25.98 5.81683
26.01 5.82
26.04 5.82304
26.07 5.82595
26.1 5.82874
26.13 5.83141
26.16 5.83395
26.19 5.83638
26.22 5.83868
26.25 5.84088
26.28 5.84296
26.31 5.84494
26.34 5.84681
26.37 5.84858
26.4 5.85025
26.43 5.85183
26.46 5.85332
26.49 5.85471
26.52 5.85603
26.55 5.85726
26.58 5.85841
26.61 5.85949
26.64 5.86049
26.67 5.86143
26.7 5.8623
26.73 5.86311
26.76 5.86386
26.79 5.86455
26.82 5.86519
26.85 5.86578
26.88 5.86632
26.91 5.86681
26.94 5.86725
26.97 5.86766
27 5.86802
27.03 5.86835
27.06 5.86864
27.09 5.8689
27.12 5.86912
27.15 5.86932
27.18 5.86948
27.21 5.86962
27.24 5.86974
27.27 5.86983
27.3 5.86989
27.33 5.86994
27.36 5.86996
27.39 5.86997
27.42 5.86996
27.45 5.86993
27.48 5.86989
27.51 5.86983
27.54 5.86976
27.57 5.86967
27.6 5.86957
27.63 5.86947
27.66 5.86935
27.69 5.86922
27.72 5.86908
27.75 5.86893
27.78 5.86878
27.81 5.86862
27.84 5.86845
27.87 5.86827
27.9 5.86809
27.93 5.8679
27.96 5.86771
27.99 5.86751
28.02 5.86731
28.05 5.8671
28.08 5.8669
28.11 5.86668
28.14 5.86647
28.17 5.86625
28.2 5.86603
28.23 5.86581
28.26 5.86558
28.29 5.86535
28.32 5.86513
28.35 5.8649
28.38 5.86467
28.41 5.86443
28.44 5.8642
28.47 5.86397
28.5 5.86373
28.53 5.8635
28.56 5.86326
28.59 5.86303
28.62 5.86279
28.65 5.86256
28.68 5.86232
28.71 5.86209
28.74 5.86185
28.77 5.86162
28.8 5.86139
28.83 5.86115
28.86 5.86092
28.89 5.86069
28.92 5.86046
28.95 5.86022
28.98 5.85999
29.01 5.85977
29.04 5.85954
29.07 5.85931
29.1 5.85908
29.13 5.85886
29.16 5.85863
29.19 5.85841
29.22 5.85819
29.25 5.85797
29.28 5.85775
29.31 5.85753
29.34 5.85731
29.37 5.85709
29.4 5.85688
29.43 5.85666
29.46 5.85645
29.49 5.85623
29.52 5.85602
29.55 5.85581
29.58 5.85561
29.61 5.8554
29.64 5.85519
29.67 5.85499
29.7 5.85478
29.73 5.85458
29.76 5.85438
29.79 5.85418
29.82 5.85398
29.85 5.85378
29.88 5.85359
29.91 5.85339
29.94 5.8532
29.97 5.853
30 5.85281
30.001 5
