0 -10
0.03 -8.66045
0.06 -8.66028
0.09 -8.66012
0.12 -8.65995
0.15 -8.65979
0.18 -8.65962
0.21 -8.65946
0.24 -8.6593
0.27 -8.65913
0.3 -8.65897
0.33 -8.6588
0.36 -8.65864
0.39 -8.65847
0.42 -8.65831
0.45 -8.65815
0.48 -8.65798
0.51 -8.65782
0.54 -8.65766
0.57 -8.65749
0.6 -8.65733
0.63 -8.65716
0.66 -8.657
0.69 -8.65684
0.72 -8.65667
0.75 -8.65651
0.78 -8.65635
0.81 -8.65618
0.84 -8.65602
0.87 -8.65586
0.9 -8.65569
0.93 -8.65553
0.96 -8.65537
0.99 -8.6552
1.02 -8.65504
1.05 -8.65488
1.08 -8.65471
1.11 -8.65455
1.14 -8.65439
1.17 -8.65422
1.2 -8.65406
1.23 -8.6539
1.26 -8.65374
1.29 -8.65357
1.32 -8.65341
1.35 -8.65325
1.38 -8.65308
1.41 -8.65292
1.44 -8.65276
1.47 -8.6526
1.5 -8.65243
1.53 -8.65227
1.56 -8.65211
1.59 -8.65195
1.62 -8.65178
1.65 -8.65162
1.68 -8.65146
1.71 -8.6513
1.74 -8.65113
1.77 -8.65097
1.8 -8.65081
1.83 -8.65065
1.86 -8.65049
1.89 -8.65032
1.92 -8.65016
1.95 -8.65
1.98 -8.64984
2.01 -8.64968
2.04 -8.64951
2.07 -8.64935
2.1 -8.64919
2.13 -8.64903
2.16 -8.64887
2.19 -8.6487
2.22 -8.64854
2.25 -8.64838
2.28 -8.64822
2.31 -8.64806
2.34 -8.64789
2.37 -8.64773
2.4 -8.64757
2.43 -8.64741
2.46 -8.64725
2.49 -8.64709
2.52 -8.64692
2.55 -8.64676
2.58 -8.6466
2.61 -8.64644
2.64 -8.64628
2.67 -8.64612
2.7 -8.64595
2.73 -8.64579
2.76 -8.64563
2.79 -8.64547
2.82 -8.64531
2.85 -8.64515
2.88 -8.64499
2.91 -8.64483
2.94 -8.64466
2.97 -8.6445
3 -8.64434
3.03 -8.64418
3.06 -8.64402
3.09 -8.64386
3.12 -8.6437
3.15 -8.64354
3.18 -8.64337
3.21 -8.64321
3.24 -8.64305
3.27 -8.64289
3.3 -8.64273
3.33 -8.64257
3.36 -8.64241
3.39 -8.64225
3.42 -8.64208
3.45 -8.64192
3.48 -8.64176
3.51 -8.6416
3.54 -8.64144
3.57 -8.64128
3.6 -8.64112
3.63 -8.64096
3.66 -8.6408
3.69 -8.64064
3.72 -8.64047
3.75 -8.64031
3.78 -8.64015
3.81 -8.63999
3.84 -8.63983
3.87 -8.63967
3.9 -8.63951
3.93 -8.63935
3.96 -8.63919
3.99 -8.63903
4.02 -8.63887
4.05 -8.6387
4.08 -8.63854
4.11 -8.63838
4.14 -8.63822
4.17 -8.63806
4.2 -8.6379
4.23 -8.63774
4.26 -8.63758
4.29 -8.63742
4.32 -8.63726
4.35 -8.6371
4.38 -8.63694
4.41 -8.63677
4.44 -8.63661
4.47 -8.63645
4.5 -8.63629
4.53 -8.63613
4.56 -8.63597
4.59 -8.63581
4.62 -8.63565
4.65 -8.63549
4.68 -8.63533
4.71 -8.63517
4.74 -8.635
4.77 -8.63484
4.8 -8.63468
4.83 -8.63452
4.86 -8.63436
4.89 -8.6342
4.92 -8.63404
4.95 -8.63388
4.98 -8.63372
5.01 -8.63356
5.04 -8.6334
5.07 -8.63323
5.1 -8.63307
5.13 -8.63291
5.16 -8.63275
5.19 -8.63259
5.22 -8.63243
5.25 -8.63227
5.28 -8.63211
5.31 -8.63195
5.34 -8.63179
5.37 -8.63162
5.4 -8.63146
5.43 -8.6313
5.46 -8.63114
5.49 -8.63098
5.52 -8.63082
5.55 -8.63066
5.58 -8.6305
5.61 -8.63034
5.64 -8.63017
5.67 -8.63001
5.7 -8.62985
5.73 -8.62969
5.76 -8.62953
5.79 -8.62937
5.82 -8.62921
5.85 -8.62905
5.88 -8.62888
5.91 -8.62872
5.94 -8.62856
5.97 -8.6284
6 -8.62824
6.03 -8.62808
6.06 -8.62792
6.09 -8.62776
6.12 -8.62759
6.15 -8.62743
6.18 -8.62727
6.21 -8.62711
6.24 -8.62695
6.27 -8.62679
6.3 -8.62662
6.33 -8.62646
6.36 -8.6263
6.39 -8.62614
6.42 -8.62598
6.45 -8.62582
6.48 -8.62565
6.51 -8.62549
6.54 -8.62533
6.57 -8.62517
6.6 -8.62501
6.63 -8.62485
6.66 -8.62468
6.69 -8.62452
6.72 -8.62436
6.75 -8.6242
6.78 -8.62404
6.81 -8.62387
6.84 -8.62371
6.87 -8.62355
6.9 -8.62339
6.93 -8.62323
6.96 -8.62306
6.99 -8.6229
7.02 -8.62274
7.05 -8.62258
7.08 -8.62241
7.11 -8.62225
7.14 -8.62209
7.17 -8.62193
7.2 -8.62177
7.23 -8.6216
7.26 -8.62144
7.29 -8.62128
7.32 -8.62112
7.35 -8.62095
7.38 -8.62079
7.41 -8.62063
7.44 -8.62047
7.47 -8.6203
7.5 -8.62014
7.53 -8.61998
7.56 -8.61982
7.59 -8.61965
7.62 -8.61949
7.65 -8.61933
7.68 -8.61916
7.71 -8.619
7.74 -8.61884
7.77 -8.61868
7.8 -8.61851
7.83 -8.61835
7.86 -8.61819
7.89 -8.61802
7.92 -8.61786
7.95 -8.6177
7.98 -8.61753
8.01 -8.61737
8.04 -8.61721
8.07 -8.61704
8.1 -8.61688
8.13 -8.61672
8.16 -8.61655
8.19 -8.61639
8.22 -8.61623
8.25 -8.61606
8.28 -8.6159
8.31 -8.61574
8.34 -8.61557
8.37 -8.61541
8.4 -8.61525
8.43 -8.61508
8.46 -8.61492
8.49 -8.61476
8.52 -8.61459
8.55 -8.61443
8.58 -8.61426
8.61 -8.6141
8.64 -8.61394
8.67 -8.61377
8.7 -8.61361
8.73 -8.61345
8.76 -8.61328
8.79 -8.61312
8.82 -8.61295
8.85 -8.61279
8.88 -8.61263
8.91 -8.61246
8.94 -8.6123
8.97 -8.61213
9 -8.61197
9.03 -8.6118
9.06 -8.61164
9.09 -8.61148
9.12 -8.61131
9.15 -8.61115
9.18 -8.61098
9.21 -8.61082
9.24 -8.61065
9.27 -8.61049
9.3 -8.61033
9.33 -8.61016
9.36 -8.61
9.39 -8.60983
9.42 -8.60967
9.45 -8.6095
9.48 -8.60934
9.51 -8.60917
9.54 -8.60901
9.57 -8.60885
9.6 -8.60868
9.63 -8.60852
9.66 -8.60835
9.69 -8.60819
9.72 -8.60802
9.75 -8.60786
9.78 -8.60769
9.81 -8.60753
9.84 -8.60736
9.87 -8.6072
9.9 -8.60703
9.93 -8.60687
9.96 -8.6067
9.99 -8.60654
10.02 -8.60638
10.05 -8.60621
10.08 -8.60605
10.11 -8.60588
10.14 -8.60572
10.17 -8.60555
10.2 -8.60539
10.23 -8.60522
10.26 -8.60506
10.29 -8.60489
10.32 -8.60473
10.35 -8.60456
10.38 -8.6044
10.41 -8.60423
10.44 -8.60407
10.47 -8.6039
10.5 -8.60374
10.53 -8.60357
10.56 -8.60341
10.59 -8.60324
10.62 -8.60308
10.65 -8.60291
10.68 -8.60275
10.71 -8.60259
10.74 -8.60242
10.77 -8.60226
10.8 -8.60209
10.83 -8.60193
10.86 -8.60176
10.89 -8.6016
10.92 -8.60143
10.95 -8.60127
10.98 -8.6011
11.01 -8.60094
11.04 -8.60078
11.07 -8.60061
11.1 -8.60045
11.13 -8.60028
11.16 -8.60012
11.19 -8.59995
11.22 -8.59979
11.25 -8.59963
11.28 -8.59946
11.31 -8.5993
11.34 -8.59913
11.37 -8.59897
11.4 -8.5988
11.43 -8.59864
11.46 -8.59848
11.49 -8.59831
11.52 -8.59815
11.55 -8.59799
11.58 -8.59782
11.61 -8.59766
11.64 -8.59749
11.67 -8.59733
11.7 -8.59717
11.73 -8.597
11.76 -8.59684
11.79 -8.59668
11.82 -8.59652
11.85 -8.59635
11.88 -8.59619
11.91 -8.59603
11.94 -8.59586
11.97 -8.5957
12 -8.59554
12.03 -8.59538
12.06 -8.59521
12.09 -8.59505
12.12 -8.59489
12.15 -8.59473
12.18 -8.59456
12.21 -8.5944
12.24 -8.59424
12.27 -8.59408
12.3 -8.59392
12.33 -8.59376
12.36 -8.59359
12.39 -8.59343
12.42 -8.59327
12.45 -8.59311
12.48 -8.59295
12.51 -8.59279
12.54 -8.59263
12.57 -8.59247
12.6 -8.59231
12.63 -8.59215
12.66 -8.59199
12.69 -8.59183
12.72 -8.59167
12.75 -8.59151
12.78 -8.59135
12.81 -8.59119
12.84 -8.59103
12.87 -8.59087
12.9 -8.59071
12.93 -8.59056
12.96 -8.5904
12.99 -8.59024
13.02 -8.59008
13.05 -8.58992
13.08 -8.58977
13.11 -8.58961
13.14 -8.58945
13.17 -8.58929
13.2 -8.58914
13.23 -8.58898
13.26 -8.58882
13.29 -8.58867
13.32 -8.58851
13.35 -8.58836
13.38 -8.5882
13.41 -8.58805
13.44 -8.58789
13.47 -8.58774
13.5 -8.58758
13.53 -8.58743
13.56 -8.58727
13.59 -8.58712
13.62 -8.58697
13.65 -8.58681
13.68 -8.58666
13.71 -8.58651
13.74 -8.58636
13.77 -8.58621
13.8 -8.58605
13.83 -8.5859
13.86 -8.58575
13.89 -8.5856
13.92 -8.58545
13.95 -8.5853
13.98 -8.58515
14.01 -8.585
14.04 -8.58485
14.07 -8.58471
14.1 -8.58456
14.13 -8.58441
14.16 -8.58426
14.19 -8.58412
14.22 -8.58397
14.25 -8.58382
14.28 -8.58368
14.31 -8.58353
14.34 -8.58339
14.37 -8.58324
14.4 -8.5831
14.43 -8.58296
14.46 -8.58281
14.49 -8.58267
14.52 -8.58253
14.55 -8.58239
14.58 -8.58225
14.61 -8.58211
14.64 -8.58197
14.67 -8.58183
14.7 -8.58169
14.73 -8.58155
14.76 -8.58141
14.79 -8.58128
14.82 -8.58114
14.85 -8.581
14.88 -8.58087
14.91 -8.58073
14.94 -8.5806
14.97 -8.58047
15 -8.58033
15.03 -8.5802
15.06 -8.58007
15.09 -8.57994
15.12 -8.57981
15.15 -8.57968
15.18 -8.57955
15.21 -8.57943
15.24 -8.5793
15.27 -8.57917
15.3 -8.57905
15.33 -8.57893
15.36 -8.5788
15.39 -8.57868
15.42 -8.57856
15.45 -8.57844
15.48 -8.57832
15.51 -8.5782
15.54 -8.57808
15.57 -8.57797
15.6 -8.57785
15.63 -8.57774
15.66 -8.57762
15.69 -8.57751
15.72 -8.5774
15.75 -8.57729
15.78 -8.57718
15.81 -8.57707
15.84 -8.57697
15.87 -8.57686
15.9 -8.57676
15.93 -8.57666
15.96 -8.57655
15.99 -8.57645
16.02 -8.57636
16.05 -8.57626
16.08 -8.57616
16.11 -8.57607
16.14 -8.57598
16.17 -8.57589
16.2 -8.5758
16.23 -8.57571
16.26 -8.57563
16.29 -8.57554
16.32 -8.57546
16.35 -8.57538
16.38 -8.5753
16.41 -8.57523
16.44 -8.57515
16.47 -8.57508
16.5 -8.57501
16.53 -8.57495
16.56 -8.57488
16.59 -8.57482
16.62 -8.57476
16.65 -8.5747
16.68 -8.57464
16.71 -8.57459
16.74 -8.57454
16.77 -8.57449
16.8 -8.57445
16.83 -8.57441
16.86 -8.57437
16.89 -8.57433
16.92 -8.5743
16.95 -8.57427
16.98 -8.57425
17.01 -8.57422
17.04 -8.5742
17.07 -8.57419
17.1 -8.57418
17.13 -8.57417
17.16 -8.57417
17.19 -8.57417
17.22 -8.57417
17.25 -8.57418
17.28 -8.57419
17.31 -8.57421
17.34 -8.57423
17.37 -8.57426
17.4 -8.57429
17.43 -8.57433
17.46 -8.57437
17.49 -8.57442
17.52 -8.57447
17.55 -8.57453
17.58 -8.5746
17.61 -8.57467
17.64 -8.57475
17.67 -8.57483
17.7 -8.57492
17.73 -8.57502
17.76 -8.57512
17.79 -8.57524
17.82 -8.57536
17.85 -8.57548
17.88 -8.57562
17.91 -8.57576
17.94 -8.57592
17.97 -8.57608
18 -8.57625
18.03 -8.57643
18.06 -8.57662
18.09 -8.57682
18.12 -8.57703
18.15 -8.57725
18.18 -8.57748
18.21 -8.57772
18.24 -8.57797
18.27 -8.57824
18.3 -8.57852
18.33 -8.57881
18.36 -8.57911
18.39 -8.57943
18.42 -8.57976
18.45 -8.5801
18.48 -8.58046
18.51 -8.58084
18.54 -8.58123
18.57 -8.58163
18.6 -8.58205
18.63 -8.58249
18.66 -8.58295
18.69 -8.58342
18.72 -8.58392
18.75 -8.58443
18.78 -8.58496
18.81 -8.58551
18.84 -8.58608
18.87 -8.58668
18.9 -8.58729
18.93 -8.58793
18.96 -8.58859
18.99 -8.58928
19.02 -8.58999
19.05 -8.59072
19.08 -8.59148
19.11 -8.59226
19.14 -8.59308
19.17 -8.59392
19.2 -8.59478
19.23 -8.59568
19.26 -8.59661
19.29 -8.59756
19.32 -8.59855
19.35 -8.59957
19.38 -8.60062
19.41 -8.60171
19.44 -8.60283
19.47 -8.60398
19.5 -8.60517
19.53 -8.60639
19.56 -8.60766
19.59 -8.60895
19.62 -8.61029
19.65 -8.61166
19.68 -8.61308
19.71 -8.61453
19.74 -8.61602
19.77 -8.61755
19.8 -8.61913
19.83 -8.62074
19.86 -8.6224
19.89 -8.6241
19.92 -8.62584
19.95 -8.62762
19.98 -8.62945
20.01 -8.63132
20.04 -8.63324
20.07 -8.63519
20.1 -8.63719
20.13 -8.63924
20.16 -8.64133
20.19 -8.64346
20.22 -8.64563
20.25 -8.64784
20.28 -8.6501
20.31 -8.6524
20.34 -8.65473
20.37 -8.65711
20.4 -8.65953
20.43 -8.66199
20.46 -8.66448
20.49 -8.66701
20.52 -8.66958
20.55 -8.67218
20.58 -8.67481
20.61 -8.67748
20.64 -8.68017
20.67 -8.6829
20.7 -8.68565
20.73 -8.68843
20.76 -8.69124
20.79 -8.69406
20.82 -8.69691
20.85 -8.69978
20.88 -8.70267
20.91 -8.70557
20.94 -8.70849
20.97 -8.71142
21 -8.71437
21.03 -8.71732
21.06 -8.72028
21.09 -8.72325
21.12 -8.72622
21.15 -8.72919
21.18 -8.73217
21.21 -8.73515
21.24 -8.73812
21.27 -8.74109
21.3 -8.74405
21.33 -8.74701
21.36 -8.74996
21.39 -8.75291
21.42 -8.75584
21.45 -8.75876
21.48 -8.76167
21.51 -8.76456
21.54 -8.76744
21.57 -8.7703
21.6 -8.77315
21.63 -8.77598
21.66 -8.77879
21.69 -8.78158
21.72 -8.78435
21.75 -8.7871
21.78 -8.78983
21.81 -8.79254
21.84 -8.79523
21.87 -8.7979
21.9 -8.80054
21.93 -8.80316
21.96 -8.80576
21.99 -8.80833
22.02 -8.81088
22.05 -8.81341
22.08 -8.81591
22.11 -8.81839
22.14 -8.82084
22.17 -8.82327
22.2 -8.82568
22.23 -8.82806
22.26 -8.83041
22.29 -8.83275
22.32 -8.83506
22.35 -8.83734
22.38 -8.83961
22.41 -8.84184
22.44 -8.84406
22.47 -8.84625
22.5 -8.84842
22.53 -8.85056
22.56 -8.85269
22.59 -8.85479
22.62 -8.85686
22.65 -8.85892
22.68 -8.86095
22.71 -8.86296
22.74 -8.86495
22.77 -8.86692
22.8 -8.86887
22.83 -8.87079
22.86 -8.8727
22.89 -8.87458
22.92 -8.87645
22.95 -8.87829
22.98 -8.88011
23.01 -8.88192
23.04 -8.8837
23.07 -8.88547
23.1 -8.88721
23.13 -8.88894
23.16 -8.89065
23.19 -8.89234
23.22 -8.89401
23.25 -8.89567
23.28 -8.8973
23.31 -8.89892
23.34 -8.90052
23.37 -8.9021
23.4 -8.90367
23.43 -8.90522
23.46 -8.90675
23.49 -8.90827
23.52 -8.90977
23.55 -8.91126
23.58 -8.91273
23.61 -8.91418
23.64 -8.91562
23.67 -8.91704
23.7 -8.91845
23.73 -8.91984
23.76 -8.92122
23.79 -8.92258
23.82 -8.92393
23.85 -8.92526
23.88 -8.92658
23.91 -8.92789
23.94 -8.92918
23.97 -8.93046
24 -8.93173
24.03 -8.93298
24.06 -8.93422
24.09 -8.93545
24.12 -8.93666
24.15 -8.93786
24.18 -8.93905
24.21 -8.94023
24.24 -8.94139
24.27 -8.94255
24.3 -8.94369
24.33 -8.94482
24.36 -8.94593
24.39 -8.94704
24.42 -8.94813
24.45 -8.94922
24.48 -8.95029
24.51 -8.95135
24.54 -8.9524
24.57 -8.95344
24.6 -8.95447
24.63 -8.95549
24.66 -8.9565
24.69 -8.9575
24.72 -8.95849
24.75 -8.95947
24.78 -8.96044
24.81 -8.9614
24.84 -8.96235
24.87 -8.96329
24.9 -8.96422
24.93 -8.96514
24.96 -8.96605
24.99 -8.96696
25.02 -8.96785
25.05 -8.96874
25.08 -8.96962
25.11 -8.97049
25.14 -8.97135
25.17 -8.9722
25.2 -8.97304
25.23 -8.97388
25.26 -8.97471
25.29 -8.97553
25.32 -8.97634
25.35 -8.97714
25.38 -8.97794
25.41 -8.97873
25.44 -8.97951
25.47 -8.98028
25.5 -8.98105
25.53 -8.98181
25.56 -8.98256
25.59 -8.9833
25.62 -8.98404
25.65 -8.98477
25.68 -8.9855
25.71 -8.98621
25.74 -8.98692
25.77 -8.98763
25.8 -8.98832
25.83 -8.98902
25.86 -8.9897
25.89 -8.99038
25.92 -8.99105
25.95 -8.99172
25.98 -8.99238
26.01 -8.99303
26.04 -8.99368
26.07 -8.99432
26.1 -8.99495
26.13 -8.99558
26.16 -8.99621
26.19 -8.99683
26.22 -8.99744
26.25 -8.99805
26.28 -8.99865
26.31 -8.99925
26.34 -8.99984
26.37 -9.00043
26.4 -9.00101
26.43 -9.00159
26.46 -9.00216
26.49 -9.00272
26.52 -9.00328
26.55 -9.00384
26.58 -9.00439
26.61 -9.00494
26.64 -9.00548
26.67 -9.00602
26.7 -9.00655
26.73 -9.00708
26.76 -9.0076
26.79 -9.00812
26.82 -9.00864
26.85 -9.00915
26.88 -9.00965
26.91 -9.01015
26.94 -9.01065
26.97 -9.01114
27 -9.01163
27.03 -9.01212
27.06 -9.0126
27.09 -9.01308
27.12 -9.01355
27.15 -9.01402
27.18 -9.01448
27.21 -9.01495
27.24 -9.0154
27.27 -9.01586
27.3 -9.01631
27.33 -9.01676
27.36 -9.0172
27.39 -9.01764
27.42 -9.01807
27.45 -9.01851
27.48 -9.01894
27.51 -9.01936
27.54 -9.01978
27.57 -9.0202
27.6 -9.02062
27.63 -9.02103
27.66 -9.02144
27.69 -9.02184
27.72 -9.02225
27.75 -9.02265
27.78 -9.02304
27.81 -9.02344
27.84 -9.02383
27.87 -9.02421
27.9 -9.0246
27.93 -9.02498
27.96 -9.02536
27.99 -9.02573
28.02 -9.02611
28.05 -9.02648
28.08 -9.02684
28.11 -9.02721
28.14 -9.02757
28.17 -9.02793
28.2 -9.02829
28.23 -9.02864
28.26 -9.02899
28.29 -9.02934
28.32 -9.02968
28.35 -9.03003
28.38 -9.03037
28.41 -9.03071
28.44 -9.03104
28.47 -9.03138
28.5 -9.03171
28.53 -9.03204
28.56 -9.03236
28.59 -9.03269
28.62 -9.03301
28.65 -9.03333
28.68 -9.03364
28.71 -9.03396
28.74 -9.03427
28.77 -9.03458
28.8 -9.03489
28.83 -9.0352
28.86 -9.0355
28.89 -9.0358
28.92 -9.0361
28.95 -9.0364
28.98 -9.0367
29.01 -9.03699
29.04 -9.03728
29.07 -9.03757
29.1 -9.03786
29.13 -9.03814
29.16 -9.03843
29.19 -9.03871
29.22 -9.03899
29.25 -9.03927
29.28 -9.03954
29.31 -9.03982
29.34 -9.04009
29.37 -9.04036
29.4 -9.04063
29.43 -9.0409
29.46 -9.04116
29.49 -9.04143
29.52 -9.04169
29.55 -9.04195
29.58 -9.04221
29.61 -9.04247
29.64 -9.04272
29.67 -9.04297
29.7 -9.04323
29.73 -9.04348
29.76 -9.04373
29.79 -9.04397
29.82 -9.04422
29.85 -9.04446
29.88 -9.04471
29.91 -9.04495
29.94 -9.04519
29.97 -9.04542
30 -9.04566
30.001 -10
