0 5
0.03 4.9281
0.06 4.92824
0.09 4.92838
0.12 4.92852
0.15 4.92866
0.18 4.9288
0.21 4.92894
0.24 4.92908
0.27 4.92923
0.3 4.92937
0.33 4.92951
0.36 4.92965
0.39 4.92979
0.42 4.92994
0.45 4.93008
0.48 4.93022
0.51 4.93037
0.54 4.93051
0.57 4.93066
0.6 4.9308
0.63 4.93094
0.66 4.93109
0.69 4.93123
0.72 4.93138
0.75 4.93153
0.78 4.93167
0.81 4.93182
0.84 4.93196
0.87 4.93211
0.9 4.93226
0.93 4.9324
0.96 4.93255
0.99 4.9327
1.02 4.93285
1.05 4.933
1.08 4.93314
1.11 4.93329
1.14 4.93344
1.17 4.93359
1.2 4.93374
1.23 4.93389
1.26 4.93404
1.29 4.93419
1.32 4.93434
1.35 4.93449
1.38 4.93464
1.41 4.93479
1.44 4.93495
1.47 4.9351
1.5 4.93525
1.53 4.9354
1.56 4.93556
1.59 4.93571
1.62 4.93586
1.65 4.93602
1.68 4.93617
1.71 4.93632
1.74 4.93648
1.77 4.93663
1.8 4.93679
1.83 4.93694
1.86 4.9371
1.89 4.93725
1.92 4.93741
1.95 4.93757
1.98 4.93772
2.01 4.93788
2.04 4.93804
2.07 4.9382
2.1 4.93835
2.13 4.93851
2.16 4.93867
2.19 4.93883
2.22 4.93899
2.25 4.93915
2.28 4.93931
2.31 4.93947
2.34 4.93963
2.37 4.93979
2.4 4.93995
2.43 4.94011
2.46 4.94027
2.49 4.94043
2.52 4.94059
2.55 4.94076
2.58 4.94092
2.61 4.94108
2.64 4.94125
2.67 4.94141
2.7 4.94157
2.73 4.94174
2.76 4.9419
2.79 4.94207
2.82 4.94223
2.85 4.9424
2.88 4.94257
2.91 4.94273
2.94 4.9429
2.97 4.94307
3 4.94323
3.03 4.9434
3.06 4.94357
3.09 4.94374
3.12 4.9439
3.15 4.94407
3.18 4.94424
3.21 4.94441
3.24 4.94458
3.27 4.94475
3.3 4.94492
3.33 4.9451
3.36 4.94527
3.39 4.94544
3.42 4.94561
3.45 4.94578
3.48 4.94596
3.51 4.94613
3.54 4.9463
3.57 4.94648
3.6 4.94665
3.63 4.94683
3.66 4.947
3.69 4.94718
3.72 4.94735
3.75 4.94753
3.78 4.9477
3.81 4.94788
3.84 4.94806
3.87 4.94824
3.9 4.94841
3.93 4.94859
3.96 4.94877
3.99 4.94895
4.02 4.94913
4.05 4.94931
4.08 4.94949
4.11 4.94967
4.14 4.94985
4.17 4.95003
4.2 4.95022
4.23 4.9504
4.26 4.95058
4.29 4.95076
4.32 4.95095
4.35 4.95113
4.38 4.95132
4.41 4.9515
4.44 4.95169
4.47 4.95187
4.5 4.95206
4.53 4.95224
4.56 4.95243
4.59 4.95262
4.62 4.95281
4.65 4.95299
4.68 4.95318
4.71 4.95337
4.74 4.95356
4.77 4.95375
4.8 4.95394
4.83 4.95413
4.86 4.95432
4.89 4.95452
4.92 4.95471
4.95 4.9549
4.98 4.95509
5.01 4.95529
5.04 4.95548
5.07 4.95568
5.1 4.95587
5.13 4.95607
5.16 4.95626
5.19 4.95646
5.22 4.95665
5.25 4.95685
5.28 4.95705
5.31 4.95725
5.34 4.95745
5.37 4.95765
5.4 4.95784
5.43 4.95804
5.46 4.95825
5.49 4.95845
5.52 4.95865
5.55 4.95885
5.58 4.95905
5.61 4.95926
5.64 4.95946
5.67 4.95966
5.7 4.95987
5.73 4.96007
5.76 4.96028
5.79 4.96048
5.82 4.96069
5.85 4.9609
5.88 4.96111
5.91 4.96131
5.94 4.96152
5.97 4.96173
6 4.96194
6.03 4.96215
6.06 4.96236
6.09 4.96257
6.12 4.96279
6.15 4.963
6.18 4.96321
6.21 4.96343
6.24 4.96364
6.27 4.96385
6.3 4.96407
6.33 4.96429
6.36 4.9645
6.39 4.96472
6.42 4.96494
6.45 4.96515
6.48 4.96537
6.51 4.96559
6.54 4.96581
6.57 4.96603
6.6 4.96625
6.63 4.96648
6.66 4.9667
6.69 4.96692
6.72 4.96714
6.75 4.96737
6.78 4.96759
6.81 4.96782
6.84 4.96804
6.87 4.96827
6.9 4.9685
6.93 4.96873
6.96 4.96895
6.99 4.96918
7.02 4.96941
7.05 4.96964
7.08 4.96987
7.11 4.9701
7.14 4.97034
7.17 4.97057
7.2 4.9708
7.23 4.97104
7.26 4.97127
7.29 4.97151
7.32 4.97174
7.35 4.97198
7.38 4.97222
7.41 4.97246
7.44 4.9727
7.47 4.97293
7.5 4.97318
7.53 4.97342
7.56 4.97366
7.59 4.9739
7.62 4.97414
7.65 4.97439
7.68 4.97463
7.71 4.97488
7.74 4.97512
7.77 4.97537
7.8 4.97562
7.83 4.97586
7.86 4.97611
7.89 4.97636
7.92 4.97661
7.95 4.97686
7.98 4.97712
8.01 4.97737
8.04 4.97762
8.07 4.97787
8.1 4.97813
8.13 4.97839
8.16 4.97864
8.19 4.9789
8.22 4.97916
8.25 4.97942
8.28 4.97967
8.31 4.97993
8.34 4.9802
8.37 4.98046
8.4 4.98072
8.43 4.98098
8.46 4.98125
8.49 4.98151
8.52 4.98178
8.55 4.98205
8.58 4.98231
8.61 4.98258
8.64 4.98285
8.67 4.98312
8.7 4.98339
8.73 4.98366
8.76 4.98394
8.79 4.98421
8.82 4.98448
8.85 4.98476
8.88 4.98503
8.91 4.98531
8.94 4.98559
8.97 4.98587
9 4.98615
9.03 4.98643
9.06 4.98671
9.09 4.98699
9.12 4.98727
9.15 4.98756
9.18 4.98784
9.21 4.98813
9.24 4.98842
9.27 4.9887
9.3 4.98899
9.33 4.98928
9.36 4.98957
9.39 4.98986
9.42 4.99016
9.45 4.99045
9.48 4.99075
9.51 4.99104
9.54 4.99134
9.57 4.99163
9.6 4.99193
9.63 4.99223
9.66 4.99253
9.69 4.99283
9.72 4.99314
9.75 4.99344
9.78 4.99374
9.81 4.99405
9.84 4.99436
9.87 4.99466
9.9 4.99497
9.93 4.99528
9.96 4.99559
9.99 4.9959
10.02 4.99622
10.05 4.99653
10.08 4.99685
10.11 4.99716
10.14 4.99748
10.17 4.9978
10.2 4.99812
10.23 4.99844
10.26 4.99876
10.29 4.99908
10.32 4.9994
10.35 4.99973
10.38 5.00006
10.41 5.00038
10.44 5.00071
10.47 5.00104
10.5 5.00137
10.53 5.0017
10.56 5.00204
10.59 5.00237
10.62 5.00271
10.65 5.00304
10.68 5.00338
10.71 5.00372
10.74 5.00406
10.77 5.0044
10.8 5.00474
10.83 5.00509
10.86 5.00543
10.89 5.00578
10.92 5.00613
10.95 5.00647
10.98 5.00683
11.01 5.00718
11.04 5.00753
11.07 5.00788
11.1 5.00824
11.13 5.00859
11.16 5.00895
11.19 5.00931
11.22 5.00967
11.25 5.01003
11.28 5.0104
11.31 5.01076
11.34 5.01113
11.37 5.0115
11.4 5.01186
11.43 5.01223
11.46 5.01261
11.49 5.01298
11.52 5.01335
11.55 5.01373
11.58 5.01411
11.61 5.01448
11.64 5.01486
11.67 5.01524
11.7 5.01563
11.73 5.01601
11.76 5.0164
11.79 5.01679
11.82 5.01717
11.85 5.01756
11.88 5.01796
11.91 5.01835
11.94 5.01874
11.97 5.01914
12 5.01954
12.03 5.01994
12.06 5.02034
12.09 5.02074
12.12 5.02115
12.15 5.02155
12.18 5.02196
12.21 5.02237
12.24 5.02278
12.27 5.02319
12.3 5.02361
12.33 5.02402
12.36 5.02444
12.39 5.02486
12.42 5.02528
12.45 5.0257
12.48 5.02612
12.51 5.02655
12.54 5.02698
12.57 5.02741
12.6 5.02784
12.63 5.02827
12.66 5.02871
12.69 5.02914
12.72 5.02958
12.75 5.03002
12.78 5.03046
12.81 5.03091
12.84 5.03135
12.87 5.0318
12.9 5.03225
12.93 5.0327
12.96 5.03316
12.99 5.03361
13.02 5.03407
13.05 5.03453
13.08 5.03499
13.11 5.03546
13.14 5.03592
13.17 5.03639
13.2 5.03686
13.23 5.03733
13.26 5.0378
13.29 5.03828
13.32 5.03876
13.35 5.03924
13.38 5.03972
13.41 5.04021
13.44 5.04069
13.47 5.04118
13.5 5.04167
13.53 5.04217
13.56 5.04266
13.59 5.04316
13.62 5.04366
13.65 5.04417
13.68 5.04467
13.71 5.04518
13.74 5.04569
13.77 5.0462
13.8 5.04672
13.83 5.04723
13.86 5.04775
13.89 5.04828
13.92 5.0488
13.95 5.04933
13.98 5.04986
14.01 5.0504
14.04 5.05093
14.07 5.05147
14.1 5.05201
14.13 5.05256
14.16 5.0531
14.19 5.05365
14.22 5.05421
14.25 5.05476
14.28 5.05532
14.31 5.05588
14.34 5.05645
14.37 5.05702
14.4 5.05759
14.43 5.05816
14.46 5.05874
14.49 5.05932
14.52 5.0599
14.55 5.06049
14.58 5.06108
14.61 5.06167
14.64 5.06227
14.67 5.06287
14.7 5.06347
14.73 5.06408
14.76 5.06469
14.79 5.06531
14.82 5.06593
14.85 5.06655
14.88 5.06717
14.91 5.0678
14.94 5.06844
14.97 5.06908
15 5.06972
15.03 5.07036
15.06 5.07101
15.09 5.07167
15.12 5.07233
15.15 5.07299
15.18 5.07366
15.21 5.07433
15.24 5.075
15.27 5.07568
15.3 5.07637
15.33 5.07706
15.36 5.07775
15.39 5.07845
15.42 5.07916
15.45 5.07987
15.48 5.08058
15.51 5.0813
15.54 5.08203
15.57 5.08276
15.6 5.0835
15.63 5.08424
15.66 5.08498
15.69 5.08574
15.72 5.0865
15.75 5.08726
15.78 5.08803
15.81 5.08881
15.84 5.08959
15.87 5.09038
15.9 5.09118
15.93 5.09198
15.96 5.09279
15.99 5.09361
16.02 5.09443
16.05 5.09526
16.08 5.0961
16.11 5.09695
16.14 5.0978
16.17 5.09866
16.2 5.09953
16.23 5.1004
16.26 5.10129
16.29 5.10218
16.32 5.10308
16.35 5.10399
16.38 5.10491
16.41 5.10584
16.44 5.10677
16.47 5.10772
16.5 5.10867
16.53 5.10964
16.56 5.11061
16.59 5.1116
16.62 5.11259
16.65 5.1136
16.68 5.11462
16.71 5.11564
16.74 5.11668
16.77 5.11773
16.8 5.11879
16.83 5.11986
16.86 5.12095
16.89 5.12205
16.92 5.12316
16.95 5.12428
16.98 5.12542
17.01 5.12656
17.04 5.12773
17.07 5.1289
17.1 5.1301
17.13 5.1313
17.16 5.13252
17.19 5.13376
17.22 5.13501
17.25 5.13628
17.28 5.13756
17.31 5.13886
17.34 5.14018
17.37 5.14151
17.4 5.14286
17.43 5.14423
17.46 5.14562
17.49 5.14703
17.52 5.14846
17.55 5.1499
17.58 5.15137
17.61 5.15285
17.64 5.15436
17.67 5.15589
17.7 5.15744
17.73 5.15901
17.76 5.16061
17.79 5.16222
17.82 5.16387
17.85 5.16553
17.88 5.16722
17.91 5.16894
17.94 5.17068
17.97 5.17244
18 5.17424
18.03 5.17606
18.06 5.17791
18.09 5.17978
18.12 5.18169
18.15 5.18362
18.18 5.18559
18.21 5.18758
18.24 5.18961
18.27 5.19166
18.3 5.19375
18.33 5.19588
18.36 5.19803
18.39 5.20022
18.42 5.20244
18.45 5.2047
18.48 5.20699
18.51 5.20932
18.54 5.21168
18.57 5.21408
18.6 5.21652
18.63 5.21899
18.66 5.2215
18.69 5.22406
18.72 5.22665
18.75 5.22927
18.78 5.23194
18.81 5.23465
18.84 5.2374
18.87 5.24019
18.9 5.24302
18.93 5.24589
18.96 5.2488
18.99 5.25175
19.02 5.25474
19.05 5.25777
19.08 5.26085
19.11 5.26396
19.14 5.26712
19.17 5.27031
19.2 5.27354
19.23 5.27682
19.26 5.28013
19.29 5.28348
19.32 5.28686
19.35 5.29029
19.38 5.29374
19.41 5.29724
19.44 5.30076
19.47 5.30432
19.5 5.30791
19.53 5.31153
19.56 5.31518
19.59 5.31885
19.62 5.32255
19.65 5.32627
19.68 5.33001
19.71 5.33377
19.74 5.33755
19.77 5.34134
19.8 5.34514
19.83 5.34896
19.86 5.35278
19.89 5.3566
19.92 5.36043
19.95 5.36426
19.98 5.36808
20.01 5.3719
20.04 5.37571
20.07 5.37951
20.1 5.38329
20.13 5.38706
20.16 5.3908
20.19 5.39453
20.22 5.39822
20.25 5.40189
20.28 5.40552
20.31 5.40913
20.34 5.41269
20.37 5.41621
20.4 5.4197
20.43 5.42313
20.46 5.42653
20.49 5.42987
20.52 5.43316
20.55 5.4364
20.58 5.43959
20.61 5.44272
20.64 5.44579
20.67 5.4488
20.7 5.45176
20.73 5.45465
20.76 5.45749
20.79 5.46026
20.82 5.46297
20.85 5.46562
20.88 5.4682
20.91 5.47072
20.94 5.47318
20.97 5.47558
21 5.47791
21.03 5.48019
21.06 5.4824
21.09 5.48455
21.12 5.48664
21.15 5.48868
21.18 5.49066
21.21 5.49258
21.24 5.49444
21.27 5.49625
21.3 5.49801
21.33 5.49972
21.36 5.50137
21.39 5.50298
21.42 5.50454
21.45 5.50605
21.48 5.50752
21.51 5.50894
21.54 5.51032
21.57 5.51166
21.6 5.51296
21.63 5.51423
21.66 5.51545
21.69 5.51664
21.72 5.51779
21.75 5.51891
21.78 5.51999
21.81 5.52105
21.84 5.52207
21.87 5.52306
21.9 5.52403
21.93 5.52497
21.96 5.52588
21.99 5.52676
22.02 5.52762
22.05 5.52846
22.08 5.52927
22.11 5.53006
22.14 5.53083
22.17 5.53158
22.2 5.5323
22.23 5.53301
22.26 5.5337
22.29 5.53437
22.32 5.53501
22.35 5.53565
22.38 5.53626
22.41 5.53686
22.44 5.53744
22.47 5.53801
22.5 5.53856
22.53 5.53909
22.56 5.53961
22.59 5.54012
22.62 5.54061
22.65 5.54109
22.68 5.54155
22.71 5.542
22.74 5.54244
22.77 5.54287
22.8 5.54328
22.83 5.54368
22.86 5.54407
22.89 5.54445
22.92 5.54482
22.95 5.54518
22.98 5.54552
23.01 5.54586
23.04 5.54618
23.07 5.5465
23.1 5.5468
23.13 5.5471
23.16 5.54739
23.19 5.54766
23.22 5.54793
23.25 5.54819
23.28 5.54844
23.31 5.54868
23.34 5.54892
23.37 5.54914
23.4 5.54936
23.43 5.54957
23.46 5.54977
23.49 5.54997
23.52 5.55016
23.55 5.55034
23.58 5.55051
23.61 5.55068
23.64 5.55084
23.67 5.55099
23.7 5.55114
23.73 5.55128
23.76 5.55141
23.79 5.55154
23.82 5.55166
23.85 5.55178
23.88 5.55189
23.91 5.552
23.94 5.5521
23.97 5.55219
24 5.55228
24.03 5.55237
24.06 5.55245
24.09 5.55253
24.12 5.5526
24.15 5.55267
24.18 5.55273
24.21 5.55279
24.24 5.55284
24.27 5.55289
24.3 5.55294
24.33 5.55298
24.36 5.55302
24.39 5.55306
24.42 5.55309
24.45 5.55312
24.48 5.55315
24.51 5.55317
24.54 5.55319
24.57 5.5532
24.6 5.55322
24.63 5.55323
24.66 5.55324
24.69 5.55324
24.72 5.55324
24.75 5.55324
24.78 5.55324
24.81 5.55324
24.84 5.55323
24.87 5.55322
24.9 5.55321
24.93 5.55319
24.96 5.55318
24.99 5.55316
25.02 5.55314
25.05 5.55312
25.08 5.5531
25.11 5.55307
25.14 5.55304
25.17 5.55302
25.2 5.55299
25.23 5.55296
25.26 5.55292
25.29 5.55289
25.32 5.55285
25.35 5.55282
25.38 5.55278
25.41 5.55274
25.44 5.5527
25.47 5.55266
25.5 5.55262
25.53 5.55257
25.56 5.55253
25.59 5.55248
25.62 5.55244
25.65 5.55239
25.68 5.55234
25.71 5.55229
25.74 5.55224
25.77 5.55219
25.8 5.55214
25.83 5.55209
25.86 5.55204
25.89 5.55199
25.92 5.55193
25.95 5.55188
25.98 5.55183
26.01 5.55177
26.04 5.55171
26.07 5.55166
26.1 5.5516
26.13 5.55155
26.16 5.55149
26.19 5.55143
26.22 5.55137
26.25 5.55132
26.28 5.55126
26.31 5.5512
26.34 5.55114
26.37 5.55108
26.4 5.55102
26.43 5.55096
26.46 5.5509
26.49 5.55084
26.52 5.55078
26.55 5.55072
26.58 5.55066
26.61 5.5506
26.64 5.55054
26.67 5.55048
26.7 5.55042
26.73 5.55036
26.76 5.5503
26.79 5.55023
26.82 5.55017
26.85 5.55011
26.88 5.55005
26.91 5.54999
26.94 5.54993
26.97 5.54987
27 5.54981
27.03 5.54975
27.06 5.54968
27.09 5.54962
27.12 5.54956
27.15 5.5495
27.18 5.54944
27.21 5.54938
27.24 5.54932
27.27 5.54926
27.3 5.5492
27.33 5.54914
27.36 5.54908
27.39 5.54902
27.42 5.54896
27.45 5.5489
27.48 5.54884
27.51 5.54878
27.54 5.54872
27.57 5.54866
27.6 5.5486
27.63 5.54854
27.66 5.54848
27.69 5.54842
27.72 5.54837
27.75 5.54831
27.78 5.54825
27.81 5.54819
27.84 5.54813
27.87 5.54807
27.9 5.54802
27.93 5.54796
27.96 5.5479
27.99 5.54785
28.02 5.54779
28.05 5.54773
28.08 5.54767
28.11 5.54762
28.14 5.54756
28.17 5.54751
28.2 5.54745
28.23 5.54739
28.26 5.54734
28.29 5.54728
28.32 5.54723
28.35 5.54717
28.38 5.54712
28.41 5.54707
28.44 5.54701
28.47 5.54696
28.5 5.5469
28.53 5.54685
28.56 5.5468
28.59 5.54674
28.62 5.54669
28.65 5.54664
28.68 5.54658
28.71 5.54653
28.74 5.54648
28.77 5.54643
28.8 5.54637
28.83 5.54632
28.86 5.54627
28.89 5.54622
28.92 5.54617
28.95 5.54612
28.98 5.54607
29.01 5.54602
29.04 5.54597
29.07 5.54592
29.1 5.54587
29.13 5.54582
29.16 5.54577
29.19 5.54572
29.22 5.54567
29.25 5.54562
29.28 5.54557
29.31 5.54552
29.34 5.54547
29.37 5.54543
29.4 5.54538
29.43 5.54533
29.46 5.54528
29.49 5.54524
29.52 5.54519
29.55 5.54514
29.58 5.54509
29.61 5.54505
29.64 5.545
29.67 5.54496
29.7 5.54491
29.73 5.54486
29.76 5.54482
29.79 5.54477
29.82 5.54473
29.85 5.54468
29.88 5.54464
29.91 5.54459
29.94 5.54455
29.97 5.5445
30 5.54446
30.001 5
