0 0
0.03 0.556007
0.06 0.557051
0.09 0.558097
0.12 0.559143
0.15 0.560191
0.18 0.561239
0.21 0.562288
0.24 0.563338
0.27 0.564389
0.3 0.565441
0.33 0.566494
0.36 0.567548
0.39 0.568603
0.42 0.569658
0.45 0.570715
0.48 0.571773
0.51 0.572831
0.54 0.573891
0.57 0.574951
0.6 0.576012
0.63 0.577075
0.66 0.578138
0.69 0.579202
0.72 0.580267
0.75 0.581334
0.78 0.582401
0.81 0.583469
0.84 0.584538
0.87 0.585608
0.9 0.586679
0.93 0.587752
0.96 0.588825
0.99 0.589899
1.02 0.590974
1.05 0.59205
1.08 0.593128
1.11 0.594206
1.14 0.595285
1.17 0.596366
1.2 0.597447
1.23 0.598529
1.26 0.599613
1.29 0.600698
1.32 0.601783
1.35 0.60287
1.38 0.603958
1.41 0.605047
1.44 0.606136
1.47 0.607228
1.5 0.60832
1.53 0.609413
1.56 0.610507
1.59 0.611603
1.62 0.612699
1.65 0.613797
1.68 0.614896
1.71 0.615996
1.74 0.617097
1.77 0.618199
1.8 0.619302
1.83 0.620407
1.86 0.621512
1.89 0.622619
1.92 0.623727
1.95 0.624836
1.98 0.625947
2.01 0.627058
2.04 0.628171
2.07 0.629285
2.1 0.6304
2.13 0.631516
2.16 0.632634
2.19 0.633752
2.22 0.634872
2.25 0.635993
2.28 0.637116
2.31 0.63824
2.34 0.639364
2.37 0.640491
2.4 0.641618
2.43 0.642747
2.46 0.643877
2.49 0.645008
2.52 0.646141
2.55 0.647274
2.58 0.64841
2.61 0.649546
2.64 0.650684
2.67 0.651823
2.7 0.652963
2.73 0.654105
2.76 0.655248
2.79 0.656392
2.82 0.657538
2.85 0.658685
2.88 0.659834
2.91 0.660983
2.94 0.662135
2.97 0.663287
3 0.664441
3.03 0.665597
3.06 0.666754
3.09 0.667912
3.12 0.669071
3.15 0.670232
3.18 0.671395
3.21 0.672559
3.24 0.673724
3.27 0.674891
3.3 0.676059
3.33 0.677229
3.36 0.6784
3.39 0.679573
3.42 0.680747
3.45 0.681923
3.48 0.6831
3.51 0.684279
3.54 0.68546
3.57 0.686641
3.6 0.687825
3.63 0.68901
3.66 0.690196
3.69 0.691384
3.72 0.692574
3.75 0.693765
3.78 0.694958
3.81 0.696152
3.84 0.697348
3.87 0.698546
3.9 0.699745
3.93 0.700946
3.96 0.702148
3.99 0.703353
4.02 0.704558
4.05 0.705766
4.08 0.706975
4.11 0.708186
4.14 0.709398
4.17 0.710613
4.2 0.711828
4.23 0.713046
4.26 0.714265
4.29 0.715487
4.32 0.716709
4.35 0.717934
4.38 0.71916
4.41 0.720389
4.44 0.721618
4.47 0.72285
4.5 0.724084
4.53 0.725319
4.56 0.726556
4.59 0.727795
4.62 0.729036
4.65 0.730279
4.68 0.731523
4.71 0.73277
4.74 0.734018
4.77 0.735268
4.8 0.73652
4.83 0.737774
4.86 0.73903
4.89 0.740288
4.92 0.741547
4.95 0.742809
4.98 0.744073
5.01 0.745338
5.04 0.746606
5.07 0.747876
5.1 0.749147
5.13 0.750421
5.16 0.751696
5.19 0.752974
5.22 0.754254
5.25 0.755535
5.28 0.756819
5.31 0.758105
5.34 0.759393
5.37 0.760683
5.4 0.761975
5.43 0.76327
5.46 0.764566
5.49 0.765865
5.52 0.767165
5.55 0.768468
5.58 0.769773
5.61 0.77108
5.64 0.77239
5.67 0.773702
5.7 0.775015
5.73 0.776331
5.76 0.77765
5.79 0.77897
5.82 0.780293
5.85 0.781618
5.88 0.782946
5.91 0.784276
5.94 0.785608
5.97 0.786942
6 0.788279
6.03 0.789618
6.06 0.790959
6.09 0.792303
6.12 0.793649
6.15 0.794998
6.18 0.796349
6.21 0.797702
6.24 0.799058
6.27 0.800417
6.3 0.801778
6.33 0.803141
6.36 0.804507
6.39 0.805875
6.42 0.807246
6.45 0.808619
6.48 0.809995
6.51 0.811374
6.54 0.812755
6.57 0.814138
6.6 0.815524
6.63 0.816913
6.66 0.818305
6.69 0.819699
6.72 0.821096
6.75 0.822495
6.78 0.823897
6.81 0.825302
6.84 0.826709
6.87 0.82812
6.9 0.829533
6.93 0.830948
6.96 0.832367
6.99 0.833788
7.02 0.835212
7.05 0.836639
7.08 0.838069
7.11 0.839501
7.14 0.840937
7.17 0.842375
7.2 0.843816
7.23 0.84526
7.26 0.846707
7.29 0.848157
7.32 0.84961
7.35 0.851066
7.38 0.852524
7.41 0.853986
7.44 0.855451
7.47 0.856919
7.5 0.858389
7.53 0.859863
7.56 0.86134
7.59 0.86282
7.62 0.864303
7.65 0.86579
7.68 0.867279
7.71 0.868772
7.74 0.870267
7.77 0.871766
7.8 0.873268
7.83 0.874774
7.86 0.876282
7.89 0.877794
7.92 0.879309
7.95 0.880827
7.98 0.882349
8.01 0.883874
8.04 0.885402
8.07 0.886934
8.1 0.888469
8.13 0.890007
8.16 0.891549
8.19 0.893094
8.22 0.894642
8.25 0.896195
8.28 0.89775
8.31 0.899309
8.34 0.900872
8.37 0.902438
8.4 0.904007
8.43 0.905581
8.46 0.907157
8.49 0.908738
8.52 0.910322
8.55 0.911909
8.58 0.9135
8.61 0.915095
8.64 0.916694
8.67 0.918296
8.7 0.919902
8.73 0.921512
8.76 0.923126
8.79 0.924743
8.82 0.926364
8.85 0.927989
8.88 0.929618
8.91 0.931251
8.94 0.932887
8.97 0.934528
9 0.936172
9.03 0.937821
9.06 0.939473
9.09 0.941129
9.12 0.94279
9.15 0.944454
9.18 0.946122
9.21 0.947795
9.24 0.949471
9.27 0.951152
9.3 0.952837
9.33 0.954526
9.36 0.956219
9.39 0.957916
9.42 0.959618
9.45 0.961323
9.48 0.963033
9.51 0.964748
9.54 0.966466
9.57 0.968189
9.6 0.969916
9.63 0.971648
9.66 0.973384
9.69 0.975125
9.72 0.97687
9.75 0.978619
9.78 0.980373
9.81 0.982131
9.84 0.983894
9.87 0.985661
9.9 0.987433
9.93 0.98921
9.96 0.990991
9.99 0.992777
10.02 0.994568
10.05 0.996363
10.08 0.998163
10.11 0.999968
10.14 1.00178
10.17 1.00359
10.2 1.00541
10.23 1.00723
10.26 1.00906
10.29 1.0109
10.32 1.01274
10.35 1.01458
10.38 1.01643
10.41 1.01828
10.44 1.02014
10.47 1.022
10.5 1.02387
10.53 1.02575
10.56 1.02763
10.59 1.02951
10.62 1.0314
10.65 1.03329
10.68 1.03519
10.71 1.0371
10.74 1.03901
10.77 1.04093
10.8 1.04285
10.83 1.04477
10.86 1.04671
10.89 1.04864
10.92 1.05059
10.95 1.05253
10.98 1.05449
11.01 1.05645
11.04 1.05841
11.07 1.06038
11.1 1.06236
11.13 1.06434
11.16 1.06633
11.19 1.06832
11.22 1.07032
11.25 1.07233
11.28 1.07434
11.31 1.07636
11.34 1.07838
11.37 1.08041
11.4 1.08245
11.43 1.08449
11.46 1.08653
11.49 1.08859
11.52 1.09065
11.55 1.09271
11.58 1.09478
11.61 1.09686
11.64 1.09895
11.67 1.10104
11.7 1.10314
11.73 1.10524
11.76 1.10735
11.79 1.10947
11.82 1.11159
11.85 1.11372
11.88 1.11586
11.91 1.118
11.94 1.12015
11.97 1.12231
12 1.12447
12.03 1.12664
12.06 1.12882
12.09 1.131
12.12 1.13319
12.15 1.13539
12.18 1.13759
12.21 1.13981
12.24 1.14203
12.27 1.14425
12.3 1.14649
12.33 1.14873
12.36 1.15098
12.39 1.15323
12.42 1.1555
12.45 1.15777
12.48 1.16005
12.51 1.16233
12.54 1.16463
12.57 1.16693
12.6 1.16924
12.63 1.17156
12.66 1.17388
12.69 1.17621
12.72 1.17856
12.75 1.18091
12.78 1.18326
12.81 1.18563
12.84 1.188
12.87 1.19039
12.9 1.19278
12.93 1.19518
12.96 1.19759
12.99 1.2
13.02 1.20243
13.05 1.20486
13.08 1.20731
13.11 1.20976
13.14 1.21222
13.17 1.21469
13.2 1.21717
13.23 1.21966
13.26 1.22216
13.29 1.22467
13.32 1.22718
13.35 1.22971
13.38 1.23225
13.41 1.23479
13.44 1.23735
13.47 1.23992
13.5 1.24249
13.53 1.24508
13.56 1.24768
13.59 1.25028
13.62 1.2529
13.65 1.25553
13.68 1.25817
13.71 1.26082
13.74 1.26348
13.77 1.26615
13.8 1.26883
13.83 1.27153
13.86 1.27423
13.89 1.27695
13.92 1.27968
13.95 1.28242
13.98 1.28517
14.01 1.28793
14.04 1.29071
14.07 1.2935
14.1 1.2963
14.13 1.29911
14.16 1.30194
14.19 1.30478
14.22 1.30763
14.25 1.31049
14.28 1.31337
14.31 1.31626
14.34 1.31917
14.37 1.32209
14.4 1.32502
14.43 1.32797
14.46 1.33093
14.49 1.33391
14.52 1.3369
14.55 1.3399
14.58 1.34292
14.61 1.34596
14.64 1.34901
14.67 1.35208
14.7 1.35516
14.73 1.35826
14.76 1.36138
14.79 1.36451
14.82 1.36766
14.85 1.37082
14.88 1.37401
14.91 1.37721
14.94 1.38043
14.97 1.38366
15 1.38692
15.03 1.39019
15.06 1.39349
15.09 1.3968
15.12 1.40013
15.15 1.40348
15.18 1.40685
15.21 1.41024
15.24 1.41365
15.27 1.41709
15.3 1.42054
15.33 1.42402
15.36 1.42751
15.39 1.43103
15.42 1.43458
15.45 1.43814
15.48 1.44173
15.51 1.44534
15.54 1.44898
15.57 1.45264
15.6 1.45633
15.63 1.46004
15.66 1.46378
15.69 1.46754
15.72 1.47134
15.75 1.47515
15.78 1.479
15.81 1.48287
15.84 1.48678
15.87 1.49071
15.9 1.49467
15.93 1.49867
15.96 1.50269
15.99 1.50674
16.02 1.51083
16.05 1.51495
16.08 1.5191
16.11 1.52329
16.14 1.52751
16.17 1.53176
16.2 1.53605
16.23 1.54038
16.26 1.54474
16.29 1.54915
16.32 1.55359
16.35 1.55807
16.38 1.56259
16.41 1.56715
16.44 1.57175
16.47 1.57639
16.5 1.58108
16.53 1.58581
16.56 1.59059
16.59 1.59541
16.62 1.60028
16.65 1.60519
16.68 1.61016
16.71 1.61517
16.74 1.62023
16.77 1.62535
16.8 1.63052
16.83 1.63574
16.86 1.64102
16.89 1.64635
16.92 1.65174
16.95 1.65719
16.98 1.66269
17.01 1.66826
17.04 1.67389
17.07 1.67958
17.1 1.68534
17.13 1.69116
17.16 1.69705
17.19 1.70301
17.22 1.70903
17.25 1.71513
17.28 1.72131
17.31 1.72755
17.34 1.73387
17.37 1.74027
17.4 1.74675
17.43 1.75331
17.46 1.75995
17.49 1.76668
17.52 1.77349
17.55 1.78039
17.58 1.78738
17.61 1.79446
17.64 1.80163
17.67 1.8089
17.7 1.81626
17.73 1.82373
17.76 1.83129
17.79 1.83896
17.82 1.84674
17.85 1.85462
17.88 1.86261
17.91 1.87071
17.94 1.87893
17.97 1.88726
18 1.89572
18.03 1.90429
18.06 1.91299
18.09 1.92181
18.12 1.93076
18.15 1.93984
18.18 1.94906
18.21 1.95841
18.24 1.9679
18.27 1.97753
18.3 1.9873
18.33 1.99722
18.36 2.00729
18.39 2.0175
18.42 2.02788
18.45 2.0384
18.48 2.04909
18.51 2.05994
18.54 2.07095
18.57 2.08212
18.6 2.09347
18.63 2.10498
18.66 2.11667
18.69 2.12854
18.72 2.14058
18.75 2.15281
18.78 2.16521
18.81 2.1778
18.84 2.19058
18.87 2.20354
18.9 2.2167
18.93 2.23004
18.96 2.24358
18.99 2.25732
19.02 2.27124
19.05 2.28537
19.08 2.29969
19.11 2.31421
19.14 2.32893
19.17 2.34385
19.2 2.35896
19.23 2.37427
19.26 2.38978
19.29 2.40549
19.32 2.42139
19.35 2.43749
19.38 2.45377
19.41 2.47025
19.44 2.48692
19.47 2.50377
19.5 2.5208
19.53 2.538
19.56 2.55539
19.59 2.57294
19.62 2.59065
19.65 2.60853
19.68 2.62655
19.71 2.64473
19.74 2.66305
19.77 2.6815
19.8 2.70008
19.83 2.71877
19.86 2.73758
19.89 2.75649
19.92 2.7755
19.95 2.79459
19.98 2.81376
20.01 2.83299
20.04 2.85228
20.07 2.87161
20.1 2.89097
20.13 2.91036
20.16 2.92977
20.19 2.94917
20.22 2.96856
20.25 2.98793
20.28 3.00727
20.31 3.02657
20.34 3.04581
20.37 3.06498
20.4 3.08407
20.43 3.10307
20.46 3.12197
20.49 3.14075
20.52 3.15941
20.55 3.17794
20.58 3.19633
20.61 3.21456
20.64 3.23263
20.67 3.25052
20.7 3.26823
20.73 3.28575
20.76 3.30307
20.79 3.32019
20.82 3.33709
20.85 3.35377
20.88 3.37023
20.91 3.38645
20.94 3.40244
20.97 3.41818
21 3.43367
21.03 3.44891
21.06 3.4639
21.09 3.47863
21.12 3.49309
21.15 3.5073
21.18 3.52123
21.21 3.53491
21.24 3.54831
21.27 3.56145
21.3 3.57432
21.33 3.58692
21.36 3.59925
21.39 3.61131
21.42 3.62311
21.45 3.63465
21.48 3.64592
21.51 3.65693
21.54 3.66768
21.57 3.67818
21.6 3.68842
21.63 3.69842
21.66 3.70816
21.69 3.71766
21.72 3.72692
21.75 3.73594
21.78 3.74473
21.81 3.75329
21.84 3.76162
21.87 3.76973
21.9 3.77762
21.93 3.78529
21.96 3.79275
21.99 3.80001
22.02 3.80707
22.05 3.81392
22.08 3.82059
22.11 3.82706
22.14 3.83335
22.17 3.83945
22.2 3.84538
22.23 3.85114
22.26 3.85672
22.29 3.86214
22.32 3.8674
22.35 3.8725
22.38 3.87745
22.41 3.88225
22.44 3.8869
22.47 3.89142
22.5 3.89579
22.53 3.90003
22.56 3.90413
22.59 3.90811
22.62 3.91197
22.65 3.9157
22.68 3.91932
22.71 3.92282
22.74 3.92621
22.77 3.9295
22.8 3.93268
22.83 3.93575
22.86 3.93873
22.89 3.94161
22.92 3.9444
22.95 3.94709
22.98 3.9497
23.01 3.95222
23.04 3.95466
23.07 3.95701
23.1 3.95929
23.13 3.96149
23.16 3.96362
23.19 3.96568
23.22 3.96766
23.25 3.96958
23.28 3.97143
23.31 3.97322
23.34 3.97494
23.37 3.97661
23.4 3.97821
23.43 3.97976
23.46 3.98126
23.49 3.9827
23.52 3.98409
23.55 3.98543
23.58 3.98672
23.61 3.98796
23.64 3.98916
23.67 3.99031
23.7 3.99142
23.73 3.99249
23.76 3.99351
23.79 3.9945
23.82 3.99545
23.85 3.99636
23.88 3.99723
23.91 3.99807
23.94 3.99888
23.97 3.99965
24 4.00039
24.03 4.0011
24.06 4.00178
24.09 4.00243
24.12 4.00305
24.15 4.00364
24.18 4.00421
24.21 4.00475
24.24 4.00527
24.27 4.00576
24.3 4.00623
24.33 4.00668
24.36 4.0071
24.39 4.0075
24.42 4.00788
24.45 4.00824
24.48 4.00858
24.51 4.00891
24.54 4.00921
24.57 4.0095
24.6 4.00976
24.63 4.01002
24.66 4.01025
24.69 4.01047
24.72 4.01067
24.75 4.01086
24.78 4.01104
24.81 4.0112
24.84 4.01135
24.87 4.01148
24.9 4.0116
24.93 4.01171
24.96 4.01181
24.99 4.01189
25.02 4.01197
25.05 4.01203
25.08 4.01208
25.11 4.01213
25.14 4.01216
25.17 4.01218
25.2 4.0122
25.23 4.0122
25.26 4.0122
25.29 4.01219
25.32 4.01217
25.35 4.01214
25.38 4.01211
25.41 4.01206
25.44 4.01201
25.47 4.01196
25.5 4.01189
25.53 4.01183
25.56 4.01175
25.59 4.01167
25.62 4.01158
25.65 4.01149
25.68 4.01139
25.71 4.01129
25.74 4.01118
25.77 4.01106
25.8 4.01095
25.83 4.01082
25.86 4.0107
25.89 4.01057
25.92 4.01043
25.95 4.01029
25.98 4.01015
26.01 4.01
26.04 4.00985
26.07 4.0097
26.1 4.00954
26.13 4.00938
26.16 4.00922
26.19 4.00906
26.22 4.00889
26.25 4.00872
26.28 4.00854
26.31 4.00837
26.34 4.00819
26.37 4.00801
26.4 4.00783
26.43 4.00764
26.46 4.00746
26.49 4.00727
26.52 4.00708
26.55 4.00689
26.58 4.00669
26.61 4.0065
26.64 4.0063
26.67 4.0061
26.7 4.0059
26.73 4.0057
26.76 4.0055
26.79 4.0053
26.82 4.00509
26.85 4.00489
26.88 4.00468
26.91 4.00447
26.94 4.00427
26.97 4.00406
27 4.00385
27.03 4.00364
27.06 4.00343
27.09 4.00322
27.12 4.003
27.15 4.00279
27.18 4.00258
27.21 4.00237
27.24 4.00215
27.27 4.00194
27.3 4.00172
27.33 4.00151
27.36 4.00129
27.39 4.00108
27.42 4.00086
27.45 4.00065
27.48 4.00043
27.51 4.00022
27.54 4
27.57 3.99979
27.6 3.99957
27.63 3.99935
27.66 3.99914
27.69 3.99892
27.72 3.99871
27.75 3.99849
27.78 3.99828
27.81 3.99806
27.84 3.99785
27.87 3.99763
27.9 3.99742
27.93 3.9972
27.96 3.99699
27.99 3.99678
28.02 3.99656
28.05 3.99635
28.08 3.99614
28.11 3.99592
28.14 3.99571
28.17 3.9955
28.2 3.99529
28.23 3.99508
28.26 3.99487
28.29 3.99466
28.32 3.99445
28.35 3.99424
28.38 3.99403
28.41 3.99382
28.44 3.99362
28.47 3.99341
28.5 3.9932
28.53 3.993
28.56 3.99279
28.59 3.99259
28.62 3.99238
28.65 3.99218
28.68 3.99197
28.71 3.99177
28.74 3.99157
28.77 3.99137
28.8 3.99116
28.83 3.99096
28.86 3.99076
28.89 3.99056
28.92 3.99037
28.95 3.99017
28.98 3.98997
29.01 3.98977
29.04 3.98958
29.07 3.98938
29.1 3.98919
29.13 3.98899
29.16 3.9888
29.19 3.9886
29.22 3.98841
29.25 3.98822
29.28 3.98803
29.31 3.98784
29.34 3.98765
29.37 3.98746
29.4 3.98727
29.43 3.98708
29.46 3.98689
29.49 3.9867
29.52 3.98652
29.55 3.98633
29.58 3.98615
29.61 3.98596
29.64 3.98578
29.67 3.9856
29.7 3.98541
29.73 3.98523
29.76 3.98505
29.79 3.98487
29.82 3.98469
29.85 3.98451
29.88 3.98433
29.91 3.98416
29.94 3.98398
29.97 3.9838
30 3.98363
30.001 0
