0 0
0.03 0.87812
0.06 0.879023
0.09 0.879925
0.12 0.880827
0.15 0.881729
0.18 0.882631
0.21 0.883534
0.24 0.884436
0.27 0.885338
0.3 0.886241
0.33 0.887143
0.36 0.888046
0.39 0.888948
0.42 0.889851
0.45 0.890754
0.48 0.891656
0.51 0.892559
0.54 0.893462
0.57 0.894365
0.6 0.895268
0.63 0.89617
0.66 0.897073
0.69 0.897976
0.72 0.898879
0.75 0.899783
0.78 0.900686
0.81 0.901589
0.84 0.902492
0.87 0.903395
0.9 0.904299
0.93 0.905202
0.96 0.906105
0.99 0.907009
1.02 0.907912
1.05 0.908816
1.08 0.909719
1.11 0.910623
1.14 0.911527
1.17 0.91243
1.2 0.913334
1.23 0.914238
1.26 0.915142
1.29 0.916046
1.32 0.916949
1.35 0.917853
1.38 0.918757
1.41 0.919662
1.44 0.920566
1.47 0.92147
1.5 0.922374
1.53 0.923278
1.56 0.924183
1.59 0.925087
1.62 0.925992
1.65 0.926896
1.68 0.927801
1.71 0.928705
1.74 0.92961
1.77 0.930515
1.8 0.93142
1.83 0.932324
1.86 0.933229
1.89 0.934134
1.92 0.935039
1.95 0.935944
1.98 0.936849
2.01 0.937755
2.04 0.93866
2.07 0.939565
2.1 0.940471
2.13 0.941376
2.16 0.942282
2.19 0.943187
2.22 0.944093
2.25 0.944999
2.28 0.945904
2.31 0.94681
2.34 0.947716
2.37 0.948622
2.4 0.949528
2.43 0.950434
2.46 0.951341
2.49 0.952247
2.52 0.953153
2.55 0.95406
2.58 0.954966
2.61 0.955873
2.64 0.95678
2.67 0.957686
2.7 0.958593
2.73 0.9595
2.76 0.960407
2.79 0.961314
2.82 0.962221
2.85 0.963129
2.88 0.964036
2.91 0.964944
2.94 0.965851
2.97 0.966759
3 0.967666
3.03 0.968574
3.06 0.969482
3.09 0.97039
3.12 0.971298
3.15 0.972207
3.18 0.973115
3.21 0.974023
3.24 0.974932
3.27 0.975841
3.3 0.976749
3.33 0.977658
3.36 0.978567
3.39 0.979476
3.42 0.980385
3.45 0.981295
3.48 0.982204
3.51 0.983114
3.54 0.984023
3.57 0.984933
3.6 0.985843
3.63 0.986753
3.66 0.987663
3.69 0.988574
3.72 0.989484
3.75 0.990395
3.78 0.991305
3.81 0.992216
3.84 0.993127
3.87 0.994038
3.9 0.99495
3.93 0.995861
3.96 0.996772
3.99 0.997684
4.02 0.998596
4.05 0.999508
4.08 1.00042
4.11 1.00133
4.14 1.00224
4.17 1.00316
4.2 1.00407
4.23 1.00498
4.26 1.0059
4.29 1.00681
4.32 1.00772
4.35 1.00864
4.38 1.00955
4.41 1.01046
4.44 1.01138
4.47 1.01229
4.5 1.01321
4.53 1.01412
4.56 1.01504
4.59 1.01595
4.62 1.01687
4.65 1.01778
4.68 1.0187
4.71 1.01961
4.74 1.02053
4.77 1.02145
4.8 1.02236
4.83 1.02328
4.86 1.0242
4.89 1.02511
4.92 1.02603
4.95 1.02695
4.98 1.02787
5.01 1.02878
5.04 1.0297
5.07 1.03062
5.1 1.03154
5.13 1.03246
5.16 1.03338
5.19 1.0343
5.22 1.03522
5.25 1.03614
5.28 1.03706
5.31 1.03798
5.34 1.0389
5.37 1.03982
5.4 1.04074
5.43 1.04166
5.46 1.04258
5.49 1.04351
5.52 1.04443
5.55 1.04535
5.58 1.04627
5.61 1.0472
5.64 1.04812
5.67 1.04904
5.7 1.04997
5.73 1.05089
5.76 1.05182
5.79 1.05274
5.82 1.05367
5.85 1.05459
5.88 1.05552
5.91 1.05644
5.94 1.05737
5.97 1.0583
6 1.05923
6.03 1.06015
6.06 1.06108
6.09 1.06201
6.12 1.06294
6.15 1.06387
6.18 1.0648
6.21 1.06573
6.24 1.06666
6.27 1.06759
6.3 1.06852
6.33 1.06945
6.36 1.07038
6.39 1.07131
6.42 1.07224
6.45 1.07318
6.48 1.07411
6.51 1.07504
6.54 1.07598
6.57 1.07691
6.6 1.07785
6.63 1.07878
6.66 1.07972
6.69 1.08065
6.72 1.08159
6.75 1.08253
6.78 1.08346
6.81 1.0844
6.84 1.08534
6.87 1.08628
6.9 1.08722
6.93 1.08816
6.96 1.0891
6.99 1.09004
7.02 1.09098
7.05 1.09192
7.08 1.09286
7.11 1.09381
7.14 1.09475
7.17 1.09569
7.2 1.09664
7.23 1.09758
7.26 1.09853
7.29 1.09947
7.32 1.10042
7.35 1.10136
7.38 1.10231
7.41 1.10326
7.44 1.10421
7.47 1.10516
7.5 1.10611
7.53 1.10706
7.56 1.10801
7.59 1.10896
7.62 1.10991
7.65 1.11086
7.68 1.11182
7.71 1.11277
7.74 1.11372
7.77 1.11468
7.8 1.11563
7.83 1.11659
7.86 1.11755
7.89 1.1185
7.92 1.11946
7.95 1.12042
7.98 1.12138
8.01 1.12234
8.04 1.1233
8.07 1.12426
8.1 1.12522
8.13 1.12619
8.16 1.12715
8.19 1.12811
8.22 1.12908
8.25 1.13004
8.28 1.13101
8.31 1.13198
8.34 1.13295
8.37 1.13391
8.4 1.13488
8.43 1.13585
8.46 1.13682
8.49 1.1378
8.52 1.13877
8.55 1.13974
8.58 1.14072
8.61 1.14169
8.64 1.14267
8.67 1.14364
8.7 1.14462
8.73 1.1456
8.76 1.14658
8.79 1.14756
8.82 1.14854
8.85 1.14952
8.88 1.1505
8.91 1.15148
8.94 1.15247
8.97 1.15345
9 1.15444
9.03 1.15543
9.06 1.15641
9.09 1.1574
9.12 1.15839
9.15 1.15938
9.18 1.16037
9.21 1.16137
9.24 1.16236
9.27 1.16335
9.3 1.16435
9.33 1.16535
9.36 1.16634
9.39 1.16734
9.42 1.16834
9.45 1.16934
9.48 1.17034
9.51 1.17135
9.54 1.17235
9.57 1.17336
9.6 1.17436
9.63 1.17537
9.66 1.17638
9.69 1.17739
9.72 1.1784
9.75 1.17941
9.78 1.18042
9.81 1.18143
9.84 1.18245
9.87 1.18346
9.9 1.18448
9.93 1.1855
9.96 1.18652
9.99 1.18754
10.02 1.18856
10.05 1.18958
10.08 1.19061
10.11 1.19164
10.14 1.19266
10.17 1.19369
10.2 1.19472
10.23 1.19575
10.26 1.19678
10.29 1.19782
10.32 1.19885
10.35 1.19989
10.38 1.20092
10.41 1.20196
10.44 1.203
10.47 1.20404
10.5 1.20509
10.53 1.20613
10.56 1.20718
10.59 1.20822
10.62 1.20927
10.65 1.21032
10.68 1.21137
10.71 1.21243
10.74 1.21348
10.77 1.21454
10.8 1.21559
10.83 1.21665
10.86 1.21771
10.89 1.21878
10.92 1.21984
10.95 1.2209
10.98 1.22197
11.01 1.22304
11.04 1.22411
11.07 1.22518
11.1 1.22625
11.13 1.22733
11.16 1.22841
11.19 1.22948
11.22 1.23056
11.25 1.23164
11.28 1.23273
11.31 1.23381
11.34 1.2349
11.37 1.23599
11.4 1.23708
11.43 1.23817
11.46 1.23926
11.49 1.24036
11.52 1.24146
11.55 1.24255
11.58 1.24366
11.61 1.24476
11.64 1.24586
11.67 1.24697
11.7 1.24808
11.73 1.24919
11.76 1.2503
11.79 1.25142
11.82 1.25253
11.85 1.25365
11.88 1.25477
11.91 1.25589
11.94 1.25702
11.97 1.25814
12 1.25927
12.03 1.2604
12.06 1.26153
12.09 1.26267
12.12 1.26381
12.15 1.26495
12.18 1.26609
12.21 1.26723
12.24 1.26837
12.27 1.26952
12.3 1.27067
12.33 1.27182
12.36 1.27298
12.39 1.27414
12.42 1.27529
12.45 1.27646
12.48 1.27762
12.51 1.27878
12.54 1.27995
12.57 1.28112
12.6 1.2823
12.63 1.28347
12.66 1.28465
12.69 1.28583
12.72 1.28701
12.75 1.2882
12.78 1.28938
12.81 1.29057
12.84 1.29177
12.87 1.29296
12.9 1.29416
12.93 1.29536
12.96 1.29656
12.99 1.29777
13.02 1.29898
13.05 1.30019
13.08 1.3014
13.11 1.30262
13.14 1.30384
13.17 1.30506
13.2 1.30628
13.23 1.30751
13.26 1.30874
13.29 1.30997
13.32 1.31121
13.35 1.31245
13.38 1.31369
13.41 1.31493
13.44 1.31618
13.47 1.31743
13.5 1.31869
13.53 1.31994
13.56 1.3212
13.59 1.32246
13.62 1.32373
13.65 1.325
13.68 1.32627
13.71 1.32754
13.74 1.32882
13.77 1.3301
13.8 1.33139
13.83 1.33267
13.86 1.33397
13.89 1.33526
13.92 1.33656
13.95 1.33786
13.98 1.33916
14.01 1.34047
14.04 1.34178
14.07 1.34309
14.1 1.34441
14.13 1.34573
14.16 1.34706
14.19 1.34838
14.22 1.34971
14.25 1.35105
14.28 1.35239
14.31 1.35373
14.34 1.35508
14.37 1.35643
14.4 1.35778
14.43 1.35913
14.46 1.3605
14.49 1.36186
14.52 1.36323
14.55 1.3646
14.58 1.36598
14.61 1.36735
14.64 1.36874
14.67 1.37013
14.7 1.37152
14.73 1.37291
14.76 1.37431
14.79 1.37571
14.82 1.37712
14.85 1.37853
14.88 1.37995
14.91 1.38137
14.94 1.38279
14.97 1.38422
15 1.38565
15.03 1.38709
15.06 1.38853
15.09 1.38998
15.12 1.39142
15.15 1.39288
15.18 1.39434
15.21 1.3958
15.24 1.39727
15.27 1.39874
15.3 1.40021
15.33 1.4017
15.36 1.40318
15.39 1.40467
15.42 1.40617
15.45 1.40767
15.48 1.40917
15.51 1.41068
15.54 1.41219
15.57 1.41371
15.6 1.41523
15.63 1.41676
15.66 1.4183
15.69 1.41983
15.72 1.42138
15.75 1.42293
15.78 1.42448
15.81 1.42604
15.84 1.4276
15.87 1.42917
15.9 1.43075
15.93 1.43232
15.96 1.43391
15.99 1.4355
16.02 1.4371
16.05 1.4387
16.08 1.4403
16.11 1.44191
16.14 1.44353
16.17 1.44515
16.2 1.44678
16.23 1.44842
16.26 1.45006
16.29 1.4517
16.32 1.45335
16.35 1.45501
16.38 1.45667
16.41 1.45834
16.44 1.46002
16.47 1.4617
16.5 1.46339
16.53 1.46508
16.56 1.46678
16.59 1.46848
16.62 1.4702
16.65 1.47191
16.68 1.47364
16.71 1.47537
16.74 1.47711
16.77 1.47885
16.8 1.4806
16.83 1.48236
16.86 1.48412
16.89 1.48589
16.92 1.48766
16.95 1.48945
16.98 1.49124
17.01 1.49303
17.04 1.49484
17.07 1.49665
17.1 1.49847
17.13 1.50029
17.16 1.50212
17.19 1.50396
17.22 1.50581
17.25 1.50766
17.28 1.50952
17.31 1.51139
17.34 1.51327
17.37 1.51515
17.4 1.51704
17.43 1.51894
17.46 1.52085
17.49 1.52276
17.52 1.52468
17.55 1.52661
17.58 1.52855
17.61 1.5305
17.64 1.53245
17.67 1.53441
17.7 1.53638
17.73 1.53836
17.76 1.54035
17.79 1.54234
17.82 1.54435
17.85 1.54636
17.88 1.54838
17.91 1.55041
17.94 1.55245
17.97 1.55449
18 1.55655
18.03 1.55862
18.06 1.56069
18.09 1.56277
18.12 1.56487
18.15 1.56697
18.18 1.56908
18.21 1.5712
18.24 1.57333
18.27 1.57547
18.3 1.57762
18.33 1.57978
18.36 1.58195
18.39 1.58413
18.42 1.58632
18.45 1.58852
18.48 1.59073
18.51 1.59295
18.54 1.59518
18.57 1.59742
18.6 1.59967
18.63 1.60194
18.66 1.60421
18.69 1.60649
18.72 1.60879
18.75 1.6111
18.78 1.61342
18.81 1.61575
18.84 1.61809
18.87 1.62044
18.9 1.6228
18.93 1.62518
18.96 1.62757
18.99 1.62997
19.02 1.63238
19.05 1.63481
19.08 1.63724
19.11 1.63969
19.14 1.64216
19.17 1.64463
19.2 1.64712
19.23 1.64962
19.26 1.65213
19.29 1.65466
19.32 1.6572
19.35 1.65976
19.38 1.66233
19.41 1.66491
19.44 1.66751
19.47 1.67012
19.5 1.67275
19.53 1.67539
19.56 1.67804
19.59 1.68071
19.62 1.6834
19.65 1.6861
19.68 1.68881
19.71 1.69154
19.74 1.69429
19.77 1.69705
19.8 1.69983
19.83 1.70263
19.86 1.70544
19.89 1.70827
19.92 1.71111
19.95 1.71397
19.98 1.71685
20.01 1.71975
20.04 1.72267
20.07 1.7256
20.1 1.72855
20.13 1.73152
20.16 1.73451
20.19 1.73751
20.22 1.74054
20.25 1.74358
20.28 1.74665
20.31 1.74973
20.34 1.75283
20.37 1.75596
20.4 1.7591
20.43 1.76227
20.46 1.76545
20.49 1.76866
20.52 1.77189
20.55 1.77514
20.58 1.77841
20.61 1.78171
20.64 1.78503
20.67 1.78837
20.7 1.79173
20.73 1.79512
20.76 1.79853
20.79 1.80197
20.82 1.80543
20.85 1.80891
20.88 1.81242
20.91 1.81596
20.94 1.81952
20.97 1.82311
21 1.82672
21.03 1.83036
21.06 1.83403
21.09 1.83773
21.12 1.84145
21.15 1.84521
21.18 1.84899
21.21 1.8528
21.24 1.85664
21.27 1.86051
21.3 1.86441
21.33 1.86834
21.36 1.87231
21.39 1.8763
21.42 1.88033
21.45 1.88439
21.48 1.88848
21.51 1.89261
21.54 1.89677
21.57 1.90096
21.6 1.90519
21.63 1.90946
21.66 1.91376
21.69 1.9181
21.72 1.92247
21.75 1.92688
21.78 1.93133
21.81 1.93582
21.84 1.94035
21.87 1.94492
21.9 1.94953
21.93 1.95418
21.96 1.95887
21.99 1.9636
22.02 1.96837
22.05 1.97319
22.08 1.97805
22.11 1.98296
22.14 1.98791
22.17 1.99291
22.2 1.99795
22.23 2.00304
22.26 2.00817
22.29 2.01336
22.32 2.01859
22.35 2.02388
22.38 2.02921
22.41 2.03459
22.44 2.04003
22.47 2.04552
22.5 2.05106
22.53 2.05665
22.56 2.0623
22.59 2.068
22.62 2.07376
22.65 2.07957
22.68 2.08544
22.71 2.09137
22.74 2.09736
22.77 2.10341
22.8 2.10951
22.83 2.11568
22.86 2.12191
22.89 2.1282
22.92 2.13455
22.95 2.14097
22.98 2.14745
23.01 2.154
23.04 2.16061
23.07 2.16728
23.1 2.17403
23.13 2.18084
23.16 2.18772
23.19 2.19467
23.22 2.20169
23.25 2.20878
23.28 2.21594
23.31 2.22317
23.34 2.23047
23.37 2.23785
23.4 2.2453
23.43 2.25282
23.46 2.26042
23.49 2.26809
23.52 2.27584
23.55 2.28366
23.58 2.29156
23.61 2.29954
23.64 2.3076
23.67 2.31573
23.7 2.32394
23.73 2.33223
23.76 2.3406
23.79 2.34904
23.82 2.35757
23.85 2.36617
23.88 2.37486
23.91 2.38362
23.94 2.39247
23.97 2.40139
24 2.41039
24.03 2.41948
24.06 2.42864
24.09 2.43788
24.12 2.4472
24.15 2.4566
24.18 2.46608
24.21 2.47563
24.24 2.48526
24.27 2.49497
24.3 2.50476
24.33 2.51462
24.36 2.52456
24.39 2.53457
24.42 2.54465
24.45 2.55481
24.48 2.56504
24.51 2.57533
24.54 2.5857
24.57 2.59613
24.6 2.60663
24.63 2.6172
24.66 2.62783
24.69 2.63852
24.72 2.64927
24.75 2.66008
24.78 2.67095
24.81 2.68187
24.84 2.69285
24.87 2.70387
24.9 2.71495
24.93 2.72607
24.96 2.73724
24.99 2.74844
25.02 2.75969
25.05 2.77098
25.08 2.7823
25.11 2.79365
25.14 2.80503
25.17 2.81644
25.2 2.82788
25.23 2.83933
25.26 2.8508
25.29 2.86229
25.32 2.87379
25.35 2.8853
25.38 2.89682
25.41 2.90833
25.44 2.91985
25.47 2.93137
25.5 2.94288
25.53 2.95438
25.56 2.96586
25.59 2.97733
25.62 2.98879
25.65 3.00022
25.68 3.01162
25.71 3.02299
25.74 3.03434
25.77 3.04564
25.8 3.05691
25.83 3.06814
25.86 3.07932
25.89 3.09045
25.92 3.10154
25.95 3.11257
25.98 3.12354
26.01 3.13445
26.04 3.1453
26.07 3.15609
26.1 3.16681
26.13 3.17745
26.16 3.18803
26.19 3.19853
26.22 3.20895
26.25 3.21929
26.28 3.22955
26.31 3.23972
26.34 3.24981
26.37 3.2598
26.4 3.26971
26.43 3.27953
26.46 3.28925
26.49 3.29887
26.52 3.3084
26.55 3.31783
26.58 3.32716
26.61 3.33639
26.64 3.34552
26.67 3.35454
26.7 3.36346
26.73 3.37228
26.76 3.38099
26.79 3.38959
26.82 3.39809
26.85 3.40647
26.88 3.41476
26.91 3.42293
26.94 3.43099
26.97 3.43895
27 3.4468
27.03 3.45454
27.06 3.46217
27.09 3.46969
27.12 3.4771
27.15 3.48441
27.18 3.49161
27.21 3.4987
27.24 3.50569
27.27 3.51257
27.3 3.51935
27.33 3.52602
27.36 3.53259
27.39 3.53905
27.42 3.54542
27.45 3.55168
27.48 3.55784
27.51 3.5639
27.54 3.56987
27.57 3.57573
27.6 3.5815
27.63 3.58718
27.66 3.59276
27.69 3.59824
27.72 3.60364
27.75 3.60894
27.78 3.61416
27.81 3.61928
27.84 3.62432
27.87 3.62927
27.9 3.63414
27.93 3.63892
27.96 3.64363
27.99 3.64824
28.02 3.65278
28.05 3.65724
28.08 3.66163
28.11 3.66593
28.14 3.67017
28.17 3.67432
28.2 3.67841
28.23 3.68242
28.26 3.68636
28.29 3.69024
28.32 3.69404
28.35 3.69778
28.38 3.70145
28.41 3.70506
28.44 3.70861
28.47 3.71209
28.5 3.71551
28.53 3.71888
28.56 3.72218
28.59 3.72543
28.62 3.72861
28.65 3.73175
28.68 3.73483
28.71 3.73785
28.74 3.74082
28.77 3.74374
28.8 3.74662
28.83 3.74944
28.86 3.75221
28.89 3.75493
28.92 3.75761
28.95 3.76024
28.98 3.76283
29.01 3.76537
29.04 3.76787
29.07 3.77032
29.1 3.77274
29.13 3.77511
29.16 3.77744
29.19 3.77974
29.22 3.78199
29.25 3.78421
29.28 3.78639
29.31 3.78854
29.34 3.79064
29.37 3.79272
29.4 3.79476
29.43 3.79676
29.46 3.79874
29.49 3.80068
29.52 3.80258
29.55 3.80446
29.58 3.80631
29.61 3.80813
29.64 3.80991
29.67 3.81167
29.7 3.8134
29.73 3.81511
29.76 3.81678
29.79 3.81843
29.82 3.82005
29.85 3.82165
29.88 3.82322
29.91 3.82477
29.94 3.82629
29.97 3.82779
30 3.82927
30.001 0
