0 -10
0.03 -8.65949
0.06 -8.65937
0.09 -8.65926
0.12 -8.65914
0.15 -8.65903
0.18 -8.65891
0.21 -8.6588
0.24 -8.65868
0.27 -8.65857
0.3 -8.65845
0.33 -8.65834
0.36 -8.65822
0.39 -8.65811
0.42 -8.65799
0.45 -8.65788
0.48 -8.65777
0.51 -8.65765
0.54 -8.65754
0.57 -8.65743
0.6 -8.65731
0.63 -8.6572
0.66 -8.65708
0.69 -8.65697
0.72 -8.65686
0.75 -8.65674
0.78 -8.65663
0.81 -8.65652
0.84 -8.65641
0.87 -8.65629
0.9 -8.65618
0.93 -8.65607
0.96 -8.65596
0.99 -8.65584
1.02 -8.65573
1.05 -8.65562
1.08 -8.65551
1.11 -8.6554
1.14 -8.65528
1.17 -8.65517
1.2 -8.65506
1.23 -8.65495
1.26 -8.65484
1.29 -8.65473
1.32 -8.65462
1.35 -8.65451
1.38 -8.6544
1.41 -8.65429
1.44 -8.65417
1.47 -8.65406
1.5 -8.65395
1.53 -8.65384
1.56 -8.65373
1.59 -8.65362
1.62 -8.65351
1.65 -8.6534
1.68 -8.6533
1.71 -8.65319
1.74 -8.65308
1.77 -8.65297
1.8 -8.65286
1.83 -8.65275
1.86 -8.65264
1.89 -8.65253
1.92 -8.65242
1.95 -8.65231
1.98 -8.65221
2.01 -8.6521
2.04 -8.65199
2.07 -8.65188
2.1 -8.65177
2.13 -8.65166
2.16 -8.65156
2.19 -8.65145
2.22 -8.65134
2.25 -8.65123
2.28 -8.65113
2.31 -8.65102
2.34 -8.65091
2.37 -8.6508
2.4 -8.6507
2.43 -8.65059
2.46 -8.65048
2.49 -8.65038
2.52 -8.65027
2.55 -8.65016
2.58 -8.65006
2.61 -8.64995
2.64 -8.64985
2.67 -8.64974
2.7 -8.64963
2.73 -8.64953
2.76 -8.64942
2.79 -8.64932
2.82 -8.64921
2.85 -8.64911
2.88 -8.649
2.91 -8.6489
2.94 -8.64879
2.97 -8.64869
3 -8.64858
3.03 -8.64848
3.06 -8.64837
3.09 -8.64827
3.12 -8.64816
3.15 -8.64806
3.18 -8.64795
3.21 -8.64785
3.24 -8.64775
3.27 -8.64764
3.3 -8.64754
3.33 -8.64743
3.36 -8.64733
3.39 -8.64723
3.42 -8.64712
3.45 -8.64702
3.48 -8.64692
3.51 -8.64681
3.54 -8.64671
3.57 -8.64661
3.6 -8.64651
3.63 -8.6464
3.66 -8.6463
3.69 -8.6462
3.72 -8.6461
3.75 -8.64599
3.78 -8.64589
3.81 -8.64579
3.84 -8.64569
3.87 -8.64559
3.9 -8.64548
3.93 -8.64538
3.96 -8.64528
3.99 -8.64518
4.02 -8.64508
4.05 -8.64498
4.08 -8.64488
4.11 -8.64477
4.14 -8.64467
4.17 -8.64457
4.2 -8.64447
4.23 -8.64437
4.26 -8.64427
4.29 -8.64417
4.32 -8.64407
4.35 -8.64397
4.38 -8.64387
4.41 -8.64377
4.44 -8.64367
4.47 -8.64357
4.5 -8.64347
4.53 -8.64337
4.56 -8.64327
4.59 -8.64317
4.62 -8.64307
4.65 -8.64297
4.68 -8.64287
4.71 -8.64277
4.74 -8.64268
4.77 -8.64258
4.8 -8.64248
4.83 -8.64238
4.86 -8.64228
4.89 -8.64218
4.92 -8.64208
4.95 -8.64198
4.98 -8.64189
5.01 -8.64179
5.04 -8.64169
5.07 -8.64159
5.1 -8.64149
5.13 -8.6414
5.16 -8.6413
5.19 -8.6412
5.22 -8.6411
5.25 -8.64101
5.28 -8.64091
5.31 -8.64081
5.34 -8.64071
5.37 -8.64062
5.4 -8.64052
5.43 -8.64042
5.46 -8.64033
5.49 -8.64023
5.52 -8.64013
5.55 -8.64004
5.58 -8.63994
5.61 -8.63984
5.64 -8.63975
5.67 -8.63965
5.7 -8.63955
5.73 -8.63946
5.76 -8.63936
5.79 -8.63927
5.82 -8.63917
5.85 -8.63907
5.88 -8.63898
5.91 -8.63888
5.94 -8.63879
5.97 -8.63869
6 -8.6386
6.03 -8.6385
6.06 -8.63841
6.09 -8.63831
6.12 -8.63822
6.15 -8.63812
6.18 -8.63803
6.21 -8.63793
6.24 -8.63784
6.27 -8.63774
6.3 -8.63765
6.33 -8.63755
6.36 -8.63746
6.39 -8.63736
6.42 -8.63727
6.45 -8.63718
6.48 -8.63708
6.51 -8.63699
6.54 -8.63689
6.57 -8.6368
6.6 -8.63671
6.63 -8.63661
6.66 -8.63652
6.69 -8.63643
6.72 -8.63633
6.75 -8.63624
6.78 -8.63614
6.81 -8.63605
6.84 -8.63596
6.87 -8.63587
6.9 -8.63577
6.93 -8.63568
6.96 -8.63559
6.99 -8.63549
7.02 -8.6354
7.05 -8.63531
7.08 -8.63522
7.11 -8.63512
7.14 -8.63503
7.17 -8.63494
7.2 -8.63485
7.23 -8.63475
7.26 -8.63466
7.29 -8.63457
7.32 -8.63448
7.35 -8.63438
7.38 -8.63429
7.41 -8.6342
7.44 -8.63411
7.47 -8.63402
7.5 -8.63393
7.53 -8.63383
7.56 -8.63374
7.59 -8.63365
7.62 -8.63356
7.65 -8.63347
7.68 -8.63338
7.71 -8.63329
7.74 -8.63319
7.77 -8.6331
7.8 -8.63301
7.83 -8.63292
7.86 -8.63283
7.89 -8.63274
7.92 -8.63265
7.95 -8.63256
7.98 -8.63247
8.01 -8.63238
8.04 -8.63229
8.07 -8.6322
8.1 -8.63211
8.13 -8.63202
8.16 -8.63193
8.19 -8.63183
8.22 -8.63174
8.25 -8.63165
8.28 -8.63156
8.31 -8.63147
8.34 -8.63138
8.37 -8.63129
8.4 -8.6312
8.43 -8.63111
8.46 -8.63103
8.49 -8.63094
8.52 -8.63085
8.55 -8.63076
8.58 -8.63067
8.61 -8.63058
8.64 -8.63049
8.67 -8.6304
8.7 -8.63031
8.73 -8.63022
8.76 -8.63013
8.79 -8.63004
8.82 -8.62995
8.85 -8.62986
8.88 -8.62977
8.91 -8.62969
8.94 -8.6296
8.97 -8.62951
9 -8.62942
9.03 -8.62933
9.06 -8.62924
9.09 -8.62915
9.12 -8.62906
9.15 -8.62898
9.18 -8.62889
9.21 -8.6288
9.24 -8.62871
9.27 -8.62862
9.3 -8.62853
9.33 -8.62844
9.36 -8.62836
9.39 -8.62827
9.42 -8.62818
9.45 -8.62809
9.48 -8.628
9.51 -8.62792
9.54 -8.62783
9.57 -8.62774
9.6 -8.62765
9.63 -8.62756
9.66 -8.62748
9.69 -8.62739
9.72 -8.6273
9.75 -8.62721
9.78 -8.62712
9.81 -8.62704
9.84 -8.62695
9.87 -8.62686
9.9 -8.62677
9.93 -8.62669
9.96 -8.6266
9.99 -8.62651
10.02 -8.62642
10.05 -8.62634
10.08 -8.62625
10.11 -8.62616
10.14 -8.62608
10.17 -8.62599
10.2 -8.6259
10.23 -8.62581
10.26 -8.62573
10.29 -8.62564
10.32 -8.62555
10.35 -8.62547
10.38 -8.62538
10.41 -8.62529
10.44 -8.62521
10.47 -8.62512
10.5 -8.62503
10.53 -8.62494
10.56 -8.62486
10.59 -8.62477
10.62 -8.62468
10.65 -8.6246
10.68 -8.62451
10.71 -8.62442
10.74 -8.62434
10.77 -8.62425
10.8 -8.62417
10.83 -8.62408
10.86 -8.62399
10.89 -8.62391
10.92 -8.62382
10.95 -8.62373
10.98 -8.62365
11.01 -8.62356
11.04 -8.62347
11.07 -8.62339
11.1 -8.6233
11.13 -8.62322
11.16 -8.62313
11.19 -8.62304
11.22 -8.62296
11.25 -8.62287
11.28 -8.62279
11.31 -8.6227
11.34 -8.62261
11.37 -8.62253
11.4 -8.62244
11.43 -8.62236
11.46 -8.62227
11.49 -8.62219
11.52 -8.6221
11.55 -8.62201
11.58 -8.62193
11.61 -8.62184
11.64 -8.62176
11.67 -8.62167
11.7 -8.62159
11.73 -8.6215
11.76 -8.62141
11.79 -8.62133
11.82 -8.62124
11.85 -8.62116
11.88 -8.62107
11.91 -8.62099
11.94 -8.6209
11.97 -8.62082
12 -8.62073
12.03 -8.62065
12.06 -8.62056
12.09 -8.62048
12.12 -8.62039
12.15 -8.62031
12.18 -8.62022
12.21 -8.62014
12.24 -8.62005
12.27 -8.61997
12.3 -8.61988
12.33 -8.6198
12.36 -8.61971
12.39 -8.61963
12.42 -8.61954
12.45 -8.61946
12.48 -8.61937
12.51 -8.61929
12.54 -8.6192
12.57 -8.61912
12.6 -8.61903
12.63 -8.61895
12.66 -8.61886
12.69 -8.61878
12.72 -8.61869
12.75 -8.61861
12.78 -8.61853
12.81 -8.61844
12.84 -8.61836
12.87 -8.61827
12.9 -8.61819
12.93 -8.6181
12.96 -8.61802
12.99 -8.61794
13.02 -8.61785
13.05 -8.61777
13.08 -8.61768
13.11 -8.6176
13.14 -8.61752
13.17 -8.61743
13.2 -8.61735
13.23 -8.61726
13.26 -8.61718
13.29 -8.6171
13.32 -8.61701
13.35 -8.61693
13.38 -8.61685
13.41 -8.61676
13.44 -8.61668
13.47 -8.6166
13.5 -8.61651
13.53 -8.61643
13.56 -8.61635
13.59 -8.61626
13.62 -8.61618
13.65 -8.6161
13.68 -8.61601
13.71 -8.61593
13.74 -8.61585
13.77 -8.61576
13.8 -8.61568
13.83 -8.6156
13.86 -8.61552
13.89 -8.61543
13.92 -8.61535
13.95 -8.61527
13.98 -8.61519
14.01 -8.6151
14.04 -8.61502
14.07 -8.61494
14.1 -8.61486
14.13 -8.61478
14.16 -8.61469
14.19 -8.61461
14.22 -8.61453
14.25 -8.61445
14.28 -8.61437
14.31 -8.61429
14.34 -8.6142
14.37 -8.61412
14.4 -8.61404
14.43 -8.61396
14.46 -8.61388
14.49 -8.6138
14.52 -8.61372
14.55 -8.61364
14.58 -8.61355
14.61 -8.61347
14.64 -8.61339
14.67 -8.61331
14.7 -8.61323
14.73 -8.61315
14.76 -8.61307
14.79 -8.61299
14.82 -8.61291
14.85 -8.61283
14.88 -8.61275
14.91 -8.61267
14.94 -8.61259
14.97 -8.61251
15 -8.61244
15.03 -8.61236
15.06 -8.61228
15.09 -8.6122
15.12 -8.61212
15.15 -8.61204
15.18 -8.61196
15.21 -8.61189
15.24 -8.61181
15.27 -8.61173
15.3 -8.61165
15.33 -8.61157
15.36 -8.6115
15.39 -8.61142
15.42 -8.61134
15.45 -8.61126
15.48 -8.61119
15.51 -8.61111
15.54 -8.61103
15.57 -8.61096
15.6 -8.61088
15.63 -8.61081
15.66 -8.61073
15.69 -8.61066
15.72 -8.61058
15.75 -8.6105
15.78 -8.61043
15.81 -8.61036
15.84 -8.61028
15.87 -8.61021
15.9 -8.61013
15.93 -8.61006
15.96 -8.60998
15.99 -8.60991
16.02 -8.60984
16.05 -8.60977
16.08 -8.60969
16.11 -8.60962
16.14 -8.60955
16.17 -8.60948
16.2 -8.6094
16.23 -8.60933
16.26 -8.60926
16.29 -8.60919
16.32 -8.60912
16.35 -8.60905
16.38 -8.60898
16.41 -8.60891
16.44 -8.60884
16.47 -8.60877
16.5 -8.6087
16.53 -8.60863
16.56 -8.60857
16.59 -8.6085
16.62 -8.60843
16.65 -8.60836
16.68 -8.6083
16.71 -8.60823
16.74 -8.60816
16.77 -8.6081
16.8 -8.60803
16.83 -8.60797
16.86 -8.6079
16.89 -8.60784
16.92 -8.60777
16.95 -8.60771
16.98 -8.60765
17.01 -8.60759
17.04 -8.60752
17.07 -8.60746
17.1 -8.6074
17.13 -8.60734
17.16 -8.60728
17.19 -8.60722
17.22 -8.60716
17.25 -8.6071
17.28 -8.60704
17.31 -8.60698
17.34 -8.60692
17.37 -8.60687
17.4 -8.60681
17.43 -8.60675
17.46 -8.6067
17.49 -8.60664
17.52 -8.60659
17.55 -8.60654
17.58 -8.60648
17.61 -8.60643
17.64 -8.60638
17.67 -8.60633
17.7 -8.60627
17.73 -8.60622
17.76 -8.60617
17.79 -8.60612
17.82 -8.60608
17.85 -8.60603
17.88 -8.60598
17.91 -8.60593
17.94 -8.60589
17.97 -8.60584
18 -8.6058
18.03 -8.60576
18.06 -8.60571
18.09 -8.60567
18.12 -8.60563
18.15 -8.60559
18.18 -8.60555
18.21 -8.60551
18.24 -8.60547
18.27 -8.60543
18.3 -8.6054
18.33 -8.60536
18.36 -8.60533
18.39 -8.60529
18.42 -8.60526
18.45 -8.60523
18.48 -8.60519
18.51 -8.60516
18.54 -8.60513
18.57 -8.60511
18.6 -8.60508
18.63 -8.60505
18.66 -8.60503
18.69 -8.605
18.72 -8.60498
18.75 -8.60496
18.78 -8.60493
18.81 -8.60491
18.84 -8.60489
18.87 -8.60488
18.9 -8.60486
18.93 -8.60484
18.96 -8.60483
18.99 -8.60482
19.02 -8.6048
19.05 -8.60479
19.08 -8.60478
19.11 -8.60478
19.14 -8.60477
19.17 -8.60476
19.2 -8.60476
19.23 -8.60476
19.26 -8.60475
19.29 -8.60475
19.32 -8.60476
19.35 -8.60476
19.38 -8.60476
19.41 -8.60477
19.44 -8.60478
19.47 -8.60478
19.5 -8.6048
19.53 -8.60481
19.56 -8.60482
19.59 -8.60484
19.62 -8.60485
19.65 -8.60487
19.68 -8.60489
19.71 -8.60492
19.74 -8.60494
19.77 -8.60497
19.8 -8.60499
19.83 -8.60502
19.86 -8.60506
19.89 -8.60509
19.92 -8.60512
19.95 -8.60516
19.98 -8.6052
20.01 -8.60524
20.04 -8.60529
20.07 -8.60533
20.1 -8.60538
20.13 -8.60543
20.16 -8.60549
20.19 -8.60554
20.22 -8.6056
20.25 -8.60566
20.28 -8.60572
20.31 -8.60579
20.34 -8.60585
20.37 -8.60592
20.4 -8.606
20.43 -8.60607
20.46 -8.60615
20.49 -8.60623
20.52 -8.60631
20.55 -8.6064
20.58 -8.60649
20.61 -8.60658
20.64 -8.60668
20.67 -8.60678
20.7 -8.60688
20.73 -8.60698
20.76 -8.60709
20.79 -8.6072
20.82 -8.60732
20.85 -8.60743
20.88 -8.60755
20.91 -8.60768
20.94 -8.60781
20.97 -8.60794
21 -8.60807
21.03 -8.60821
21.06 -8.60836
21.09 -8.6085
21.12 -8.60865
21.15 -8.60881
21.18 -8.60897
21.21 -8.60913
21.24 -8.6093
21.27 -8.60947
21.3 -8.60964
21.33 -8.60982
21.36 -8.61001
21.39 -8.6102
21.42 -8.61039
21.45 -8.61059
21.48 -8.6108
21.51 -8.61101
21.54 -8.61122
21.57 -8.61144
21.6 -8.61166
21.63 -8.61189
21.66 -8.61213
21.69 -8.61237
21.72 -8.61261
21.75 -8.61287
21.78 -8.61312
21.81 -8.61339
21.84 -8.61366
21.87 -8.61393
21.9 -8.61422
21.93 -8.61451
21.96 -8.6148
21.99 -8.6151
22.02 -8.61541
22.05 -8.61573
22.08 -8.61605
22.11 -8.61638
22.14 -8.61672
22.17 -8.61706
22.2 -8.61741
22.23 -8.61777
22.26 -8.61814
22.29 -8.61851
22.32 -8.6189
22.35 -8.61929
22.38 -8.61969
22.41 -8.6201
22.44 -8.62051
22.47 -8.62094
22.5 -8.62138
22.53 -8.62182
22.56 -8.62227
22.59 -8.62274
22.62 -8.62321
22.65 -8.62369
22.68 -8.62419
22.71 -8.62469
22.74 -8.6252
22.77 -8.62573
22.8 -8.62626
22.83 -8.62681
22.86 -8.62736
22.89 -8.62793
22.92 -8.62851
22.95 -8.62911
22.98 -8.62971
23.01 -8.63033
23.04 -8.63095
23.07 -8.6316
23.1 -8.63225
23.13 -8.63292
23.16 -8.6336
23.19 -8.63429
23.22 -8.635
23.25 -8.63572
23.28 -8.63646
23.31 -8.63721
23.34 -8.63798
23.37 -8.63876
23.4 -8.63955
23.43 -8.64036
23.46 -8.64119
23.49 -8.64203
23.52 -8.64289
23.55 -8.64377
23.58 -8.64466
23.61 -8.64557
23.64 -8.64649
23.67 -8.64744
23.7 -8.6484
23.73 -8.64938
23.76 -8.65037
23.79 -8.65139
23.82 -8.65242
23.85 -8.65348
23.88 -8.65455
23.91 -8.65564
23.94 -8.65676
23.97 -8.65789
24 -8.65904
24.03 -8.66021
24.06 -8.6614
24.09 -8.66262
24.12 -8.66385
24.15 -8.66511
24.18 -8.66639
24.21 -8.66769
24.24 -8.66901
24.27 -8.67035
24.3 -8.67172
24.33 -8.67311
24.36 -8.67452
24.39 -8.67595
24.42 -8.67741
24.45 -8.67889
24.48 -8.6804
24.51 -8.68192
24.54 -8.68347
24.57 -8.68505
24.6 -8.68665
24.63 -8.68827
24.66 -8.68992
24.69 -8.69159
24.72 -8.69328
24.75 -8.695
24.78 -8.69674
24.81 -8.69851
24.84 -8.7003
24.87 -8.70211
24.9 -8.70395
24.93 -8.70581
24.96 -8.7077
24.99 -8.70961
25.02 -8.71154
25.05 -8.7135
25.08 -8.71548
25.11 -8.71748
25.14 -8.71951
25.17 -8.72156
25.2 -8.72363
25.23 -8.72572
25.26 -8.72783
25.29 -8.72997
25.32 -8.73212
25.35 -8.7343
25.38 -8.7365
25.41 -8.73871
25.44 -8.74095
25.47 -8.7432
25.5 -8.74548
25.53 -8.74777
25.56 -8.75007
25.59 -8.7524
25.62 -8.75474
25.65 -8.7571
25.68 -8.75947
25.71 -8.76186
25.74 -8.76426
25.77 -8.76667
25.8 -8.7691
25.83 -8.77153
25.86 -8.77398
25.89 -8.77644
25.92 -8.77891
25.95 -8.78138
25.98 -8.78387
26.01 -8.78636
26.04 -8.78886
26.07 -8.79137
26.1 -8.79387
26.13 -8.79639
26.16 -8.7989
26.19 -8.80142
26.22 -8.80395
26.25 -8.80647
26.28 -8.80899
26.31 -8.81151
26.34 -8.81403
26.37 -8.81655
26.4 -8.81906
26.43 -8.82157
26.46 -8.82408
26.49 -8.82658
26.52 -8.82907
26.55 -8.83156
26.58 -8.83404
26.61 -8.83651
26.64 -8.83897
26.67 -8.84142
26.7 -8.84387
26.73 -8.8463
26.76 -8.84872
26.79 -8.85112
26.82 -8.85352
26.85 -8.8559
26.88 -8.85826
26.91 -8.86061
26.94 -8.86295
26.97 -8.86527
27 -8.86758
27.03 -8.86986
27.06 -8.87213
27.09 -8.87439
27.12 -8.87662
27.15 -8.87884
27.18 -8.88104
27.21 -8.88322
27.24 -8.88538
27.27 -8.88752
27.3 -8.88964
27.33 -8.89174
27.36 -8.89382
27.39 -8.89588
27.42 -8.89792
27.45 -8.89994
27.48 -8.90194
27.51 -8.90392
27.54 -8.90587
27.57 -8.9078
27.6 -8.90972
27.63 -8.91161
27.66 -8.91348
27.69 -8.91532
27.72 -8.91715
27.75 -8.91895
27.78 -8.92074
27.81 -8.9225
27.84 -8.92424
27.87 -8.92595
27.9 -8.92765
27.93 -8.92933
27.96 -8.93098
27.99 -8.93261
28.02 -8.93422
28.05 -8.93581
28.08 -8.93738
28.11 -8.93893
28.14 -8.94046
28.17 -8.94197
28.2 -8.94345
28.23 -8.94492
28.26 -8.94637
28.29 -8.94779
28.32 -8.9492
28.35 -8.95059
28.38 -8.95196
28.41 -8.95331
28.44 -8.95463
28.47 -8.95595
28.5 -8.95724
28.53 -8.95851
28.56 -8.95977
28.59 -8.96101
28.62 -8.96223
28.65 -8.96343
28.68 -8.96461
28.71 -8.96578
28.74 -8.96693
28.77 -8.96807
28.8 -8.96918
28.83 -8.97029
28.86 -8.97137
28.89 -8.97244
28.92 -8.97349
28.95 -8.97453
28.98 -8.97555
29.01 -8.97656
29.04 -8.97755
29.07 -8.97853
29.1 -8.9795
29.13 -8.98045
29.16 -8.98138
29.19 -8.9823
29.22 -8.98321
29.25 -8.98411
29.28 -8.98499
29.31 -8.98586
29.34 -8.98671
29.37 -8.98755
29.4 -8.98838
29.43 -8.9892
29.46 -8.99001
29.49 -8.9908
29.52 -8.99159
29.55 -8.99236
29.58 -8.99312
29.61 -8.99387
29.64 -8.9946
29.67 -8.99533
29.7 -8.99605
29.73 -8.99675
29.76 -8.99745
29.79 -8.99813
29.82 -8.99881
29.85 -8.99948
29.88 -9.00013
29.91 -9.00078
29.94 -9.00142
29.97 -9.00204
30 -9.00266
30.001 -10
