0 5
0.03 4.93848
0.06 4.93865
0.09 4.93883
0.12 4.93901
0.15 4.93918
0.18 4.93936
0.21 4.93954
0.24 4.93971
0.27 4.93989
0.3 4.94007
0.33 4.94024
0.36 4.94042
0.39 4.9406
0.42 4.94077
0.45 4.94095
0.48 4.94113
0.51 4.94131
0.54 4.94148
0.57 4.94166
0.6 4.94184
0.63 4.94202
0.66 4.94219
0.69 4.94237
0.72 4.94255
0.75 4.94273
0.78 4.9429
0.81 4.94308
0.84 4.94326
0.87 4.94344
0.9 4.94362
0.93 4.9438
0.96 4.94398
0.99 4.94415
1.02 4.94433
1.05 4.94451
1.08 4.94469
1.11 4.94487
1.14 4.94505
1.17 4.94523
1.2 4.94541
1.23 4.94559
1.26 4.94577
1.29 4.94595
1.32 4.94612
1.35 4.9463
1.38 4.94648
1.41 4.94666
1.44 4.94684
1.47 4.94702
1.5 4.9472
1.53 4.94738
1.56 4.94757
1.59 4.94775
1.62 4.94793
1.65 4.94811
1.68 4.94829
1.71 4.94847
1.74 4.94865
1.77 4.94883
1.8 4.94901
1.83 4.94919
1.86 4.94937
1.89 4.94955
1.92 4.94974
1.95 4.94992
1.98 4.9501
2.01 4.95028
2.04 4.95046
2.07 4.95064
2.1 4.95083
2.13 4.95101
2.16 4.95119
2.19 4.95137
2.22 4.95155
2.25 4.95174
2.28 4.95192
2.31 4.9521
2.34 4.95228
2.37 4.95247
2.4 4.95265
2.43 4.95283
2.46 4.95301
2.49 4.9532
2.52 4.95338
2.55 4.95356
2.58 4.95375
2.61 4.95393
2.64 4.95411
2.67 4.9543
2.7 4.95448
2.73 4.95466
2.76 4.95485
2.79 4.95503
2.82 4.95522
2.85 4.9554
2.88 4.95558
2.91 4.95577
2.94 4.95595
2.97 4.95614
3 4.95632
3.03 4.95651
3.06 4.95669
3.09 4.95688
3.12 4.95706
3.15 4.95725
3.18 4.95743
3.21 4.95762
3.24 4.9578
3.27 4.95799
3.3 4.95817
3.33 4.95836
3.36 4.95854
3.39 4.95873
3.42 4.95891
3.45 4.9591
3.48 4.95929
3.51 4.95947
3.54 4.95966
3.57 4.95985
3.6 4.96003
3.63 4.96022
3.66 4.9604
3.69 4.96059
3.72 4.96078
3.75 4.96097
3.78 4.96115
3.81 4.96134
3.84 4.96153
3.87 4.96171
3.9 4.9619
3.93 4.96209
3.96 4.96228
3.99 4.96246
4.02 4.96265
4.05 4.96284
4.08 4.96303
4.11 4.96322
4.14 4.9634
4.17 4.96359
4.2 4.96378
4.23 4.96397
4.26 4.96416
4.29 4.96435
4.32 4.96453
4.35 4.96472
4.38 4.96491
4.41 4.9651
4.44 4.96529
4.47 4.96548
4.5 4.96567
4.53 4.96586
4.56 4.96605
4.59 4.96624
4.62 4.96643
4.65 4.96662
4.68 4.96681
4.71 4.967
4.74 4.96719
4.77 4.96738
4.8 4.96757
4.83 4.96776
4.86 4.96795
4.89 4.96814
4.92 4.96833
4.95 4.96852
4.98 4.96872
5.01 4.96891
5.04 4.9691
5.07 4.96929
5.1 4.96948
5.13 4.96967
5.16 4.96987
5.19 4.97006
5.22 4.97025
5.25 4.97044
5.28 4.97063
5.31 4.97083
5.34 4.97102
5.37 4.97121
5.4 4.9714
5.43 4.9716
5.46 4.97179
5.49 4.97198
5.52 4.97218
5.55 4.97237
5.58 4.97256
5.61 4.97276
5.64 4.97295
5.67 4.97315
5.7 4.97334
5.73 4.97353
5.76 4.97373
5.79 4.97392
5.82 4.97412
5.85 4.97431
5.88 4.97451
5.91 4.9747
5.94 4.9749
5.97 4.97509
6 4.97529
6.03 4.97548
6.06 4.97568
6.09 4.97588
6.12 4.97607
6.15 4.97627
6.18 4.97646
6.21 4.97666
6.24 4.97686
6.27 4.97705
6.3 4.97725
6.33 4.97745
6.36 4.97764
6.39 4.97784
6.42 4.97804
6.45 4.97824
6.48 4.97843
6.51 4.97863
6.54 4.97883
6.57 4.97903
6.6 4.97923
6.63 4.97943
6.66 4.97962
6.69 4.97982
6.72 4.98002
6.75 4.98022
6.78 4.98042
6.81 4.98062
6.84 4.98082
6.87 4.98102
6.9 4.98122
6.93 4.98142
6.96 4.98162
6.99 4.98182
7.02 4.98202
7.05 4.98222
7.08 4.98242
7.11 4.98262
7.14 4.98282
7.17 4.98303
7.2 4.98323
7.23 4.98343
7.26 4.98363
7.29 4.98383
7.32 4.98404
7.35 4.98424
7.38 4.98444
7.41 4.98464
7.44 4.98485
7.47 4.98505
7.5 4.98525
7.53 4.98546
7.56 4.98566
7.59 4.98587
7.62 4.98607
7.65 4.98627
7.68 4.98648
7.71 4.98668
7.74 4.98689
7.77 4.98709
7.8 4.9873
7.83 4.9875
7.86 4.98771
7.89 4.98792
7.92 4.98812
7.95 4.98833
7.98 4.98853
8.01 4.98874
8.04 4.98895
8.07 4.98916
8.1 4.98936
8.13 4.98957
8.16 4.98978
8.19 4.98999
8.22 4.99019
8.25 4.9904
8.28 4.99061
8.31 4.99082
8.34 4.99103
8.37 4.99124
8.4 4.99145
8.43 4.99166
8.46 4.99187
8.49 4.99208
8.52 4.99229
8.55 4.9925
8.58 4.99271
8.61 4.99292
8.64 4.99313
8.67 4.99334
8.7 4.99356
8.73 4.99377
8.76 4.99398
8.79 4.99419
8.82 4.99441
8.85 4.99462
8.88 4.99483
8.91 4.99505
8.94 4.99526
8.97 4.99548
9 4.99569
9.03 4.9959
9.06 4.99612
9.09 4.99633
9.12 4.99655
9.15 4.99677
9.18 4.99698
9.21 4.9972
9.24 4.99742
9.27 4.99763
9.3 4.99785
9.33 4.99807
9.36 4.99828
9.39 4.9985
9.42 4.99872
9.45 4.99894
9.48 4.99916
9.51 4.99938
9.54 4.9996
9.57 4.99982
9.6 5.00004
9.63 5.00026
9.66 5.00048
9.69 5.0007
9.72 5.00092
9.75 5.00114
9.78 5.00136
9.81 5.00159
9.84 5.00181
9.87 5.00203
9.9 5.00225
9.93 5.00248
9.96 5.0027
9.99 5.00293
10.02 5.00315
10.05 5.00338
10.08 5.0036
10.11 5.00383
10.14 5.00405
10.17 5.00428
10.2 5.0045
10.23 5.00473
10.26 5.00496
10.29 5.00519
10.32 5.00541
10.35 5.00564
10.38 5.00587
10.41 5.0061
10.44 5.00633
10.47 5.00656
10.5 5.00679
10.53 5.00702
10.56 5.00725
10.59 5.00748
10.62 5.00771
10.65 5.00795
10.68 5.00818
10.71 5.00841
10.74 5.00864
10.77 5.00888
10.8 5.00911
10.83 5.00935
10.86 5.00958
10.89 5.00982
10.92 5.01005
10.95 5.01029
10.98 5.01052
11.01 5.01076
11.04 5.011
11.07 5.01124
11.1 5.01147
11.13 5.01171
11.16 5.01195
11.19 5.01219
11.22 5.01243
11.25 5.01267
11.28 5.01291
11.31 5.01315
11.34 5.0134
11.37 5.01364
11.4 5.01388
11.43 5.01412
11.46 5.01437
11.49 5.01461
11.52 5.01486
11.55 5.0151
11.58 5.01535
11.61 5.01559
11.64 5.01584
11.67 5.01609
11.7 5.01633
11.73 5.01658
11.76 5.01683
11.79 5.01708
11.82 5.01733
11.85 5.01758
11.88 5.01783
11.91 5.01808
11.94 5.01833
11.97 5.01858
12 5.01884
12.03 5.01909
12.06 5.01934
12.09 5.0196
12.12 5.01985
12.15 5.02011
12.18 5.02036
12.21 5.02062
12.24 5.02088
12.27 5.02113
12.3 5.02139
12.33 5.02165
12.36 5.02191
12.39 5.02217
12.42 5.02243
12.45 5.02269
12.48 5.02295
12.51 5.02322
12.54 5.02348
12.57 5.02374
12.6 5.02401
12.63 5.02427
12.66 5.02454
12.69 5.0248
12.72 5.02507
12.75 5.02534
12.78 5.02561
12.81 5.02587
12.84 5.02614
12.87 5.02641
12.9 5.02668
12.93 5.02695
12.96 5.02723
12.99 5.0275
13.02 5.02777
13.05 5.02805
13.08 5.02832
13.11 5.0286
13.14 5.02887
13.17 5.02915
13.2 5.02943
13.23 5.0297
13.26 5.02998
13.29 5.03026
13.32 5.03054
13.35 5.03082
13.38 5.03111
13.41 5.03139
13.44 5.03167
13.47 5.03196
13.5 5.03224
13.53 5.03253
13.56 5.03281
13.59 5.0331
13.62 5.03339
13.65 5.03368
13.68 5.03397
13.71 5.03426
13.74 5.03455
13.77 5.03484
13.8 5.03513
13.83 5.03542
13.86 5.03572
13.89 5.03601
13.92 5.03631
13.95 5.03661
13.98 5.0369
14.01 5.0372
14.04 5.0375
14.07 5.0378
14.1 5.0381
14.13 5.03841
14.16 5.03871
14.19 5.03901
14.22 5.03932
14.25 5.03962
14.28 5.03993
14.31 5.04024
14.34 5.04055
14.37 5.04086
14.4 5.04117
14.43 5.04148
14.46 5.04179
14.49 5.0421
14.52 5.04242
14.55 5.04273
14.58 5.04305
14.61 5.04336
14.64 5.04368
14.67 5.044
14.7 5.04432
14.73 5.04464
14.76 5.04496
14.79 5.04529
14.82 5.04561
14.85 5.04594
14.88 5.04626
14.91 5.04659
14.94 5.04692
14.97 5.04725
15 5.04758
15.03 5.04791
15.06 5.04824
15.09 5.04858
15.12 5.04891
15.15 5.04925
15.18 5.04959
15.21 5.04992
15.24 5.05026
15.27 5.0506
15.3 5.05095
15.33 5.05129
15.36 5.05163
15.39 5.05198
15.42 5.05232
15.45 5.05267
15.48 5.05302
15.51 5.05337
15.54 5.05372
15.57 5.05408
15.6 5.05443
15.63 5.05478
15.66 5.05514
15.69 5.0555
15.72 5.05586
15.75 5.05622
15.78 5.05658
15.81 5.05694
15.84 5.05731
15.87 5.05767
15.9 5.05804
15.93 5.05841
15.96 5.05878
15.99 5.05915
16.02 5.05952
16.05 5.05989
16.08 5.06027
16.11 5.06065
16.14 5.06102
16.17 5.0614
16.2 5.06178
16.23 5.06217
16.26 5.06255
16.29 5.06293
16.32 5.06332
16.35 5.06371
16.38 5.0641
16.41 5.06449
16.44 5.06488
16.47 5.06528
16.5 5.06567
16.53 5.06607
16.56 5.06647
16.59 5.06687
16.62 5.06727
16.65 5.06768
16.68 5.06808
16.71 5.06849
16.74 5.0689
16.77 5.06931
16.8 5.06972
16.83 5.07013
16.86 5.07055
16.89 5.07096
16.92 5.07138
16.95 5.0718
16.98 5.07223
17.01 5.07265
17.04 5.07308
17.07 5.0735
17.1 5.07393
17.13 5.07436
17.16 5.0748
17.19 5.07523
17.22 5.07567
17.25 5.07611
17.28 5.07655
17.31 5.07699
17.34 5.07743
17.37 5.07788
17.4 5.07833
17.43 5.07878
17.46 5.07923
17.49 5.07968
17.52 5.08014
17.55 5.0806
17.58 5.08106
17.61 5.08152
17.64 5.08198
17.67 5.08245
17.7 5.08292
17.73 5.08339
17.76 5.08386
17.79 5.08434
17.82 5.08481
17.85 5.08529
17.88 5.08577
17.91 5.08626
17.94 5.08674
17.97 5.08723
18 5.08772
18.03 5.08822
18.06 5.08871
18.09 5.08921
18.12 5.08971
18.15 5.09021
18.18 5.09071
18.21 5.09122
18.24 5.09173
18.27 5.09224
18.3 5.09276
18.33 5.09327
18.36 5.09379
18.39 5.09432
18.42 5.09484
18.45 5.09537
18.48 5.0959
18.51 5.09643
18.54 5.09697
18.57 5.0975
18.6 5.09804
18.63 5.09859
18.66 5.09913
18.69 5.09968
18.72 5.10023
18.75 5.10079
18.78 5.10135
18.81 5.10191
18.84 5.10247
18.87 5.10304
18.9 5.10361
18.93 5.10418
18.96 5.10475
18.99 5.10533
19.02 5.10591
19.05 5.1065
19.08 5.10709
19.11 5.10768
19.14 5.10827
19.17 5.10887
19.2 5.10947
19.23 5.11007
19.26 5.11068
19.29 5.11129
19.32 5.11191
19.35 5.11253
19.38 5.11315
19.41 5.11377
19.44 5.1144
19.47 5.11503
19.5 5.11567
19.53 5.11631
19.56 5.11695
19.59 5.1176
19.62 5.11825
19.65 5.11891
19.68 5.11957
19.71 5.12023
19.74 5.12089
19.77 5.12157
19.8 5.12224
19.83 5.12292
19.86 5.1236
19.89 5.12429
19.92 5.12498
19.95 5.12568
19.98 5.12638
20.01 5.12708
20.04 5.12779
20.07 5.12851
20.1 5.12923
20.13 5.12995
20.16 5.13068
20.19 5.13141
20.22 5.13215
20.25 5.13289
20.28 5.13364
20.31 5.13439
20.34 5.13514
20.37 5.13591
20.4 5.13667
20.43 5.13745
20.46 5.13823
20.49 5.13901
20.52 5.1398
20.55 5.14059
20.58 5.14139
20.61 5.1422
20.64 5.14301
20.67 5.14383
20.7 5.14465
20.73 5.14548
20.76 5.14631
20.79 5.14715
20.82 5.148
20.85 5.14885
20.88 5.14971
20.91 5.15058
20.94 5.15145
20.97 5.15233
21 5.15322
21.03 5.15411
21.06 5.15501
21.09 5.15592
21.12 5.15683
21.15 5.15775
21.18 5.15868
21.21 5.15961
21.24 5.16055
21.27 5.1615
21.3 5.16246
21.33 5.16343
21.36 5.1644
21.39 5.16538
21.42 5.16637
21.45 5.16737
21.48 5.16837
21.51 5.16939
21.54 5.17041
21.57 5.17144
21.6 5.17248
21.63 5.17353
21.66 5.17459
21.69 5.17565
21.72 5.17673
21.75 5.17781
21.78 5.17891
21.81 5.18001
21.84 5.18113
21.87 5.18225
21.9 5.18338
21.93 5.18453
21.96 5.18568
21.99 5.18684
22.02 5.18802
22.05 5.1892
22.08 5.1904
22.11 5.19161
22.14 5.19282
22.17 5.19405
22.2 5.19529
22.23 5.19655
22.26 5.19781
22.29 5.19909
22.32 5.20037
22.35 5.20167
22.38 5.20298
22.41 5.20431
22.44 5.20565
22.47 5.207
22.5 5.20836
22.53 5.20973
22.56 5.21112
22.59 5.21252
22.62 5.21394
22.65 5.21537
22.68 5.21681
22.71 5.21827
22.74 5.21974
22.77 5.22122
22.8 5.22272
22.83 5.22423
22.86 5.22576
22.89 5.22731
22.92 5.22886
22.95 5.23044
22.98 5.23203
23.01 5.23363
23.04 5.23525
23.07 5.23688
23.1 5.23854
23.13 5.2402
23.16 5.24188
23.19 5.24358
23.22 5.2453
23.25 5.24703
23.28 5.24878
23.31 5.25054
23.34 5.25232
23.37 5.25412
23.4 5.25594
23.43 5.25777
23.46 5.25962
23.49 5.26148
23.52 5.26336
23.55 5.26526
23.58 5.26718
23.61 5.26911
23.64 5.27107
23.67 5.27303
23.7 5.27502
23.73 5.27702
23.76 5.27904
23.79 5.28108
23.82 5.28313
23.85 5.28521
23.88 5.28729
23.91 5.2894
23.94 5.29152
23.97 5.29366
24 5.29582
24.03 5.29799
24.06 5.30017
24.09 5.30238
24.12 5.3046
24.15 5.30683
24.18 5.30908
24.21 5.31135
24.24 5.31363
24.27 5.31593
24.3 5.31823
24.33 5.32056
24.36 5.3229
24.39 5.32525
24.42 5.32761
24.45 5.32999
24.48 5.33237
24.51 5.33477
24.54 5.33719
24.57 5.33961
24.6 5.34204
24.63 5.34448
24.66 5.34693
24.69 5.34939
24.72 5.35186
24.75 5.35434
24.78 5.35682
24.81 5.35931
24.84 5.36181
24.87 5.36431
24.9 5.36681
24.93 5.36932
24.96 5.37183
24.99 5.37435
25.02 5.37687
25.05 5.37938
25.08 5.3819
25.11 5.38442
25.14 5.38693
25.17 5.38945
25.2 5.39196
25.23 5.39447
25.26 5.39697
25.29 5.39947
25.32 5.40196
25.35 5.40445
25.38 5.40693
25.41 5.4094
25.44 5.41186
25.47 5.41431
25.5 5.41676
25.53 5.41919
25.56 5.42161
25.59 5.42402
25.62 5.42641
25.65 5.42879
25.68 5.43116
25.71 5.43351
25.74 5.43584
25.77 5.43816
25.8 5.44047
25.83 5.44275
25.86 5.44502
25.89 5.44727
25.92 5.4495
25.95 5.45171
25.98 5.4539
26.01 5.45607
26.04 5.45822
26.07 5.46034
26.1 5.46245
26.13 5.46453
26.16 5.4666
26.19 5.46864
26.22 5.47066
26.25 5.47265
26.28 5.47462
26.31 5.47657
26.34 5.4785
26.37 5.4804
26.4 5.48228
26.43 5.48413
26.46 5.48596
26.49 5.48777
26.52 5.48956
26.55 5.49132
26.58 5.49306
26.61 5.49477
26.64 5.49646
26.67 5.49813
26.7 5.49977
26.73 5.50139
26.76 5.50299
26.79 5.50457
26.82 5.50612
26.85 5.50765
26.88 5.50916
26.91 5.51065
26.94 5.51211
26.97 5.51356
27 5.51498
27.03 5.51638
27.06 5.51777
27.09 5.51913
27.12 5.52047
27.15 5.52179
27.18 5.52309
27.21 5.52438
27.24 5.52564
27.27 5.52689
27.3 5.52811
27.33 5.52932
27.36 5.53052
27.39 5.53169
27.42 5.53285
27.45 5.53399
27.48 5.53511
27.51 5.53622
27.54 5.53731
27.57 5.53839
27.6 5.53945
27.63 5.54049
27.66 5.54152
27.69 5.54254
27.72 5.54354
27.75 5.54453
27.78 5.5455
27.81 5.54646
27.84 5.54741
27.87 5.54834
27.9 5.54926
27.93 5.55017
27.96 5.55107
27.99 5.55195
28.02 5.55283
28.05 5.55369
28.08 5.55453
28.11 5.55537
28.14 5.5562
28.17 5.55702
28.2 5.55782
28.23 5.55862
28.26 5.5594
28.29 5.56018
28.32 5.56094
28.35 5.56169
28.38 5.56244
28.41 5.56318
28.44 5.5639
28.47 5.56462
28.5 5.56533
28.53 5.56603
28.56 5.56672
28.59 5.5674
28.62 5.56808
28.65 5.56874
28.68 5.5694
28.71 5.57005
28.74 5.57069
28.77 5.57133
28.8 5.57195
28.83 5.57257
28.86 5.57319
28.89 5.57379
28.92 5.57439
28.95 5.57498
28.98 5.57556
29.01 5.57614
29.04 5.57671
29.07 5.57727
29.1 5.57783
29.13 5.57838
29.16 5.57892
29.19 5.57946
29.22 5.57999
29.25 5.58052
29.28 5.58103
29.31 5.58155
29.34 5.58205
29.37 5.58256
29.4 5.58305
29.43 5.58354
29.46 5.58403
29.49 5.5845
29.52 5.58498
29.55 5.58545
29.58 5.58591
29.61 5.58637
29.64 5.58682
29.67 5.58727
29.7 5.58771
29.73 5.58815
29.76 5.58858
29.79 5.58901
29.82 5.58943
29.85 5.58985
29.88 5.59026
29.91 5.59067
29.94 5.59107
29.97 5.59147
30 5.59187
30.001 5
