0 0
0.03 0.157411
0.06 0.158056
0.09 0.158701
0.12 0.159347
0.15 0.159994
0.18 0.160641
0.21 0.161288
0.24 0.161936
0.27 0.162585
0.3 0.163234
0.33 0.163883
0.36 0.164533
0.39 0.165183
0.42 0.165834
0.45 0.166485
0.48 0.167137
0.51 0.167789
0.54 0.168442
0.57 0.169095
0.6 0.169749
0.63 0.170403
0.66 0.171058
0.69 0.171713
0.72 0.172368
0.75 0.173025
0.78 0.173681
0.81 0.174338
0.84 0.174996
0.87 0.175654
0.9 0.176313
0.93 0.176972
0.96 0.177631
0.99 0.178292
1.02 0.178952
1.05 0.179613
1.08 0.180275
1.11 0.180937
1.14 0.1816
1.17 0.182263
1.2 0.182926
1.23 0.18359
1.26 0.184255
1.29 0.18492
1.32 0.185586
1.35 0.186252
1.38 0.186919
1.41 0.187586
1.44 0.188254
1.47 0.188922
1.5 0.18959
1.53 0.19026
1.56 0.19093
1.59 0.1916
1.62 0.192271
1.65 0.192942
1.68 0.193614
1.71 0.194286
1.74 0.194959
1.77 0.195633
1.8 0.196307
1.83 0.196981
1.86 0.197656
1.89 0.198332
1.92 0.199008
1.95 0.199685
1.98 0.200362
2.01 0.20104
2.04 0.201718
2.07 0.202397
2.1 0.203077
2.13 0.203757
2.16 0.204437
2.19 0.205118
2.22 0.2058
2.25 0.206482
2.28 0.207165
2.31 0.207848
2.34 0.208532
2.37 0.209217
2.4 0.209902
2.43 0.210588
2.46 0.211274
2.49 0.211961
2.52 0.212648
2.55 0.213336
2.58 0.214024
2.61 0.214714
2.64 0.215403
2.67 0.216094
2.7 0.216784
2.73 0.217476
2.76 0.218168
2.79 0.218861
2.82 0.219554
2.85 0.220248
2.88 0.220942
2.91 0.221637
2.94 0.222333
2.97 0.223029
3 0.223726
3.03 0.224424
3.06 0.225122
3.09 0.225821
3.12 0.22652
3.15 0.22722
3.18 0.227921
3.21 0.228622
3.24 0.229324
3.27 0.230027
3.3 0.23073
3.33 0.231434
3.36 0.232138
3.39 0.232843
3.42 0.233549
3.45 0.234255
3.48 0.234963
3.51 0.23567
3.54 0.236379
3.57 0.237088
3.6 0.237798
3.63 0.238508
3.66 0.239219
3.69 0.239931
3.72 0.240643
3.75 0.241357
3.78 0.24207
3.81 0.242785
3.84 0.2435
3.87 0.244216
3.9 0.244933
3.93 0.24565
3.96 0.246368
3.99 0.247087
4.02 0.247806
4.05 0.248526
4.08 0.249247
4.11 0.249969
4.14 0.250691
4.17 0.251414
4.2 0.252138
4.23 0.252862
4.26 0.253588
4.29 0.254314
4.32 0.255041
4.35 0.255768
4.38 0.256496
4.41 0.257225
4.44 0.257955
4.47 0.258686
4.5 0.259417
4.53 0.260149
4.56 0.260882
4.59 0.261616
4.62 0.26235
4.65 0.263085
4.68 0.263821
4.71 0.264558
4.74 0.265296
4.77 0.266034
4.8 0.266773
4.83 0.267514
4.86 0.268254
4.89 0.268996
4.92 0.269739
4.95 0.270482
4.98 0.271226
5.01 0.271971
5.04 0.272717
5.07 0.273464
5.1 0.274211
5.13 0.27496
5.16 0.275709
5.19 0.276459
5.22 0.27721
5.25 0.277962
5.28 0.278715
5.31 0.279468
5.34 0.280223
5.37 0.280978
5.4 0.281735
5.43 0.282492
5.46 0.28325
5.49 0.284009
5.52 0.284769
5.55 0.28553
5.58 0.286292
5.61 0.287055
5.64 0.287818
5.67 0.288583
5.7 0.289349
5.73 0.290115
5.76 0.290883
5.79 0.291651
5.82 0.292421
5.85 0.293191
5.88 0.293962
5.91 0.294735
5.94 0.295508
5.97 0.296282
6 0.297058
6.03 0.297834
6.06 0.298612
6.09 0.29939
6.12 0.300169
6.15 0.30095
6.18 0.301731
6.21 0.302514
6.24 0.303297
6.27 0.304082
6.3 0.304868
6.33 0.305654
6.36 0.306442
6.39 0.307231
6.42 0.308021
6.45 0.308812
6.48 0.309604
6.51 0.310397
6.54 0.311192
6.57 0.311987
6.6 0.312784
6.63 0.313581
6.66 0.31438
6.69 0.31518
6.72 0.315981
6.75 0.316784
6.78 0.317587
6.81 0.318392
6.84 0.319197
6.87 0.320004
6.9 0.320812
6.93 0.321622
6.96 0.322432
6.99 0.323244
7.02 0.324057
7.05 0.324871
7.08 0.325686
7.11 0.326503
7.14 0.32732
7.17 0.328139
7.2 0.32896
7.23 0.329781
7.26 0.330604
7.29 0.331428
7.32 0.332254
7.35 0.33308
7.38 0.333908
7.41 0.334737
7.44 0.335568
7.47 0.3364
7.5 0.337233
7.53 0.338067
7.56 0.338903
7.59 0.339741
7.62 0.340579
7.65 0.341419
7.68 0.34226
7.71 0.343103
7.74 0.343947
7.77 0.344792
7.8 0.345639
7.83 0.346487
7.86 0.347337
7.89 0.348188
7.92 0.349041
7.95 0.349895
7.98 0.35075
8.01 0.351607
8.04 0.352465
8.07 0.353325
8.1 0.354186
8.13 0.355049
8.16 0.355913
8.19 0.356779
8.22 0.357646
8.25 0.358515
8.28 0.359386
8.31 0.360257
8.34 0.361131
8.37 0.362006
8.4 0.362882
8.43 0.36376
8.46 0.36464
8.49 0.365522
8.52 0.366404
8.55 0.367289
8.58 0.368175
8.61 0.369063
8.64 0.369952
8.67 0.370843
8.7 0.371736
8.73 0.37263
8.76 0.373526
8.79 0.374424
8.82 0.375324
8.85 0.376225
8.88 0.377128
8.91 0.378032
8.94 0.378939
8.97 0.379847
9 0.380756
9.03 0.381668
9.06 0.382581
9.09 0.383497
9.12 0.384413
9.15 0.385332
9.18 0.386253
9.21 0.387175
9.24 0.388099
9.27 0.389025
9.3 0.389953
9.33 0.390883
9.36 0.391815
9.39 0.392748
9.42 0.393683
9.45 0.394621
9.48 0.39556
9.51 0.396501
9.54 0.397444
9.57 0.398389
9.6 0.399336
9.63 0.400285
9.66 0.401236
9.69 0.402189
9.72 0.403144
9.75 0.404101
9.78 0.40506
9.81 0.406021
9.84 0.406984
9.87 0.407949
9.9 0.408916
9.93 0.409886
9.96 0.410857
9.99 0.41183
10.02 0.412806
10.05 0.413784
10.08 0.414763
10.11 0.415745
10.14 0.41673
10.17 0.417716
10.2 0.418704
10.23 0.419695
10.26 0.420688
10.29 0.421683
10.32 0.42268
10.35 0.42368
10.38 0.424682
10.41 0.425686
10.44 0.426692
10.47 0.427701
10.5 0.428712
10.53 0.429725
10.56 0.430741
10.59 0.431759
10.62 0.432779
10.65 0.433802
10.68 0.434827
10.71 0.435854
10.74 0.436884
10.77 0.437916
10.8 0.438951
10.83 0.439988
10.86 0.441028
10.89 0.44207
10.92 0.443114
10.95 0.444161
10.98 0.445211
11.01 0.446263
11.04 0.447318
11.07 0.448375
11.1 0.449434
11.13 0.450497
11.16 0.451561
11.19 0.452629
11.22 0.453699
11.25 0.454772
11.28 0.455847
11.31 0.456925
11.34 0.458006
11.37 0.459089
11.4 0.460175
11.43 0.461264
11.46 0.462355
11.49 0.463449
11.52 0.464546
11.55 0.465646
11.58 0.466748
11.61 0.467854
11.64 0.468962
11.67 0.470073
11.7 0.471186
11.73 0.472303
11.76 0.473422
11.79 0.474545
11.82 0.47567
11.85 0.476798
11.88 0.477929
11.91 0.479063
11.94 0.4802
11.97 0.48134
12 0.482482
12.03 0.483628
12.06 0.484777
12.09 0.485929
12.12 0.487084
12.15 0.488242
12.18 0.489403
12.21 0.490567
12.24 0.491734
12.27 0.492904
12.3 0.494078
12.33 0.495254
12.36 0.496434
12.39 0.497617
12.42 0.498803
12.45 0.499992
12.48 0.501185
12.51 0.502381
12.54 0.50358
12.57 0.504782
12.6 0.505987
12.63 0.507196
12.66 0.508408
12.69 0.509624
12.72 0.510843
12.75 0.512065
12.78 0.51329
12.81 0.514519
12.84 0.515752
12.87 0.516987
12.9 0.518227
12.93 0.519469
12.96 0.520715
12.99 0.521965
13.02 0.523218
13.05 0.524475
13.08 0.525735
13.11 0.526999
13.14 0.528266
13.17 0.529537
13.2 0.530811
13.23 0.532089
13.26 0.533371
13.29 0.534656
13.32 0.535945
13.35 0.537238
13.38 0.538534
13.41 0.539834
13.44 0.541138
13.47 0.542446
13.5 0.543757
13.53 0.545072
13.56 0.546391
13.59 0.547714
13.62 0.54904
13.65 0.550371
13.68 0.551705
13.71 0.553043
13.74 0.554385
13.77 0.555731
13.8 0.557081
13.83 0.558435
13.86 0.559792
13.89 0.561154
13.92 0.56252
13.95 0.56389
13.98 0.565263
14.01 0.566641
14.04 0.568023
14.07 0.569409
14.1 0.570799
14.13 0.572193
14.16 0.573591
14.19 0.574994
14.22 0.5764
14.25 0.577811
14.28 0.579226
14.31 0.580645
14.34 0.582069
14.37 0.583496
14.4 0.584928
14.43 0.586365
14.46 0.587805
14.49 0.58925
14.52 0.590699
14.55 0.592153
14.58 0.593611
14.61 0.595073
14.64 0.59654
14.67 0.598011
14.7 0.599486
14.73 0.600966
14.76 0.602451
14.79 0.60394
14.82 0.605433
14.85 0.606931
14.88 0.608433
14.91 0.609941
14.94 0.611452
14.97 0.612968
15 0.614489
15.03 0.616015
15.06 0.617545
15.09 0.61908
15.12 0.620619
15.15 0.622163
15.18 0.623712
15.21 0.625265
15.24 0.626824
15.27 0.628387
15.3 0.629955
15.33 0.631527
15.36 0.633105
15.39 0.634687
15.42 0.636274
15.45 0.637866
15.48 0.639463
15.51 0.641065
15.54 0.642671
15.57 0.644283
15.6 0.6459
15.63 0.647521
15.66 0.649148
15.69 0.650779
15.72 0.652415
15.75 0.654057
15.78 0.655704
15.81 0.657355
15.84 0.659012
15.87 0.660674
15.9 0.662341
15.93 0.664013
15.96 0.66569
15.99 0.667372
16.02 0.66906
16.05 0.670752
16.08 0.67245
16.11 0.674154
16.14 0.675862
16.17 0.677576
16.2 0.679295
16.23 0.681019
16.26 0.682748
16.29 0.684483
16.32 0.686223
16.35 0.687969
16.38 0.68972
16.41 0.691476
16.44 0.693238
16.47 0.695005
16.5 0.696778
16.53 0.698556
16.56 0.700339
16.59 0.702128
16.62 0.703923
16.65 0.705723
16.68 0.707528
16.71 0.709339
16.74 0.711156
16.77 0.712978
16.8 0.714806
16.83 0.716639
16.86 0.718478
16.89 0.720323
16.92 0.722173
16.95 0.724029
16.98 0.725891
17.01 0.727758
17.04 0.729631
17.07 0.73151
17.1 0.733394
17.13 0.735285
17.16 0.737181
17.19 0.739083
17.22 0.74099
17.25 0.742904
17.28 0.744823
17.31 0.746748
17.34 0.748679
17.37 0.750616
17.4 0.752559
17.43 0.754507
17.46 0.756462
17.49 0.758423
17.52 0.760389
17.55 0.762361
17.58 0.76434
17.61 0.766324
17.64 0.768315
17.67 0.770311
17.7 0.772313
17.73 0.774322
17.76 0.776336
17.79 0.778357
17.82 0.780384
17.85 0.782416
17.88 0.784455
17.91 0.7865
17.94 0.788551
17.97 0.790609
18 0.792672
18.03 0.794742
18.06 0.796818
18.09 0.7989
18.12 0.800988
18.15 0.803083
18.18 0.805183
18.21 0.80729
18.24 0.809404
18.27 0.811523
18.3 0.813649
18.33 0.815782
18.36 0.81792
18.39 0.820065
18.42 0.822216
18.45 0.824374
18.48 0.826538
18.51 0.828708
18.54 0.830885
18.57 0.833068
18.6 0.835258
18.63 0.837454
18.66 0.839657
18.69 0.841866
18.72 0.844081
18.75 0.846303
18.78 0.848532
18.81 0.850767
18.84 0.853009
18.87 0.855257
18.9 0.857512
18.93 0.859773
18.96 0.862041
18.99 0.864316
19.02 0.866597
19.05 0.868885
19.08 0.871179
19.11 0.87348
19.14 0.875788
19.17 0.878103
19.2 0.880424
19.23 0.882752
19.26 0.885087
19.29 0.887428
19.32 0.889777
19.35 0.892132
19.38 0.894494
19.41 0.896862
19.44 0.899238
19.47 0.90162
19.5 0.904009
19.53 0.906406
19.56 0.908809
19.59 0.911218
19.62 0.913635
19.65 0.916059
19.68 0.91849
19.71 0.920928
19.74 0.923372
19.77 0.925824
19.8 0.928283
19.83 0.930749
19.86 0.933222
19.89 0.935701
19.92 0.938189
19.95 0.940683
19.98 0.943184
20.01 0.945693
20.04 0.948208
20.07 0.950731
20.1 0.953261
20.13 0.955798
20.16 0.958343
20.19 0.960895
20.22 0.963454
20.25 0.96602
20.28 0.968594
20.31 0.971175
20.34 0.973764
20.37 0.97636
20.4 0.978963
20.43 0.981574
20.46 0.984192
20.49 0.986818
20.52 0.989452
20.55 0.992093
20.58 0.994741
20.61 0.997397
20.64 1.00006
20.67 1.00273
20.7 1.00541
20.73 1.0081
20.76 1.01079
20.79 1.0135
20.82 1.01621
20.85 1.01892
20.88 1.02165
20.91 1.02438
20.94 1.02713
20.97 1.02987
21 1.03263
21.03 1.0354
21.06 1.03817
21.09 1.04095
21.12 1.04374
21.15 1.04654
21.18 1.04935
21.21 1.05216
21.24 1.05499
21.27 1.05782
21.3 1.06066
21.33 1.06351
21.36 1.06636
21.39 1.06923
21.42 1.0721
21.45 1.07498
21.48 1.07787
21.51 1.08077
21.54 1.08368
21.57 1.0866
21.6 1.08953
21.63 1.09246
21.66 1.0954
21.69 1.09836
21.72 1.10132
21.75 1.10429
21.78 1.10727
21.81 1.11026
21.84 1.11326
21.87 1.11626
21.9 1.11928
21.93 1.12231
21.96 1.12534
21.99 1.12839
22.02 1.13145
22.05 1.13451
22.08 1.13759
22.11 1.14067
22.14 1.14376
22.17 1.14687
22.2 1.14998
22.23 1.15311
22.26 1.15624
22.29 1.15939
22.32 1.16254
22.35 1.16571
22.38 1.16889
22.41 1.17207
22.44 1.17527
22.47 1.17848
22.5 1.1817
22.53 1.18493
22.56 1.18817
22.59 1.19142
22.62 1.19468
22.65 1.19796
22.68 1.20124
22.71 1.20454
22.74 1.20785
22.77 1.21117
22.8 1.2145
22.83 1.21785
22.86 1.2212
22.89 1.22457
22.92 1.22795
22.95 1.23134
22.98 1.23475
23.01 1.23817
23.04 1.2416
23.07 1.24504
23.1 1.2485
23.13 1.25197
23.16 1.25545
23.19 1.25894
23.22 1.26245
23.25 1.26597
23.28 1.26951
23.31 1.27306
23.34 1.27662
23.37 1.2802
23.4 1.28379
23.43 1.2874
23.46 1.29102
23.49 1.29465
23.52 1.2983
23.55 1.30197
23.58 1.30564
23.61 1.30934
23.64 1.31305
23.67 1.31677
23.7 1.32052
23.73 1.32427
23.76 1.32804
23.79 1.33183
23.82 1.33564
23.85 1.33946
23.88 1.3433
23.91 1.34715
23.94 1.35103
23.97 1.35491
24 1.35882
24.03 1.36275
24.06 1.36669
24.09 1.37065
24.12 1.37462
24.15 1.37862
24.18 1.38263
24.21 1.38667
24.24 1.39072
24.27 1.39479
24.3 1.39888
24.33 1.40299
24.36 1.40712
24.39 1.41127
24.42 1.41544
24.45 1.41963
24.48 1.42384
24.51 1.42807
24.54 1.43232
24.57 1.43659
24.6 1.44088
24.63 1.4452
24.66 1.44954
24.69 1.4539
24.72 1.45828
24.75 1.46268
24.78 1.46711
24.81 1.47156
24.84 1.47603
24.87 1.48053
24.9 1.48505
24.93 1.4896
24.96 1.49416
24.99 1.49876
25.02 1.50338
25.05 1.50802
25.08 1.51269
25.11 1.51738
25.14 1.5221
25.17 1.52684
25.2 1.53162
25.23 1.53641
25.26 1.54124
25.29 1.54609
25.32 1.55097
25.35 1.55588
25.38 1.56081
25.41 1.56577
25.44 1.57076
25.47 1.57578
25.5 1.58083
25.53 1.58591
25.56 1.59102
25.59 1.59615
25.62 1.60132
25.65 1.60652
25.68 1.61175
25.71 1.617
25.74 1.62229
25.77 1.62762
25.8 1.63297
25.83 1.63835
25.86 1.64377
25.89 1.64922
25.92 1.6547
25.95 1.66022
25.98 1.66577
26.01 1.67135
26.04 1.67697
26.07 1.68262
26.1 1.6883
26.13 1.69403
26.16 1.69978
26.19 1.70557
26.22 1.7114
26.25 1.71726
26.28 1.72316
26.31 1.72909
26.34 1.73506
26.37 1.74107
26.4 1.74711
26.43 1.7532
26.46 1.75932
26.49 1.76548
26.52 1.77167
26.55 1.77791
26.58 1.78418
26.61 1.79049
26.64 1.79684
26.67 1.80323
26.7 1.80966
26.73 1.81613
26.76 1.82264
26.79 1.82919
26.82 1.83578
26.85 1.84241
26.88 1.84908
26.91 1.85579
26.94 1.86255
26.97 1.86934
27 1.87618
27.03 1.88306
27.06 1.88997
27.09 1.89694
27.12 1.90394
27.15 1.91098
27.18 1.91807
27.21 1.9252
27.24 1.93237
27.27 1.93959
27.3 1.94685
27.33 1.95415
27.36 1.96149
27.39 1.96887
27.42 1.9763
27.45 1.98377
27.48 1.99129
27.51 1.99885
27.54 2.00645
27.57 2.01409
27.6 2.02177
27.63 2.0295
27.66 2.03727
27.69 2.04509
27.72 2.05294
27.75 2.06084
27.78 2.06878
27.81 2.07677
27.84 2.08479
27.87 2.09286
27.9 2.10097
27.93 2.10912
27.96 2.11731
27.99 2.12554
28.02 2.13382
28.05 2.14213
28.08 2.15049
28.11 2.15888
28.14 2.16731
28.17 2.17579
28.2 2.1843
28.23 2.19285
28.26 2.20144
28.29 2.21007
28.32 2.21874
28.35 2.22744
28.38 2.23618
28.41 2.24496
28.44 2.25377
28.47 2.26262
28.5 2.2715
28.53 2.28041
28.56 2.28936
28.59 2.29835
28.62 2.30736
28.65 2.31641
28.68 2.32549
28.71 2.33459
28.74 2.34373
28.77 2.3529
28.8 2.3621
28.83 2.37132
28.86 2.38057
28.89 2.38985
28.92 2.39915
28.95 2.40848
28.98 2.41783
29.01 2.4272
29.04 2.4366
29.07 2.44602
29.1 2.45546
29.13 2.46491
29.16 2.47439
29.19 2.48388
29.22 2.49339
29.25 2.50292
29.28 2.51246
29.31 2.52202
29.34 2.53158
29.37 2.54116
29.4 2.55075
29.43 2.56035
29.46 2.56996
29.49 2.57958
29.52 2.5892
29.55 2.59883
29.58 2.60846
29.61 2.6181
29.64 2.62774
29.67 2.63738
29.7 2.64702
29.73 2.65665
29.76 2.66629
29.79 2.67592
29.82 2.68555
29.85 2.69517
29.88 2.70479
29.91 2.7144
29.94 2.724
29.97 2.73358
30 2.74316
30.001 0
