0 -10
0.03 -8.81762
0.06 -8.81745
0.09 -8.81729
0.12 -8.81713
0.15 -8.81697
0.18 -8.8168
0.21 -8.81664
0.24 -8.81648
0.27 -8.81631
0.3 -8.81615
0.33 -8.81599
0.36 -8.81583
0.39 -8.81566
0.42 -8.8155
0.45 -8.81534
0.48 -8.81517
0.51 -8.81501
0.54 -8.81485
0.57 -8.81468
0.6 -8.81452
0.63 -8.81436
0.66 -8.81419
0.69 -8.81403
0.72 -8.81387
0.75 -8.8137
0.78 -8.81354
0.81 -8.81337
0.84 -8.81321
0.87 -8.81305
0.9 -8.81288
0.93 -8.81272
0.96 -8.81255
0.99 -8.81239
1.02 -8.81223
1.05 -8.81206
1.08 -8.8119
1.11 -8.81173
1.14 -8.81157
1.17 -8.81141
1.2 -8.81124
1.23 -8.81108
1.26 -8.81091
1.29 -8.81075
1.32 -8.81058
1.35 -8.81042
1.38 -8.81026
1.41 -8.81009
1.44 -8.80993
1.47 -8.80976
1.5 -8.8096
1.53 -8.80943
1.56 -8.80927
1.59 -8.8091
1.62 -8.80894
1.65 -8.80877
1.68 -8.80861
1.71 -8.80844
1.74 -8.80828
1.77 -8.80811
1.8 -8.80795
1.83 -8.80778
1.86 -8.80762
1.89 -8.80745
1.92 -8.80729
1.95 -8.80712
1.98 -8.80695
2.01 -8.80679
2.04 -8.80662
2.07 -8.80646
2.1 -8.80629
2.13 -8.80613
2.16 -8.80596
2.19 -8.80579
2.22 -8.80563
2.25 -8.80546
2.28 -8.8053
2.31 -8.80513
2.34 -8.80496
2.37 -8.8048
2.4 -8.80463
2.43 -8.80447
2.46 -8.8043
2.49 -8.80413
2.52 -8.80397
2.55 -8.8038
2.58 -8.80363
2.61 -8.80347
2.64 -8.8033
2.67 -8.80313
2.7 -8.80297
2.73 -8.8028
2.76 -8.80263
2.79 -8.80247
2.82 -8.8023
2.85 -8.80213
2.88 -8.80197
2.91 -8.8018
2.94 -8.80163
2.97 -8.80146
3 -8.8013
3.03 -8.80113
3.06 -8.80096
3.09 -8.80079
3.12 -8.80063
3.15 -8.80046
3.18 -8.80029
3.21 -8.80012
3.24 -8.79996
3.27 -8.79979
3.3 -8.79962
3.33 -8.79945
3.36 -8.79928
3.39 -8.79912
3.42 -8.79895
3.45 -8.79878
3.48 -8.79861
3.51 -8.79844
3.54 -8.79828
3.57 -8.79811
3.6 -8.79794
3.63 -8.79777
3.66 -8.7976
3.69 -8.79743
3.72 -8.79726
3.75 -8.79709
3.78 -8.79693
3.81 -8.79676
3.84 -8.79659
3.87 -8.79642
3.9 -8.79625
3.93 -8.79608
3.96 -8.79591
3.99 -8.79574
4.02 -8.79557
4.05 -8.7954
4.08 -8.79523
4.11 -8.79506
4.14 -8.79489
4.17 -8.79472
4.2 -8.79455
4.23 -8.79438
4.26 -8.79421
4.29 -8.79404
4.32 -8.79387
4.35 -8.7937
4.38 -8.79353
4.41 -8.79336
4.44 -8.79319
4.47 -8.79302
4.5 -8.79285
4.53 -8.79268
4.56 -8.79251
4.59 -8.79234
4.62 -8.79216
4.65 -8.79199
4.68 -8.79182
4.71 -8.79165
4.74 -8.79148
4.77 -8.79131
4.8 -8.79114
4.83 -8.79096
4.86 -8.79079
4.89 -8.79062
4.92 -8.79045
4.95 -8.79028
4.98 -8.7901
5.01 -8.78993
5.04 -8.78976
5.07 -8.78959
5.1 -8.78942
5.13 -8.78924
5.16 -8.78907
5.19 -8.7889
5.22 -8.78872
5.25 -8.78855
5.28 -8.78838
5.31 -8.7882
5.34 -8.78803
5.37 -8.78786
5.4 -8.78768
5.43 -8.78751
5.46 -8.78734
5.49 -8.78716
5.52 -8.78699
5.55 -8.78682
5.58 -8.78664
5.61 -8.78647
5.64 -8.78629
5.67 -8.78612
5.7 -8.78594
5.73 -8.78577
5.76 -8.78559
5.79 -8.78542
5.82 -8.78524
5.85 -8.78507
5.88 -8.78489
5.91 -8.78472
5.94 -8.78454
5.97 -8.78437
6 -8.78419
6.03 -8.78402
6.06 -8.78384
6.09 -8.78366
6.12 -8.78349
6.15 -8.78331
6.18 -8.78314
6.21 -8.78296
6.24 -8.78278
6.27 -8.78261
6.3 -8.78243
6.33 -8.78225
6.36 -8.78207
6.39 -8.7819
6.42 -8.78172
6.45 -8.78154
6.48 -8.78137
6.51 -8.78119
6.54 -8.78101
6.57 -8.78083
6.6 -8.78065
6.63 -8.78047
6.66 -8.7803
6.69 -8.78012
6.72 -8.77994
6.75 -8.77976
6.78 -8.77958
6.81 -8.7794
6.84 -8.77922
6.87 -8.77904
6.9 -8.77886
6.93 -8.77868
6.96 -8.7785
6.99 -8.77832
7.02 -8.77814
7.05 -8.77796
7.08 -8.77778
7.11 -8.7776
7.14 -8.77742
7.17 -8.77724
7.2 -8.77706
7.23 -8.77688
7.26 -8.7767
7.29 -8.77652
7.32 -8.77634
7.35 -8.77615
7.38 -8.77597
7.41 -8.77579
7.44 -8.77561
7.47 -8.77542
7.5 -8.77524
7.53 -8.77506
7.56 -8.77488
7.59 -8.77469
7.62 -8.77451
7.65 -8.77433
7.68 -8.77414
7.71 -8.77396
7.74 -8.77378
7.77 -8.77359
7.8 -8.77341
7.83 -8.77322
7.86 -8.77304
7.89 -8.77285
7.92 -8.77267
7.95 -8.77248
7.98 -8.7723
8.01 -8.77211
8.04 -8.77193
8.07 -8.77174
8.1 -8.77156
8.13 -8.77137
8.16 -8.77118
8.19 -8.771
8.22 -8.77081
8.25 -8.77062
8.28 -8.77044
8.31 -8.77025
8.34 -8.77006
8.37 -8.76987
8.4 -8.76968
8.43 -8.7695
8.46 -8.76931
8.49 -8.76912
8.52 -8.76893
8.55 -8.76874
8.58 -8.76855
8.61 -8.76836
8.64 -8.76817
8.67 -8.76799
8.7 -8.7678
8.73 -8.76761
8.76 -8.76741
8.79 -8.76722
8.82 -8.76703
8.85 -8.76684
8.88 -8.76665
8.91 -8.76646
8.94 -8.76627
8.97 -8.76608
9 -8.76588
9.03 -8.76569
9.06 -8.7655
9.09 -8.76531
9.12 -8.76511
9.15 -8.76492
9.18 -8.76473
9.21 -8.76453
9.24 -8.76434
9.27 -8.76415
9.3 -8.76395
9.33 -8.76376
9.36 -8.76356
9.39 -8.76337
9.42 -8.76317
9.45 -8.76298
9.48 -8.76278
9.51 -8.76259
9.54 -8.76239
9.57 -8.76219
9.6 -8.762
9.63 -8.7618
9.66 -8.7616
9.69 -8.76141
9.72 -8.76121
9.75 -8.76101
9.78 -8.76081
9.81 -8.76062
9.84 -8.76042
9.87 -8.76022
9.9 -8.76002
9.93 -8.75982
9.96 -8.75962
9.99 -8.75942
10.02 -8.75922
10.05 -8.75902
10.08 -8.75882
10.11 -8.75862
10.14 -8.75842
10.17 -8.75822
10.2 -8.75802
10.23 -8.75781
10.26 -8.75761
10.29 -8.75741
10.32 -8.75721
10.35 -8.757
10.38 -8.7568
10.41 -8.7566
10.44 -8.75639
10.47 -8.75619
10.5 -8.75599
10.53 -8.75578
10.56 -8.75558
10.59 -8.75537
10.62 -8.75517
10.65 -8.75496
10.68 -8.75475
10.71 -8.75455
10.74 -8.75434
10.77 -8.75414
10.8 -8.75393
10.83 -8.75372
10.86 -8.75351
10.89 -8.75331
10.92 -8.7531
10.95 -8.75289
10.98 -8.75268
11.01 -8.75247
11.04 -8.75226
11.07 -8.75205
11.1 -8.75184
11.13 -8.75163
11.16 -8.75142
11.19 -8.75121
11.22 -8.751
11.25 -8.75079
11.28 -8.75058
11.31 -8.75037
11.34 -8.75015
11.37 -8.74994
11.4 -8.74973
11.43 -8.74951
11.46 -8.7493
11.49 -8.74909
11.52 -8.74887
11.55 -8.74866
11.58 -8.74844
11.61 -8.74823
11.64 -8.74801
11.67 -8.7478
11.7 -8.74758
11.73 -8.74737
11.76 -8.74715
11.79 -8.74693
11.82 -8.74671
11.85 -8.7465
11.88 -8.74628
11.91 -8.74606
11.94 -8.74584
11.97 -8.74562
12 -8.7454
12.03 -8.74518
12.06 -8.74496
12.09 -8.74474
12.12 -8.74452
12.15 -8.7443
12.18 -8.74408
12.21 -8.74386
12.24 -8.74364
12.27 -8.74342
12.3 -8.74319
12.33 -8.74297
12.36 -8.74275
12.39 -8.74253
12.42 -8.7423
12.45 -8.74208
12.48 -8.74185
12.51 -8.74163
12.54 -8.7414
12.57 -8.74118
12.6 -8.74095
12.63 -8.74073
12.66 -8.7405
12.69 -8.74027
12.72 -8.74005
12.75 -8.73982
12.78 -8.73959
12.81 -8.73936
12.84 -8.73913
12.87 -8.7389
12.9 -8.73868
12.93 -8.73845
12.96 -8.73822
12.99 -8.73799
13.02 -8.73776
13.05 -8.73752
13.08 -8.73729
13.11 -8.73706
13.14 -8.73683
13.17 -8.7366
13.2 -8.73637
13.23 -8.73613
13.26 -8.7359
13.29 -8.73567
13.32 -8.73543
13.35 -8.7352
13.38 -8.73496
13.41 -8.73473
13.44 -8.73449
13.47 -8.73426
13.5 -8.73402
13.53 -8.73378
13.56 -8.73355
13.59 -8.73331
13.62 -8.73307
13.65 -8.73284
13.68 -8.7326
13.71 -8.73236
13.74 -8.73212
13.77 -8.73188
13.8 -8.73164
13.83 -8.7314
13.86 -8.73116
13.89 -8.73092
13.92 -8.73068
13.95 -8.73044
13.98 -8.7302
14.01 -8.72996
14.04 -8.72971
14.07 -8.72947
14.1 -8.72923
14.13 -8.72899
14.16 -8.72874
14.19 -8.7285
14.22 -8.72825
14.25 -8.72801
14.28 -8.72776
14.31 -8.72752
14.34 -8.72727
14.37 -8.72703
14.4 -8.72678
14.43 -8.72653
14.46 -8.72629
14.49 -8.72604
14.52 -8.72579
14.55 -8.72555
14.58 -8.7253
14.61 -8.72505
14.64 -8.7248
14.67 -8.72455
14.7 -8.7243
14.73 -8.72405
14.76 -8.7238
14.79 -8.72355
14.82 -8.7233
14.85 -8.72305
14.88 -8.7228
14.91 -8.72255
14.94 -8.72229
14.97 -8.72204
15 -8.72179
15.03 -8.72154
15.06 -8.72128
15.09 -8.72103
15.12 -8.72077
15.15 -8.72052
15.18 -8.72027
15.21 -8.72001
15.24 -8.71976
15.27 -8.7195
15.3 -8.71925
15.33 -8.71899
15.36 -8.71873
15.39 -8.71848
15.42 -8.71822
15.45 -8.71796
15.48 -8.71771
15.51 -8.71745
15.54 -8.71719
15.57 -8.71693
15.6 -8.71667
15.63 -8.71641
15.66 -8.71615
15.69 -8.7159
15.72 -8.71564
15.75 -8.71538
15.78 -8.71512
15.81 -8.71486
15.84 -8.7146
15.87 -8.71433
15.9 -8.71407
15.93 -8.71381
15.96 -8.71355
15.99 -8.71329
16.02 -8.71303
16.05 -8.71276
16.08 -8.7125
16.11 -8.71224
16.14 -8.71198
16.17 -8.71171
16.2 -8.71145
16.23 -8.71119
16.26 -8.71092
16.29 -8.71066
16.32 -8.71039
16.35 -8.71013
16.38 -8.70986
16.41 -8.7096
16.44 -8.70933
16.47 -8.70907
16.5 -8.7088
16.53 -8.70854
16.56 -8.70827
16.59 -8.70801
16.62 -8.70774
16.65 -8.70747
16.68 -8.70721
16.71 -8.70694
16.74 -8.70668
16.77 -8.70641
16.8 -8.70614
16.83 -8.70587
16.86 -8.70561
16.89 -8.70534
16.92 -8.70507
16.95 -8.7048
16.98 -8.70454
17.01 -8.70427
17.04 -8.704
17.07 -8.70373
17.1 -8.70346
17.13 -8.7032
17.16 -8.70293
17.19 -8.70266
17.22 -8.70239
17.25 -8.70212
17.28 -8.70185
17.31 -8.70159
17.34 -8.70132
17.37 -8.70105
17.4 -8.70078
17.43 -8.70051
17.46 -8.70024
17.49 -8.69997
17.52 -8.6997
17.55 -8.69943
17.58 -8.69916
17.61 -8.6989
17.64 -8.69863
17.67 -8.69836
17.7 -8.69809
17.73 -8.69782
17.76 -8.69755
17.79 -8.69728
17.82 -8.69701
17.85 -8.69674
17.88 -8.69648
17.91 -8.69621
17.94 -8.69594
17.97 -8.69567
18 -8.6954
18.03 -8.69513
18.06 -8.69486
18.09 -8.6946
18.12 -8.69433
18.15 -8.69406
18.18 -8.69379
18.21 -8.69352
18.24 -8.69326
18.27 -8.69299
18.3 -8.69272
18.33 -8.69245
18.36 -8.69219
18.39 -8.69192
18.42 -8.69165
18.45 -8.69138
18.48 -8.69112
18.51 -8.69085
18.54 -8.69059
18.57 -8.69032
18.6 -8.69005
18.63 -8.68979
18.66 -8.68952
18.69 -8.68926
18.72 -8.68899
18.75 -8.68873
18.78 -8.68847
18.81 -8.6882
18.84 -8.68794
18.87 -8.68767
18.9 -8.68741
18.93 -8.68715
18.96 -8.68689
18.99 -8.68662
19.02 -8.68636
19.05 -8.6861
19.08 -8.68584
19.11 -8.68558
19.14 -8.68532
19.17 -8.68506
19.2 -8.6848
19.23 -8.68454
19.26 -8.68428
19.29 -8.68402
19.32 -8.68376
19.35 -8.6835
19.38 -8.68325
19.41 -8.68299
19.44 -8.68273
19.47 -8.68248
19.5 -8.68222
19.53 -8.68197
19.56 -8.68171
19.59 -8.68146
19.62 -8.6812
19.65 -8.68095
19.68 -8.6807
19.71 -8.68045
19.74 -8.6802
19.77 -8.67994
19.8 -8.67969
19.83 -8.67944
19.86 -8.67919
19.89 -8.67895
19.92 -8.6787
19.95 -8.67845
19.98 -8.6782
20.01 -8.67796
20.04 -8.67771
20.07 -8.67747
20.1 -8.67722
20.13 -8.67698
20.16 -8.67674
20.19 -8.67649
20.22 -8.67625
20.25 -8.67601
20.28 -8.67577
20.31 -8.67553
20.34 -8.67529
20.37 -8.67506
20.4 -8.67482
20.43 -8.67458
20.46 -8.67435
20.49 -8.67411
20.52 -8.67388
20.55 -8.67364
20.58 -8.67341
20.61 -8.67318
20.64 -8.67295
20.67 -8.67272
20.7 -8.67249
20.73 -8.67226
20.76 -8.67203
20.79 -8.67181
20.82 -8.67158
20.85 -8.67136
20.88 -8.67113
20.91 -8.67091
20.94 -8.67069
20.97 -8.67047
21 -8.67025
21.03 -8.67003
21.06 -8.66981
21.09 -8.6696
21.12 -8.66938
21.15 -8.66917
21.18 -8.66895
21.21 -8.66874
21.24 -8.66853
21.27 -8.66832
21.3 -8.66811
21.33 -8.6679
21.36 -8.66769
21.39 -8.66749
21.42 -8.66728
21.45 -8.66708
21.48 -8.66688
21.51 -8.66667
21.54 -8.66647
21.57 -8.66627
21.6 -8.66608
21.63 -8.66588
21.66 -8.66568
21.69 -8.66549
21.72 -8.6653
21.75 -8.66511
21.78 -8.66492
21.81 -8.66473
21.84 -8.66454
21.87 -8.66435
21.9 -8.66417
21.93 -8.66398
21.96 -8.6638
21.99 -8.66362
22.02 -8.66344
22.05 -8.66326
22.08 -8.66309
22.11 -8.66291
22.14 -8.66274
22.17 -8.66257
22.2 -8.66239
22.23 -8.66223
22.26 -8.66206
22.29 -8.66189
22.32 -8.66173
22.35 -8.66156
22.38 -8.6614
22.41 -8.66124
22.44 -8.66108
22.47 -8.66093
22.5 -8.66077
22.53 -8.66062
22.56 -8.66046
22.59 -8.66031
22.62 -8.66017
22.65 -8.66002
22.68 -8.65987
22.71 -8.65973
22.74 -8.65959
22.77 -8.65945
22.8 -8.65931
22.83 -8.65917
22.86 -8.65904
22.89 -8.65891
22.92 -8.65878
22.95 -8.65865
22.98 -8.65852
23.01 -8.65839
23.04 -8.65827
23.07 -8.65815
23.1 -8.65803
23.13 -8.65791
23.16 -8.6578
23.19 -8.65768
23.22 -8.65757
23.25 -8.65746
23.28 -8.65735
23.31 -8.65725
23.34 -8.65715
23.37 -8.65704
23.4 -8.65695
23.43 -8.65685
23.46 -8.65675
23.49 -8.65666
23.52 -8.65657
23.55 -8.65648
23.58 -8.6564
23.61 -8.65632
23.64 -8.65623
23.67 -8.65616
23.7 -8.65608
23.73 -8.65601
23.76 -8.65593
23.79 -8.65587
23.82 -8.6558
23.85 -8.65573
23.88 -8.65567
23.91 -8.65561
23.94 -8.65556
23.97 -8.6555
24 -8.65545
24.03 -8.6554
24.06 -8.65536
24.09 -8.65531
24.12 -8.65527
24.15 -8.65524
24.18 -8.6552
24.21 -8.65517
24.24 -8.65514
24.27 -8.65511
24.3 -8.65509
24.33 -8.65507
24.36 -8.65505
24.39 -8.65504
24.42 -8.65502
24.45 -8.65501
24.48 -8.65501
24.51 -8.65501
24.54 -8.65501
24.57 -8.65501
24.6 -8.65502
24.63 -8.65503
24.66 -8.65504
24.69 -8.65506
24.72 -8.65508
24.75 -8.6551
24.78 -8.65513
24.81 -8.65516
24.84 -8.65519
24.87 -8.65523
24.9 -8.65527
24.93 -8.65531
24.96 -8.65536
24.99 -8.65541
25.02 -8.65547
25.05 -8.65553
25.08 -8.65559
25.11 -8.65566
25.14 -8.65573
25.17 -8.6558
25.2 -8.65588
25.23 -8.65596
25.26 -8.65605
25.29 -8.65614
25.32 -8.65624
25.35 -8.65634
25.38 -8.65644
25.41 -8.65655
25.44 -8.65666
25.47 -8.65677
25.5 -8.6569
25.53 -8.65702
25.56 -8.65715
25.59 -8.65728
25.62 -8.65742
25.65 -8.65757
25.68 -8.65771
25.71 -8.65787
25.74 -8.65803
25.77 -8.65819
25.8 -8.65836
25.83 -8.65853
25.86 -8.6587
25.89 -8.65889
25.92 -8.65908
25.95 -8.65927
25.98 -8.65947
26.01 -8.65967
26.04 -8.65988
26.07 -8.66009
26.1 -8.66031
26.13 -8.66054
26.16 -8.66077
26.19 -8.661
26.22 -8.66125
26.25 -8.66149
26.28 -8.66175
26.31 -8.66201
26.34 -8.66227
26.37 -8.66254
26.4 -8.66282
26.43 -8.6631
26.46 -8.66339
26.49 -8.66369
26.52 -8.66399
26.55 -8.6643
26.58 -8.66461
26.61 -8.66493
26.64 -8.66526
26.67 -8.6656
26.7 -8.66594
26.73 -8.66628
26.76 -8.66664
26.79 -8.667
26.82 -8.66737
26.85 -8.66774
26.88 -8.66812
26.91 -8.66851
26.94 -8.66891
26.97 -8.66931
27 -8.66972
27.03 -8.67014
27.06 -8.67056
27.09 -8.67099
27.12 -8.67143
27.15 -8.67188
27.18 -8.67234
27.21 -8.6728
27.24 -8.67327
27.27 -8.67375
27.3 -8.67423
27.33 -8.67472
27.36 -8.67522
27.39 -8.67573
27.42 -8.67625
27.45 -8.67678
27.48 -8.67731
27.51 -8.67785
27.54 -8.6784
27.57 -8.67896
27.6 -8.67952
27.63 -8.6801
27.66 -8.68068
27.69 -8.68127
27.72 -8.68187
27.75 -8.68247
27.78 -8.68309
27.81 -8.68371
27.84 -8.68435
27.87 -8.68499
27.9 -8.68564
27.93 -8.6863
27.96 -8.68696
27.99 -8.68764
28.02 -8.68832
28.05 -8.68902
28.08 -8.68972
28.11 -8.69043
28.14 -8.69115
28.17 -8.69188
28.2 -8.69262
28.23 -8.69336
28.26 -8.69412
28.29 -8.69488
28.32 -8.69565
28.35 -8.69643
28.38 -8.69722
28.41 -8.69802
28.44 -8.69883
28.47 -8.69965
28.5 -8.70047
28.53 -8.7013
28.56 -8.70215
28.59 -8.703
28.62 -8.70386
28.65 -8.70473
28.68 -8.7056
28.71 -8.70649
28.74 -8.70738
28.77 -8.70828
28.8 -8.7092
28.83 -8.71011
28.86 -8.71104
28.89 -8.71198
28.92 -8.71292
28.95 -8.71388
28.98 -8.71484
29.01 -8.71581
29.04 -8.71678
29.07 -8.71777
29.1 -8.71876
29.13 -8.71976
29.16 -8.72077
29.19 -8.72179
29.22 -8.72281
29.25 -8.72384
29.28 -8.72488
29.31 -8.72593
29.34 -8.72698
29.37 -8.72804
29.4 -8.72911
29.43 -8.73018
29.46 -8.73126
29.49 -8.73235
29.52 -8.73345
29.55 -8.73455
29.58 -8.73566
29.61 -8.73677
29.64 -8.73789
29.67 -8.73902
29.7 -8.74015
29.73 -8.74129
29.76 -8.74243
29.79 -8.74358
29.82 -8.74474
29.85 -8.7459
29.88 -8.74706
29.91 -8.74823
29.94 -8.74941
29.97 -8.75059
30 -8.75178
30.001 -10
