0 5
0.03 4.92625
0.06 4.92631
0.09 4.92637
0.12 4.92643
0.15 4.92649
0.18 4.92655
0.21 4.92661
0.24 4.92667
0.27 4.92673
0.3 4.92679
0.33 4.92685
0.36 4.92691
0.39 4.92697
0.42 4.92703
0.45 4.92708
0.48 4.92714
0.51 4.9272
0.54 4.92727
0.57 4.92733
0.6 4.92739
0.63 4.92745
0.66 4.92751
0.69 4.92757
0.72 4.92763
0.75 4.92769
0.78 4.92775
0.81 4.92781
0.84 4.92787
0.87 4.92793
0.9 4.92799
0.93 4.92805
0.96 4.92812
0.99 4.92818
1.02 4.92824
1.05 4.9283
1.08 4.92836
1.11 4.92842
1.14 4.92849
1.17 4.92855
1.2 4.92861
1.23 4.92867
1.26 4.92873
1.29 4.9288
1.32 4.92886
1.35 4.92892
1.38 4.92898
1.41 4.92905
1.44 4.92911
1.47 4.92917
1.5 4.92923
1.53 4.9293
1.56 4.92936
1.59 4.92942
1.62 4.92949
1.65 4.92955
1.68 4.92961
1.71 4.92968
1.74 4.92974
1.77 4.9298
1.8 4.92987
1.83 4.92993
1.86 4.93
1.89 4.93006
1.92 4.93013
1.95 4.93019
1.98 4.93025
2.01 4.93032
2.04 4.93038
2.07 4.93045
2.1 4.93051
2.13 4.93058
2.16 4.93064
2.19 4.93071
2.22 4.93077
2.25 4.93084
2.28 4.9309
2.31 4.93097
2.34 4.93103
2.37 4.9311
2.4 4.93117
2.43 4.93123
2.46 4.9313
2.49 4.93136
2.52 4.93143
2.55 4.9315
2.58 4.93156
2.61 4.93163
2.64 4.9317
2.67 4.93176
2.7 4.93183
2.73 4.9319
2.76 4.93196
2.79 4.93203
2.82 4.9321
2.85 4.93216
2.88 4.93223
2.91 4.9323
2.94 4.93237
2.97 4.93244
3 4.9325
3.03 4.93257
3.06 4.93264
3.09 4.93271
3.12 4.93278
3.15 4.93284
3.18 4.93291
3.21 4.93298
3.24 4.93305
3.27 4.93312
3.3 4.93319
3.33 4.93326
3.36 4.93333
3.39 4.9334
3.42 4.93346
3.45 4.93353
3.48 4.9336
3.51 4.93367
3.54 4.93374
3.57 4.93381
3.6 4.93388
3.63 4.93395
3.66 4.93402
3.69 4.93409
3.72 4.93417
3.75 4.93424
3.78 4.93431
3.81 4.93438
3.84 4.93445
3.87 4.93452
3.9 4.93459
3.93 4.93466
3.96 4.93473
3.99 4.93481
4.02 4.93488
4.05 4.93495
4.08 4.93502
4.11 4.93509
4.14 4.93517
4.17 4.93524
4.2 4.93531
4.23 4.93538
4.26 4.93546
4.29 4.93553
4.32 4.9356
4.35 4.93568
4.38 4.93575
4.41 4.93582
4.44 4.9359
4.47 4.93597
4.5 4.93604
4.53 4.93612
4.56 4.93619
4.59 4.93627
4.62 4.93634
4.65 4.93641
4.68 4.93649
4.71 4.93656
4.74 4.93664
4.77 4.93671
4.8 4.93679
4.83 4.93686
4.86 4.93694
4.89 4.93702
4.92 4.93709
4.95 4.93717
4.98 4.93724
5.01 4.93732
5.04 4.9374
5.07 4.93747
5.1 4.93755
5.13 4.93763
5.16 4.9377
5.19 4.93778
5.22 4.93786
5.25 4.93793
5.28 4.93801
5.31 4.93809
5.34 4.93817
5.37 4.93824
5.4 4.93832
5.43 4.9384
5.46 4.93848
5.49 4.93856
5.52 4.93864
5.55 4.93872
5.58 4.93879
5.61 4.93887
5.64 4.93895
5.67 4.93903
5.7 4.93911
5.73 4.93919
5.76 4.93927
5.79 4.93935
5.82 4.93943
5.85 4.93951
5.88 4.93959
5.91 4.93967
5.94 4.93976
5.97 4.93984
6 4.93992
6.03 4.94
6.06 4.94008
6.09 4.94016
6.12 4.94024
6.15 4.94033
6.18 4.94041
6.21 4.94049
6.24 4.94057
6.27 4.94066
6.3 4.94074
6.33 4.94082
6.36 4.94091
6.39 4.94099
6.42 4.94107
6.45 4.94116
6.48 4.94124
6.51 4.94133
6.54 4.94141
6.57 4.9415
6.6 4.94158
6.63 4.94167
6.66 4.94175
6.69 4.94184
6.72 4.94192
6.75 4.94201
6.78 4.94209
6.81 4.94218
6.84 4.94227
6.87 4.94235
6.9 4.94244
6.93 4.94253
6.96 4.94261
6.99 4.9427
7.02 4.94279
7.05 4.94288
7.08 4.94296
7.11 4.94305
7.14 4.94314
7.17 4.94323
7.2 4.94332
7.23 4.94341
7.26 4.9435
7.29 4.94359
7.32 4.94368
7.35 4.94377
7.38 4.94386
7.41 4.94395
7.44 4.94404
7.47 4.94413
7.5 4.94422
7.53 4.94431
7.56 4.9444
7.59 4.94449
7.62 4.94458
7.65 4.94468
7.68 4.94477
7.71 4.94486
7.74 4.94495
7.77 4.94505
7.8 4.94514
7.83 4.94523
7.86 4.94533
7.89 4.94542
7.92 4.94552
7.95 4.94561
7.98 4.9457
8.01 4.9458
8.04 4.94589
8.07 4.94599
8.1 4.94609
8.13 4.94618
8.16 4.94628
8.19 4.94637
8.22 4.94647
8.25 4.94657
8.28 4.94666
8.31 4.94676
8.34 4.94686
8.37 4.94696
8.4 4.94705
8.43 4.94715
8.46 4.94725
8.49 4.94735
8.52 4.94745
8.55 4.94755
8.58 4.94765
8.61 4.94775
8.64 4.94785
8.67 4.94795
8.7 4.94805
8.73 4.94815
8.76 4.94825
8.79 4.94836
8.82 4.94846
8.85 4.94856
8.88 4.94866
8.91 4.94876
8.94 4.94887
8.97 4.94897
9 4.94908
9.03 4.94918
9.06 4.94928
9.09 4.94939
9.12 4.94949
9.15 4.9496
9.18 4.9497
9.21 4.94981
9.24 4.94992
9.27 4.95002
9.3 4.95013
9.33 4.95024
9.36 4.95034
9.39 4.95045
9.42 4.95056
9.45 4.95067
9.48 4.95078
9.51 4.95088
9.54 4.95099
9.57 4.9511
9.6 4.95121
9.63 4.95132
9.66 4.95143
9.69 4.95154
9.72 4.95166
9.75 4.95177
9.78 4.95188
9.81 4.95199
9.84 4.9521
9.87 4.95222
9.9 4.95233
9.93 4.95244
9.96 4.95256
9.99 4.95267
10.02 4.95279
10.05 4.9529
10.08 4.95302
10.11 4.95313
10.14 4.95325
10.17 4.95337
10.2 4.95348
10.23 4.9536
10.26 4.95372
10.29 4.95384
10.32 4.95396
10.35 4.95407
10.38 4.95419
10.41 4.95431
10.44 4.95443
10.47 4.95455
10.5 4.95467
10.53 4.95479
10.56 4.95492
10.59 4.95504
10.62 4.95516
10.65 4.95528
10.68 4.95541
10.71 4.95553
10.74 4.95565
10.77 4.95578
10.8 4.9559
10.83 4.95603
10.86 4.95615
10.89 4.95628
10.92 4.95641
10.95 4.95653
10.98 4.95666
11.01 4.95679
11.04 4.95692
11.07 4.95705
11.1 4.95718
11.13 4.9573
11.16 4.95743
11.19 4.95757
11.22 4.9577
11.25 4.95783
11.28 4.95796
11.31 4.95809
11.34 4.95822
11.37 4.95836
11.4 4.95849
11.43 4.95863
11.46 4.95876
11.49 4.9589
11.52 4.95903
11.55 4.95917
11.58 4.9593
11.61 4.95944
11.64 4.95958
11.67 4.95972
11.7 4.95986
11.73 4.95999
11.76 4.96013
11.79 4.96027
11.82 4.96041
11.85 4.96056
11.88 4.9607
11.91 4.96084
11.94 4.96098
11.97 4.96113
12 4.96127
12.03 4.96141
12.06 4.96156
12.09 4.9617
12.12 4.96185
12.15 4.962
12.18 4.96214
12.21 4.96229
12.24 4.96244
12.27 4.96259
12.3 4.96274
12.33 4.96289
12.36 4.96304
12.39 4.96319
12.42 4.96334
12.45 4.96349
12.48 4.96364
12.51 4.9638
12.54 4.96395
12.57 4.96411
12.6 4.96426
12.63 4.96442
12.66 4.96457
12.69 4.96473
12.72 4.96489
12.75 4.96504
12.78 4.9652
12.81 4.96536
12.84 4.96552
12.87 4.96568
12.9 4.96584
12.93 4.96601
12.96 4.96617
12.99 4.96633
13.02 4.9665
13.05 4.96666
13.08 4.96682
13.11 4.96699
13.14 4.96716
13.17 4.96732
13.2 4.96749
13.23 4.96766
13.26 4.96783
13.29 4.968
13.32 4.96817
13.35 4.96834
13.38 4.96851
13.41 4.96868
13.44 4.96886
13.47 4.96903
13.5 4.96921
13.53 4.96938
13.56 4.96956
13.59 4.96973
13.62 4.96991
13.65 4.97009
13.68 4.97027
13.71 4.97045
13.74 4.97063
13.77 4.97081
13.8 4.97099
13.83 4.97118
13.86 4.97136
13.89 4.97154
13.92 4.97173
13.95 4.97191
13.98 4.9721
14.01 4.97229
14.04 4.97248
14.07 4.97266
14.1 4.97285
14.13 4.97304
14.16 4.97324
14.19 4.97343
14.22 4.97362
14.25 4.97381
14.28 4.97401
14.31 4.9742
14.34 4.9744
14.37 4.9746
14.4 4.9748
14.43 4.97499
14.46 4.97519
14.49 4.97539
14.52 4.9756
14.55 4.9758
14.58 4.976
14.61 4.9762
14.64 4.97641
14.67 4.97662
14.7 4.97682
14.73 4.97703
14.76 4.97724
14.79 4.97745
14.82 4.97766
14.85 4.97787
14.88 4.97808
14.91 4.97829
14.94 4.97851
14.97 4.97872
15 4.97894
15.03 4.97915
15.06 4.97937
15.09 4.97959
15.12 4.97981
15.15 4.98003
15.18 4.98025
15.21 4.98047
15.24 4.9807
15.27 4.98092
15.3 4.98115
15.33 4.98137
15.36 4.9816
15.39 4.98183
15.42 4.98206
15.45 4.98229
15.48 4.98252
15.51 4.98275
15.54 4.98298
15.57 4.98322
15.6 4.98345
15.63 4.98369
15.66 4.98393
15.69 4.98417
15.72 4.98441
15.75 4.98465
15.78 4.98489
15.81 4.98513
15.84 4.98538
15.87 4.98562
15.9 4.98587
15.93 4.98611
15.96 4.98636
15.99 4.98661
16.02 4.98686
16.05 4.98711
16.08 4.98737
16.11 4.98762
16.14 4.98788
16.17 4.98813
16.2 4.98839
16.23 4.98865
16.26 4.98891
16.29 4.98917
16.32 4.98943
16.35 4.98969
16.38 4.98996
16.41 4.99022
16.44 4.99049
16.47 4.99076
16.5 4.99103
16.53 4.9913
16.56 4.99157
16.59 4.99184
16.62 4.99212
16.65 4.99239
16.68 4.99267
16.71 4.99294
16.74 4.99322
16.77 4.9935
16.8 4.99379
16.83 4.99407
16.86 4.99435
16.89 4.99464
16.92 4.99492
16.95 4.99521
16.98 4.9955
17.01 4.99579
17.04 4.99608
17.07 4.99638
17.1 4.99667
17.13 4.99697
17.16 4.99726
17.19 4.99756
17.22 4.99786
17.25 4.99816
17.28 4.99846
17.31 4.99877
17.34 4.99907
17.37 4.99938
17.4 4.99969
17.43 5
17.46 5.00031
17.49 5.00062
17.52 5.00093
17.55 5.00125
17.58 5.00156
17.61 5.00188
17.64 5.0022
17.67 5.00252
17.7 5.00284
17.73 5.00317
17.76 5.00349
17.79 5.00382
17.82 5.00414
17.85 5.00447
17.88 5.0048
17.91 5.00514
17.94 5.00547
17.97 5.0058
18 5.00614
18.03 5.00648
18.06 5.00682
18.09 5.00716
18.12 5.0075
18.15 5.00785
18.18 5.00819
18.21 5.00854
18.24 5.00889
18.27 5.00924
18.3 5.00959
18.33 5.00994
18.36 5.0103
18.39 5.01065
18.42 5.01101
18.45 5.01137
18.48 5.01173
18.51 5.0121
18.54 5.01246
18.57 5.01283
18.6 5.01319
18.63 5.01356
18.66 5.01393
18.69 5.01431
18.72 5.01468
18.75 5.01506
18.78 5.01543
18.81 5.01581
18.84 5.01619
18.87 5.01658
18.9 5.01696
18.93 5.01735
18.96 5.01773
18.99 5.01812
19.02 5.01851
19.05 5.0189
19.08 5.0193
19.11 5.01969
19.14 5.02009
19.17 5.02049
19.2 5.02089
19.23 5.02129
19.26 5.0217
19.29 5.0221
19.32 5.02251
19.35 5.02292
19.38 5.02333
19.41 5.02375
19.44 5.02416
19.47 5.02458
19.5 5.025
19.53 5.02542
19.56 5.02584
19.59 5.02626
19.62 5.02669
19.65 5.02712
19.68 5.02754
19.71 5.02798
19.74 5.02841
19.77 5.02884
19.8 5.02928
19.83 5.02972
19.86 5.03016
19.89 5.0306
19.92 5.03104
19.95 5.03149
19.98 5.03194
20.01 5.03239
20.04 5.03284
20.07 5.03329
20.1 5.03375
20.13 5.0342
20.16 5.03466
20.19 5.03512
20.22 5.03559
20.25 5.03605
20.28 5.03652
20.31 5.03699
20.34 5.03746
20.37 5.03793
20.4 5.03841
20.43 5.03888
20.46 5.03936
20.49 5.03984
20.52 5.04032
20.55 5.04081
20.58 5.0413
20.61 5.04178
20.64 5.04227
20.67 5.04277
20.7 5.04326
20.73 5.04376
20.76 5.04426
20.79 5.04476
20.82 5.04526
20.85 5.04576
20.88 5.04627
20.91 5.04678
20.94 5.04729
20.97 5.04781
21 5.04832
21.03 5.04884
21.06 5.04936
21.09 5.04988
21.12 5.0504
21.15 5.05093
21.18 5.05146
21.21 5.05199
21.24 5.05252
21.27 5.05305
21.3 5.05359
21.33 5.05413
21.36 5.05467
21.39 5.05522
21.42 5.05576
21.45 5.05631
21.48 5.05686
21.51 5.05741
21.54 5.05797
21.57 5.05852
21.6 5.05908
21.63 5.05964
21.66 5.06021
21.69 5.06077
21.72 5.06134
21.75 5.06191
21.78 5.06249
21.81 5.06306
21.84 5.06364
21.87 5.06422
21.9 5.0648
21.93 5.06539
21.96 5.06598
21.99 5.06657
22.02 5.06716
22.05 5.06775
22.08 5.06835
22.11 5.06895
22.14 5.06955
22.17 5.07016
22.2 5.07077
22.23 5.07138
22.26 5.07199
22.29 5.07261
22.32 5.07322
22.35 5.07384
22.38 5.07447
22.41 5.07509
22.44 5.07572
22.47 5.07635
22.5 5.07699
22.53 5.07762
22.56 5.07826
22.59 5.0789
22.62 5.07955
22.65 5.0802
22.68 5.08085
22.71 5.0815
22.74 5.08216
22.77 5.08281
22.8 5.08348
22.83 5.08414
22.86 5.08481
22.89 5.08548
22.92 5.08615
22.95 5.08683
22.98 5.08751
23.01 5.08819
23.04 5.08888
23.07 5.08957
23.1 5.09026
23.13 5.09095
23.16 5.09165
23.19 5.09235
23.22 5.09306
23.25 5.09377
23.28 5.09448
23.31 5.09519
23.34 5.09591
23.37 5.09663
23.4 5.09735
23.43 5.09808
23.46 5.09881
23.49 5.09955
23.52 5.10029
23.55 5.10103
23.58 5.10177
23.61 5.10252
23.64 5.10328
23.67 5.10403
23.7 5.10479
23.73 5.10556
23.76 5.10632
23.79 5.10709
23.82 5.10787
23.85 5.10865
23.88 5.10943
23.91 5.11022
23.94 5.11101
23.97 5.1118
24 5.1126
24.03 5.11341
24.06 5.11421
24.09 5.11502
24.12 5.11584
24.15 5.11666
24.18 5.11748
24.21 5.11831
24.24 5.11914
24.27 5.11998
24.3 5.12082
24.33 5.12167
24.36 5.12252
24.39 5.12338
24.42 5.12424
24.45 5.1251
24.48 5.12597
24.51 5.12684
24.54 5.12772
24.57 5.12861
24.6 5.1295
24.63 5.13039
24.66 5.13129
24.69 5.13219
24.72 5.1331
24.75 5.13402
24.78 5.13494
24.81 5.13586
24.84 5.13679
24.87 5.13773
24.9 5.13867
24.93 5.13962
24.96 5.14057
24.99 5.14153
25.02 5.14249
25.05 5.14346
25.08 5.14444
25.11 5.14542
25.14 5.1464
25.17 5.1474
25.2 5.1484
25.23 5.1494
25.26 5.15041
25.29 5.15143
25.32 5.15246
25.35 5.15349
25.38 5.15452
25.41 5.15557
25.44 5.15662
25.47 5.15768
25.5 5.15874
25.53 5.15981
25.56 5.16089
25.59 5.16197
25.62 5.16306
25.65 5.16416
25.68 5.16527
25.71 5.16638
25.74 5.1675
25.77 5.16863
25.8 5.16976
25.83 5.1709
25.86 5.17205
25.89 5.17321
25.92 5.17437
25.95 5.17555
25.98 5.17673
26.01 5.17791
26.04 5.17911
26.07 5.18031
26.1 5.18153
26.13 5.18275
26.16 5.18397
26.19 5.18521
26.22 5.18646
26.25 5.18771
26.28 5.18897
26.31 5.19024
26.34 5.19152
26.37 5.19281
26.4 5.19411
26.43 5.19541
26.46 5.19673
26.49 5.19805
26.52 5.19938
26.55 5.20072
26.58 5.20207
26.61 5.20343
26.64 5.2048
26.67 5.20618
26.7 5.20757
26.73 5.20897
26.76 5.21037
26.79 5.21179
26.82 5.21322
26.85 5.21465
26.88 5.2161
26.91 5.21755
26.94 5.21902
26.97 5.22049
27 5.22198
27.03 5.22347
27.06 5.22497
27.09 5.22649
27.12 5.22801
27.15 5.22955
27.18 5.23109
27.21 5.23265
27.24 5.23421
27.27 5.23579
27.3 5.23738
27.33 5.23897
27.36 5.24058
27.39 5.2422
27.42 5.24382
27.45 5.24546
27.48 5.24711
27.51 5.24877
27.54 5.25044
27.57 5.25212
27.6 5.25381
27.63 5.25551
27.66 5.25722
27.69 5.25894
27.72 5.26067
27.75 5.26241
27.78 5.26416
27.81 5.26593
27.84 5.2677
27.87 5.26948
27.9 5.27128
27.93 5.27308
27.96 5.27489
27.99 5.27672
28.02 5.27855
28.05 5.2804
28.08 5.28225
28.11 5.28412
28.14 5.28599
28.17 5.28787
28.2 5.28977
28.23 5.29167
28.26 5.29358
28.29 5.29551
28.32 5.29744
28.35 5.29938
28.38 5.30133
28.41 5.30329
28.44 5.30526
28.47 5.30724
28.5 5.30922
28.53 5.31122
28.56 5.31322
28.59 5.31523
28.62 5.31725
28.65 5.31928
28.68 5.32132
28.71 5.32336
28.74 5.32541
28.77 5.32747
28.8 5.32954
28.83 5.33161
28.86 5.3337
28.89 5.33578
28.92 5.33788
28.95 5.33998
28.98 5.34209
29.01 5.3442
29.04 5.34632
29.07 5.34845
29.1 5.35058
29.13 5.35272
29.16 5.35486
29.19 5.35701
29.22 5.35916
29.25 5.36132
29.28 5.36348
29.31 5.36564
29.34 5.36781
29.37 5.36998
29.4 5.37216
29.43 5.37434
29.46 5.37652
29.49 5.3787
29.52 5.38089
29.55 5.38308
29.58 5.38527
29.61 5.38746
29.64 5.38966
29.67 5.39185
29.7 5.39405
29.73 5.39625
29.76 5.39845
29.79 5.40065
29.82 5.40284
29.85 5.40504
29.88 5.40724
29.91 5.40944
29.94 5.41163
29.97 5.41383
30 5.41602
30.001 5
