0 -10
0.03 -8.77585
0.06 -8.7757
0.09 -8.77554
0.12 -8.77538
0.15 -8.77522
0.18 -8.77507
0.21 -8.77491
0.24 -8.77475
0.27 -8.77459
0.3 -8.77444
0.33 -8.77428
0.36 -8.77412
0.39 -8.77396
0.42 -8.7738
0.45 -8.77365
0.48 -8.77349
0.51 -8.77333
0.54 -8.77317
0.57 -8.77301
0.6 -8.77286
0.63 -8.7727
0.66 -8.77254
0.69 -8.77238
0.72 -8.77222
0.75 -8.77206
0.78 -8.7719
0.81 -8.77175
0.84 -8.77159
0.87 -8.77143
0.9 -8.77127
0.93 -8.77111
0.96 -8.77095
0.99 -8.77079
1.02 -8.77063
1.05 -8.77047
1.08 -8.77032
1.11 -8.77016
1.14 -8.77
1.17 -8.76984
1.2 -8.76968
1.23 -8.76952
1.26 -8.76936
1.29 -8.7692
1.32 -8.76904
1.35 -8.76888
1.38 -8.76872
1.41 -8.76856
1.44 -8.7684
1.47 -8.76824
1.5 -8.76808
1.53 -8.76792
1.56 -8.76776
1.59 -8.7676
1.62 -8.76744
1.65 -8.76728
1.68 -8.76712
1.71 -8.76696
1.74 -8.7668
1.77 -8.76664
1.8 -8.76648
1.83 -8.76631
1.86 -8.76615
1.89 -8.76599
1.92 -8.76583
1.95 -8.76567
1.98 -8.76551
2.01 -8.76535
2.04 -8.76519
2.07 -8.76502
2.1 -8.76486
2.13 -8.7647
2.16 -8.76454
2.19 -8.76438
2.22 -8.76422
2.25 -8.76405
2.28 -8.76389
2.31 -8.76373
2.34 -8.76357
2.37 -8.76341
2.4 -8.76324
2.43 -8.76308
2.46 -8.76292
2.49 -8.76276
2.52 -8.76259
2.55 -8.76243
2.58 -8.76227
2.61 -8.7621
2.64 -8.76194
2.67 -8.76178
2.7 -8.76162
2.73 -8.76145
2.76 -8.76129
2.79 -8.76113
2.82 -8.76096
2.85 -8.7608
2.88 -8.76063
2.91 -8.76047
2.94 -8.76031
2.97 -8.76014
3 -8.75998
3.03 -8.75981
3.06 -8.75965
3.09 -8.75949
3.12 -8.75932
3.15 -8.75916
3.18 -8.75899
3.21 -8.75883
3.24 -8.75866
3.27 -8.7585
3.3 -8.75833
3.33 -8.75817
3.36 -8.758
3.39 -8.75784
3.42 -8.75767
3.45 -8.7575
3.48 -8.75734
3.51 -8.75717
3.54 -8.75701
3.57 -8.75684
3.6 -8.75667
3.63 -8.75651
3.66 -8.75634
3.69 -8.75618
3.72 -8.75601
3.75 -8.75584
3.78 -8.75568
3.81 -8.75551
3.84 -8.75534
3.87 -8.75517
3.9 -8.75501
3.93 -8.75484
3.96 -8.75467
3.99 -8.7545
4.02 -8.75434
4.05 -8.75417
4.08 -8.754
4.11 -8.75383
4.14 -8.75366
4.17 -8.7535
4.2 -8.75333
4.23 -8.75316
4.26 -8.75299
4.29 -8.75282
4.32 -8.75265
4.35 -8.75248
4.38 -8.75231
4.41 -8.75215
4.44 -8.75198
4.47 -8.75181
4.5 -8.75164
4.53 -8.75147
4.56 -8.7513
4.59 -8.75113
4.62 -8.75096
4.65 -8.75079
4.68 -8.75062
4.71 -8.75045
4.74 -8.75028
4.77 -8.7501
4.8 -8.74993
4.83 -8.74976
4.86 -8.74959
4.89 -8.74942
4.92 -8.74925
4.95 -8.74908
4.98 -8.7489
5.01 -8.74873
5.04 -8.74856
5.07 -8.74839
5.1 -8.74822
5.13 -8.74804
5.16 -8.74787
5.19 -8.7477
5.22 -8.74753
5.25 -8.74735
5.28 -8.74718
5.31 -8.74701
5.34 -8.74683
5.37 -8.74666
5.4 -8.74648
5.43 -8.74631
5.46 -8.74614
5.49 -8.74596
5.52 -8.74579
5.55 -8.74561
5.58 -8.74544
5.61 -8.74526
5.64 -8.74509
5.67 -8.74491
5.7 -8.74474
5.73 -8.74456
5.76 -8.74439
5.79 -8.74421
5.82 -8.74404
5.85 -8.74386
5.88 -8.74368
5.91 -8.74351
5.94 -8.74333
5.97 -8.74315
6 -8.74298
6.03 -8.7428
6.06 -8.74262
6.09 -8.74245
6.12 -8.74227
6.15 -8.74209
6.18 -8.74191
6.21 -8.74174
6.24 -8.74156
6.27 -8.74138
6.3 -8.7412
6.33 -8.74102
6.36 -8.74084
6.39 -8.74066
6.42 -8.74049
6.45 -8.74031
6.48 -8.74013
6.51 -8.73995
6.54 -8.73977
6.57 -8.73959
6.6 -8.73941
6.63 -8.73923
6.66 -8.73905
6.69 -8.73887
6.72 -8.73868
6.75 -8.7385
6.78 -8.73832
6.81 -8.73814
6.84 -8.73796
6.87 -8.73778
6.9 -8.7376
6.93 -8.73741
6.96 -8.73723
6.99 -8.73705
7.02 -8.73687
7.05 -8.73668
7.08 -8.7365
7.11 -8.73632
7.14 -8.73613
7.17 -8.73595
7.2 -8.73577
7.23 -8.73558
7.26 -8.7354
7.29 -8.73521
7.32 -8.73503
7.35 -8.73485
7.38 -8.73466
7.41 -8.73448
7.44 -8.73429
7.47 -8.7341
7.5 -8.73392
7.53 -8.73373
7.56 -8.73355
7.59 -8.73336
7.62 -8.73318
7.65 -8.73299
7.68 -8.7328
7.71 -8.73261
7.74 -8.73243
7.77 -8.73224
7.8 -8.73205
7.83 -8.73187
7.86 -8.73168
7.89 -8.73149
7.92 -8.7313
7.95 -8.73111
7.98 -8.73092
8.01 -8.73073
8.04 -8.73055
8.07 -8.73036
8.1 -8.73017
8.13 -8.72998
8.16 -8.72979
8.19 -8.7296
8.22 -8.72941
8.25 -8.72922
8.28 -8.72903
8.31 -8.72884
8.34 -8.72864
8.37 -8.72845
8.4 -8.72826
8.43 -8.72807
8.46 -8.72788
8.49 -8.72769
8.52 -8.72749
8.55 -8.7273
8.58 -8.72711
8.61 -8.72691
8.64 -8.72672
8.67 -8.72653
8.7 -8.72633
8.73 -8.72614
8.76 -8.72595
8.79 -8.72575
8.82 -8.72556
8.85 -8.72536
8.88 -8.72517
8.91 -8.72497
8.94 -8.72478
8.97 -8.72458
9 -8.72439
9.03 -8.72419
9.06 -8.724
9.09 -8.7238
9.12 -8.7236
9.15 -8.72341
9.18 -8.72321
9.21 -8.72301
9.24 -8.72282
9.27 -8.72262
9.3 -8.72242
9.33 -8.72222
9.36 -8.72202
9.39 -8.72183
9.42 -8.72163
9.45 -8.72143
9.48 -8.72123
9.51 -8.72103
9.54 -8.72083
9.57 -8.72063
9.6 -8.72043
9.63 -8.72023
9.66 -8.72003
9.69 -8.71983
9.72 -8.71963
9.75 -8.71943
9.78 -8.71923
9.81 -8.71903
9.84 -8.71882
9.87 -8.71862
9.9 -8.71842
9.93 -8.71822
9.96 -8.71802
9.99 -8.71781
10.02 -8.71761
10.05 -8.71741
10.08 -8.7172
10.11 -8.717
10.14 -8.7168
10.17 -8.71659
10.2 -8.71639
10.23 -8.71618
10.26 -8.71598
10.29 -8.71578
10.32 -8.71557
10.35 -8.71537
10.38 -8.71516
10.41 -8.71495
10.44 -8.71475
10.47 -8.71454
10.5 -8.71434
10.53 -8.71413
10.56 -8.71392
10.59 -8.71372
10.62 -8.71351
10.65 -8.7133
10.68 -8.71309
10.71 -8.71289
10.74 -8.71268
10.77 -8.71247
10.8 -8.71226
10.83 -8.71205
10.86 -8.71185
10.89 -8.71164
10.92 -8.71143
10.95 -8.71122
10.98 -8.71101
11.01 -8.7108
11.04 -8.71059
11.07 -8.71038
11.1 -8.71017
11.13 -8.70996
11.16 -8.70975
11.19 -8.70954
11.22 -8.70932
11.25 -8.70911
11.28 -8.7089
11.31 -8.70869
11.34 -8.70848
11.37 -8.70827
11.4 -8.70805
11.43 -8.70784
11.46 -8.70763
11.49 -8.70742
11.52 -8.7072
11.55 -8.70699
11.58 -8.70678
11.61 -8.70656
11.64 -8.70635
11.67 -8.70613
11.7 -8.70592
11.73 -8.7057
11.76 -8.70549
11.79 -8.70528
11.82 -8.70506
11.85 -8.70485
11.88 -8.70463
11.91 -8.70441
11.94 -8.7042
11.97 -8.70398
12 -8.70377
12.03 -8.70355
12.06 -8.70333
12.09 -8.70312
12.12 -8.7029
12.15 -8.70268
12.18 -8.70247
12.21 -8.70225
12.24 -8.70203
12.27 -8.70181
12.3 -8.7016
12.33 -8.70138
12.36 -8.70116
12.39 -8.70094
12.42 -8.70072
12.45 -8.7005
12.48 -8.70029
12.51 -8.70007
12.54 -8.69985
12.57 -8.69963
12.6 -8.69941
12.63 -8.69919
12.66 -8.69897
12.69 -8.69875
12.72 -8.69853
12.75 -8.69831
12.78 -8.69809
12.81 -8.69787
12.84 -8.69765
12.87 -8.69743
12.9 -8.69721
12.93 -8.69698
12.96 -8.69676
12.99 -8.69654
13.02 -8.69632
13.05 -8.6961
13.08 -8.69588
13.11 -8.69565
13.14 -8.69543
13.17 -8.69521
13.2 -8.69499
13.23 -8.69477
13.26 -8.69454
13.29 -8.69432
13.32 -8.6941
13.35 -8.69387
13.38 -8.69365
13.41 -8.69343
13.44 -8.6932
13.47 -8.69298
13.5 -8.69276
13.53 -8.69253
13.56 -8.69231
13.59 -8.69209
13.62 -8.69186
13.65 -8.69164
13.68 -8.69141
13.71 -8.69119
13.74 -8.69097
13.77 -8.69074
13.8 -8.69052
13.83 -8.69029
13.86 -8.69007
13.89 -8.68984
13.92 -8.68962
13.95 -8.68939
13.98 -8.68917
14.01 -8.68894
14.04 -8.68872
14.07 -8.68849
14.1 -8.68827
14.13 -8.68804
14.16 -8.68782
14.19 -8.68759
14.22 -8.68736
14.25 -8.68714
14.28 -8.68691
14.31 -8.68669
14.34 -8.68646
14.37 -8.68624
14.4 -8.68601
14.43 -8.68578
14.46 -8.68556
14.49 -8.68533
14.52 -8.68511
14.55 -8.68488
14.58 -8.68465
14.61 -8.68443
14.64 -8.6842
14.67 -8.68397
14.7 -8.68375
14.73 -8.68352
14.76 -8.6833
14.79 -8.68307
14.82 -8.68284
14.85 -8.68262
14.88 -8.68239
14.91 -8.68216
14.94 -8.68194
14.97 -8.68171
15 -8.68148
15.03 -8.68126
15.06 -8.68103
15.09 -8.6808
15.12 -8.68058
15.15 -8.68035
15.18 -8.68013
15.21 -8.6799
15.24 -8.67967
15.27 -8.67945
15.3 -8.67922
15.33 -8.67899
15.36 -8.67877
15.39 -8.67854
15.42 -8.67832
15.45 -8.67809
15.48 -8.67786
15.51 -8.67764
15.54 -8.67741
15.57 -8.67719
15.6 -8.67696
15.63 -8.67673
15.66 -8.67651
15.69 -8.67628
15.72 -8.67606
15.75 -8.67583
15.78 -8.67561
15.81 -8.67538
15.84 -8.67516
15.87 -8.67493
15.9 -8.67471
15.93 -8.67448
15.96 -8.67426
15.99 -8.67403
16.02 -8.67381
16.05 -8.67358
16.08 -8.67336
16.11 -8.67313
16.14 -8.67291
16.17 -8.67269
16.2 -8.67246
16.23 -8.67224
16.26 -8.67202
16.29 -8.67179
16.32 -8.67157
16.35 -8.67135
16.38 -8.67112
16.41 -8.6709
16.44 -8.67068
16.47 -8.67046
16.5 -8.67023
16.53 -8.67001
16.56 -8.66979
16.59 -8.66957
16.62 -8.66935
16.65 -8.66913
16.68 -8.66891
16.71 -8.66869
16.74 -8.66847
16.77 -8.66825
16.8 -8.66803
16.83 -8.66781
16.86 -8.66759
16.89 -8.66737
16.92 -8.66715
16.95 -8.66693
16.98 -8.66671
17.01 -8.6665
17.04 -8.66628
17.07 -8.66606
17.1 -8.66585
17.13 -8.66563
17.16 -8.66541
17.19 -8.6652
17.22 -8.66498
17.25 -8.66477
17.28 -8.66455
17.31 -8.66434
17.34 -8.66413
17.37 -8.66391
17.4 -8.6637
17.43 -8.66349
17.46 -8.66328
17.49 -8.66307
17.52 -8.66286
17.55 -8.66265
17.58 -8.66244
17.61 -8.66223
17.64 -8.66202
17.67 -8.66181
17.7 -8.66161
17.73 -8.6614
17.76 -8.66119
17.79 -8.66099
17.82 -8.66078
17.85 -8.66058
17.88 -8.66038
17.91 -8.66018
17.94 -8.65998
17.97 -8.65977
18 -8.65958
18.03 -8.65938
18.06 -8.65918
18.09 -8.65898
18.12 -8.65879
18.15 -8.65859
18.18 -8.6584
18.21 -8.6582
18.24 -8.65801
18.27 -8.65782
18.3 -8.65763
18.33 -8.65744
18.36 -8.65725
18.39 -8.65707
18.42 -8.65688
18.45 -8.6567
18.48 -8.65652
18.51 -8.65634
18.54 -8.65616
18.57 -8.65598
18.6 -8.6558
18.63 -8.65563
18.66 -8.65545
18.69 -8.65528
18.72 -8.65511
18.75 -8.65494
18.78 -8.65478
18.81 -8.65461
18.84 -8.65445
18.87 -8.65429
18.9 -8.65413
18.93 -8.65398
18.96 -8.65382
18.99 -8.65367
19.02 -8.65352
19.05 -8.65337
19.08 -8.65323
19.11 -8.65309
19.14 -8.65295
19.17 -8.65281
19.2 -8.65268
19.23 -8.65255
19.26 -8.65242
19.29 -8.65229
19.32 -8.65217
19.35 -8.65205
19.38 -8.65194
19.41 -8.65183
19.44 -8.65172
19.47 -8.65161
19.5 -8.65151
19.53 -8.65142
19.56 -8.65132
19.59 -8.65123
19.62 -8.65115
19.65 -8.65107
19.68 -8.651
19.71 -8.65093
19.74 -8.65086
19.77 -8.6508
19.8 -8.65074
19.83 -8.65069
19.86 -8.65065
19.89 -8.65061
19.92 -8.65058
19.95 -8.65055
19.98 -8.65053
20.01 -8.65051
20.04 -8.65051
20.07 -8.65051
20.1 -8.65051
20.13 -8.65052
20.16 -8.65054
20.19 -8.65057
20.22 -8.65061
20.25 -8.65065
20.28 -8.6507
20.31 -8.65076
20.34 -8.65083
20.37 -8.65091
20.4 -8.651
20.43 -8.6511
20.46 -8.6512
20.49 -8.65132
20.52 -8.65145
20.55 -8.65158
20.58 -8.65173
20.61 -8.65189
20.64 -8.65206
20.67 -8.65225
20.7 -8.65244
20.73 -8.65265
20.76 -8.65287
20.79 -8.65311
20.82 -8.65335
20.85 -8.65361
20.88 -8.65389
20.91 -8.65418
20.94 -8.65449
20.97 -8.65481
21 -8.65514
21.03 -8.6555
21.06 -8.65586
21.09 -8.65625
21.12 -8.65665
21.15 -8.65707
21.18 -8.65751
21.21 -8.65797
21.24 -8.65845
21.27 -8.65894
21.3 -8.65946
21.33 -8.65999
21.36 -8.66055
21.39 -8.66113
21.42 -8.66172
21.45 -8.66234
21.48 -8.66299
21.51 -8.66365
21.54 -8.66434
21.57 -8.66505
21.6 -8.66579
21.63 -8.66655
21.66 -8.66733
21.69 -8.66814
21.72 -8.66897
21.75 -8.66983
21.78 -8.67072
21.81 -8.67163
21.84 -8.67257
21.87 -8.67354
21.9 -8.67453
21.93 -8.67555
21.96 -8.6766
21.99 -8.67767
22.02 -8.67878
22.05 -8.67991
22.08 -8.68107
22.11 -8.68226
22.14 -8.68348
22.17 -8.68472
22.2 -8.686
22.23 -8.6873
22.26 -8.68863
22.29 -8.68999
22.32 -8.69138
22.35 -8.6928
22.38 -8.69425
22.41 -8.69572
22.44 -8.69723
22.47 -8.69876
22.5 -8.70031
22.53 -8.7019
22.56 -8.70351
22.59 -8.70515
22.62 -8.70681
22.65 -8.7085
22.68 -8.71022
22.71 -8.71196
22.74 -8.71372
22.77 -8.71551
22.8 -8.71732
22.83 -8.71916
22.86 -8.72101
22.89 -8.72289
22.92 -8.72478
22.95 -8.7267
22.98 -8.72864
23.01 -8.73059
23.04 -8.73256
23.07 -8.73455
23.1 -8.73655
23.13 -8.73857
23.16 -8.74061
23.19 -8.74265
23.22 -8.74471
23.25 -8.74678
23.28 -8.74887
23.31 -8.75096
23.34 -8.75306
23.37 -8.75518
23.4 -8.7573
23.43 -8.75942
23.46 -8.76156
23.49 -8.76369
23.52 -8.76584
23.55 -8.76798
23.58 -8.77013
23.61 -8.77229
23.64 -8.77444
23.67 -8.77659
23.7 -8.77875
23.73 -8.7809
23.76 -8.78306
23.79 -8.78521
23.82 -8.78736
23.85 -8.78951
23.88 -8.79165
23.91 -8.79379
23.94 -8.79592
23.97 -8.79805
24 -8.80017
24.03 -8.80229
24.06 -8.80439
24.09 -8.8065
24.12 -8.80859
24.15 -8.81067
24.18 -8.81275
24.21 -8.81482
24.24 -8.81688
24.27 -8.81893
24.3 -8.82096
24.33 -8.82299
24.36 -8.82501
24.39 -8.82701
24.42 -8.82901
24.45 -8.83099
24.48 -8.83296
24.51 -8.83492
24.54 -8.83687
24.57 -8.8388
24.6 -8.84073
24.63 -8.84264
24.66 -8.84453
24.69 -8.84641
24.72 -8.84828
24.75 -8.85014
24.78 -8.85198
24.81 -8.85381
24.84 -8.85563
24.87 -8.85743
24.9 -8.85922
24.93 -8.86099
24.96 -8.86275
24.99 -8.8645
25.02 -8.86623
25.05 -8.86795
25.08 -8.86965
25.11 -8.87134
25.14 -8.87301
25.17 -8.87467
25.2 -8.87632
25.23 -8.87795
25.26 -8.87957
25.29 -8.88117
25.32 -8.88276
25.35 -8.88434
25.38 -8.8859
25.41 -8.88745
25.44 -8.88898
25.47 -8.8905
25.5 -8.89201
25.53 -8.8935
25.56 -8.89497
25.59 -8.89644
25.62 -8.89789
25.65 -8.89932
25.68 -8.90075
25.71 -8.90216
25.74 -8.90355
25.77 -8.90493
25.8 -8.9063
25.83 -8.90766
25.86 -8.909
25.89 -8.91033
25.92 -8.91164
25.95 -8.91294
25.98 -8.91423
26.01 -8.91551
26.04 -8.91677
26.07 -8.91802
26.1 -8.91926
26.13 -8.92049
26.16 -8.9217
26.19 -8.92291
26.22 -8.92409
26.25 -8.92527
26.28 -8.92644
26.31 -8.92759
26.34 -8.92873
26.37 -8.92986
26.4 -8.93098
26.43 -8.93209
26.46 -8.93318
26.49 -8.93426
26.52 -8.93534
26.55 -8.9364
26.58 -8.93745
26.61 -8.93849
26.64 -8.93952
26.67 -8.94053
26.7 -8.94154
26.73 -8.94254
26.76 -8.94352
26.79 -8.9445
26.82 -8.94546
26.85 -8.94642
26.88 -8.94736
26.91 -8.9483
26.94 -8.94922
26.97 -8.95014
27 -8.95105
27.03 -8.95194
27.06 -8.95283
27.09 -8.95371
27.12 -8.95458
27.15 -8.95543
27.18 -8.95628
27.21 -8.95713
27.24 -8.95796
27.27 -8.95878
27.3 -8.9596
27.33 -8.9604
27.36 -8.9612
27.39 -8.96199
27.42 -8.96277
27.45 -8.96354
27.48 -8.96431
27.51 -8.96506
27.54 -8.96581
27.57 -8.96655
27.6 -8.96729
27.63 -8.96801
27.66 -8.96873
27.69 -8.96944
27.72 -8.97014
27.75 -8.97084
27.78 -8.97153
27.81 -8.97221
27.84 -8.97288
27.87 -8.97355
27.9 -8.97421
27.93 -8.97486
27.96 -8.97551
27.99 -8.97614
28.02 -8.97678
28.05 -8.9774
28.08 -8.97802
28.11 -8.97864
28.14 -8.97924
28.17 -8.97985
28.2 -8.98044
28.23 -8.98103
28.26 -8.98161
28.29 -8.98219
28.32 -8.98276
28.35 -8.98332
28.38 -8.98388
28.41 -8.98444
28.44 -8.98499
28.47 -8.98553
28.5 -8.98607
28.53 -8.9866
28.56 -8.98712
28.59 -8.98764
28.62 -8.98816
28.65 -8.98867
28.68 -8.98918
28.71 -8.98968
28.74 -8.99017
28.77 -8.99066
28.8 -8.99115
28.83 -8.99163
28.86 -8.99211
28.89 -8.99258
28.92 -8.99305
28.95 -8.99351
28.98 -8.99397
29.01 -8.99442
29.04 -8.99487
29.07 -8.99532
29.1 -8.99576
29.13 -8.99619
29.16 -8.99663
29.19 -8.99705
29.22 -8.99748
29.25 -8.9979
29.28 -8.99831
29.31 -8.99873
29.34 -8.99914
29.37 -8.99954
29.4 -8.99994
29.43 -9.00034
29.46 -9.00073
29.49 -9.00112
29.52 -9.00151
29.55 -9.00189
29.58 -9.00227
29.61 -9.00264
29.64 -9.00302
29.67 -9.00338
29.7 -9.00375
29.73 -9.00411
29.76 -9.00447
29.79 -9.00483
29.82 -9.00518
29.85 -9.00553
29.88 -9.00587
29.91 -9.00622
29.94 -9.00656
29.97 -9.00689
30 -9.00723
30.001 -10
