0 0
0.03 0.40557
0.06 0.406441
0.09 0.407313
0.12 0.408185
0.15 0.409059
0.18 0.409933
0.21 0.410809
0.24 0.411686
0.27 0.412563
0.3 0.413442
0.33 0.414322
0.36 0.415203
0.39 0.416085
0.42 0.416968
0.45 0.417852
0.48 0.418737
0.51 0.419623
0.54 0.420511
0.57 0.421399
0.6 0.422289
0.63 0.423179
0.66 0.424071
0.69 0.424964
0.72 0.425858
0.75 0.426753
0.78 0.427649
0.81 0.428546
0.84 0.429445
0.87 0.430344
0.9 0.431245
0.93 0.432147
0.96 0.43305
0.99 0.433954
1.02 0.434859
1.05 0.435766
1.08 0.436673
1.11 0.437582
1.14 0.438492
1.17 0.439403
1.2 0.440316
1.23 0.441229
1.26 0.442144
1.29 0.44306
1.32 0.443977
1.35 0.444896
1.38 0.445815
1.41 0.446736
1.44 0.447658
1.47 0.448582
1.5 0.449506
1.53 0.450432
1.56 0.451359
1.59 0.452288
1.62 0.453218
1.65 0.454149
1.68 0.455081
1.71 0.456014
1.74 0.456949
1.77 0.457885
1.8 0.458823
1.83 0.459762
1.86 0.460702
1.89 0.461643
1.92 0.462586
1.95 0.46353
1.98 0.464475
2.01 0.465422
2.04 0.46637
2.07 0.46732
2.1 0.468271
2.13 0.469223
2.16 0.470177
2.19 0.471132
2.22 0.472088
2.25 0.473046
2.28 0.474005
2.31 0.474966
2.34 0.475928
2.37 0.476892
2.4 0.477857
2.43 0.478823
2.46 0.479791
2.49 0.48076
2.52 0.481731
2.55 0.482703
2.58 0.483677
2.61 0.484652
2.64 0.485629
2.67 0.486607
2.7 0.487587
2.73 0.488568
2.76 0.489551
2.79 0.490535
2.82 0.491521
2.85 0.492508
2.88 0.493497
2.91 0.494488
2.94 0.49548
2.97 0.496474
3 0.497469
3.03 0.498466
3.06 0.499464
3.09 0.500464
3.12 0.501466
3.15 0.502469
3.18 0.503474
3.21 0.50448
3.24 0.505488
3.27 0.506498
3.3 0.507509
3.33 0.508523
3.36 0.509537
3.39 0.510554
3.42 0.511572
3.45 0.512592
3.48 0.513613
3.51 0.514637
3.54 0.515662
3.57 0.516688
3.6 0.517717
3.63 0.518747
3.66 0.519779
3.69 0.520813
3.72 0.521848
3.75 0.522886
3.78 0.523925
3.81 0.524965
3.84 0.526008
3.87 0.527053
3.9 0.528099
3.93 0.529147
3.96 0.530197
3.99 0.531249
4.02 0.532303
4.05 0.533358
4.08 0.534416
4.11 0.535475
4.14 0.536536
4.17 0.5376
4.2 0.538665
4.23 0.539732
4.26 0.540801
4.29 0.541871
4.32 0.542944
4.35 0.544019
4.38 0.545096
4.41 0.546175
4.44 0.547255
4.47 0.548338
4.5 0.549423
4.53 0.55051
4.56 0.551598
4.59 0.552689
4.62 0.553782
4.65 0.554877
4.68 0.555974
4.71 0.557073
4.74 0.558174
4.77 0.559278
4.8 0.560383
4.83 0.56149
4.86 0.5626
4.89 0.563712
4.92 0.564826
4.95 0.565942
4.98 0.56706
5.01 0.568181
5.04 0.569303
5.07 0.570428
5.1 0.571555
5.13 0.572684
5.16 0.573816
5.19 0.57495
5.22 0.576086
5.25 0.577224
5.28 0.578364
5.31 0.579507
5.34 0.580652
5.37 0.5818
5.4 0.58295
5.43 0.584102
5.46 0.585256
5.49 0.586413
5.52 0.587572
5.55 0.588734
5.58 0.589898
5.61 0.591064
5.64 0.592233
5.67 0.593404
5.7 0.594578
5.73 0.595754
5.76 0.596932
5.79 0.598113
5.82 0.599297
5.85 0.600483
5.88 0.601671
5.91 0.602862
5.94 0.604056
5.97 0.605252
6 0.60645
6.03 0.607652
6.06 0.608855
6.09 0.610062
6.12 0.611271
6.15 0.612482
6.18 0.613696
6.21 0.614913
6.24 0.616133
6.27 0.617355
6.3 0.61858
6.33 0.619808
6.36 0.621038
6.39 0.622271
6.42 0.623506
6.45 0.624745
6.48 0.625986
6.51 0.62723
6.54 0.628477
6.57 0.629727
6.6 0.630979
6.63 0.632234
6.66 0.633492
6.69 0.634753
6.72 0.636017
6.75 0.637283
6.78 0.638553
6.81 0.639825
6.84 0.641101
6.87 0.642379
6.9 0.64366
6.93 0.644945
6.96 0.646232
6.99 0.647522
7.02 0.648815
7.05 0.650111
7.08 0.65141
7.11 0.652713
7.14 0.654018
7.17 0.655326
7.2 0.656638
7.23 0.657952
7.26 0.65927
7.29 0.660591
7.32 0.661915
7.35 0.663242
7.38 0.664572
7.41 0.665906
7.44 0.667243
7.47 0.668582
7.5 0.669926
7.53 0.671272
7.56 0.672622
7.59 0.673975
7.62 0.675331
7.65 0.67669
7.68 0.678053
7.71 0.67942
7.74 0.680789
7.77 0.682162
7.8 0.683538
7.83 0.684918
7.86 0.686301
7.89 0.687688
7.92 0.689078
7.95 0.690472
7.98 0.691869
8.01 0.693269
8.04 0.694673
8.07 0.696081
8.1 0.697492
8.13 0.698907
8.16 0.700325
8.19 0.701747
8.22 0.703172
8.25 0.704601
8.28 0.706034
8.31 0.70747
8.34 0.70891
8.37 0.710354
8.4 0.711802
8.43 0.713253
8.46 0.714708
8.49 0.716167
8.52 0.717629
8.55 0.719095
8.58 0.720566
8.61 0.72204
8.64 0.723517
8.67 0.724999
8.7 0.726485
8.73 0.727974
8.76 0.729468
8.79 0.730965
8.82 0.732466
8.85 0.733971
8.88 0.735481
8.91 0.736994
8.94 0.738511
8.97 0.740033
9 0.741558
9.03 0.743088
9.06 0.744621
9.09 0.746159
9.12 0.747701
9.15 0.749247
9.18 0.750797
9.21 0.752351
9.24 0.75391
9.27 0.755473
9.3 0.75704
9.33 0.758611
9.36 0.760187
9.39 0.761767
9.42 0.763351
9.45 0.76494
9.48 0.766533
9.51 0.76813
9.54 0.769732
9.57 0.771338
9.6 0.772948
9.63 0.774563
9.66 0.776183
9.69 0.777807
9.72 0.779436
9.75 0.781069
9.78 0.782706
9.81 0.784349
9.84 0.785996
9.87 0.787647
9.9 0.789303
9.93 0.790964
9.96 0.792629
9.99 0.794299
10.02 0.795974
10.05 0.797654
10.08 0.799338
10.11 0.801027
10.14 0.802721
10.17 0.80442
10.2 0.806124
10.23 0.807832
10.26 0.809546
10.29 0.811264
10.32 0.812987
10.35 0.814715
10.38 0.816449
10.41 0.818187
10.44 0.81993
10.47 0.821678
10.5 0.823431
10.53 0.82519
10.56 0.826953
10.59 0.828722
10.62 0.830495
10.65 0.832274
10.68 0.834058
10.71 0.835848
10.74 0.837642
10.77 0.839442
10.8 0.841247
10.83 0.843057
10.86 0.844873
10.89 0.846694
10.92 0.848521
10.95 0.850352
10.98 0.85219
11.01 0.854032
11.04 0.85588
11.07 0.857734
11.1 0.859593
11.13 0.861458
11.16 0.863328
11.19 0.865204
11.22 0.867085
11.25 0.868972
11.28 0.870865
11.31 0.872764
11.34 0.874668
11.37 0.876577
11.4 0.878493
11.43 0.880414
11.46 0.882342
11.49 0.884275
11.52 0.886213
11.55 0.888158
11.58 0.890109
11.61 0.892065
11.64 0.894028
11.67 0.895996
11.7 0.897971
11.73 0.899951
11.76 0.901938
11.79 0.90393
11.82 0.905929
11.85 0.907934
11.88 0.909945
11.91 0.911962
11.94 0.913986
11.97 0.916015
12 0.918051
12.03 0.920094
12.06 0.922142
12.09 0.924197
12.12 0.926258
12.15 0.928326
12.18 0.9304
12.21 0.932481
12.24 0.934568
12.27 0.936661
12.3 0.938761
12.33 0.940868
12.36 0.942982
12.39 0.945101
12.42 0.947228
12.45 0.949361
12.48 0.951501
12.51 0.953648
12.54 0.955802
12.57 0.957962
12.6 0.960129
12.63 0.962303
12.66 0.964484
12.69 0.966672
12.72 0.968867
12.75 0.971069
12.78 0.973278
12.81 0.975494
12.84 0.977717
12.87 0.979947
12.9 0.982185
12.93 0.984429
12.96 0.986681
12.99 0.98894
13.02 0.991207
13.05 0.99348
13.08 0.995761
13.11 0.99805
13.14 1.00035
13.17 1.00265
13.2 1.00496
13.23 1.00728
13.26 1.0096
13.29 1.01194
13.32 1.01428
13.35 1.01663
13.38 1.01898
13.41 1.02135
13.44 1.02372
13.47 1.0261
13.5 1.02849
13.53 1.03088
13.56 1.03329
13.59 1.0357
13.62 1.03812
13.65 1.04055
13.68 1.04298
13.71 1.04543
13.74 1.04788
13.77 1.05034
13.8 1.05281
13.83 1.05529
13.86 1.05777
13.89 1.06027
13.92 1.06277
13.95 1.06528
13.98 1.0678
14.01 1.07033
14.04 1.07287
14.07 1.07541
14.1 1.07797
14.13 1.08053
14.16 1.0831
14.19 1.08568
14.22 1.08827
14.25 1.09087
14.28 1.09348
14.31 1.0961
14.34 1.09872
14.37 1.10136
14.4 1.104
14.43 1.10666
14.46 1.10932
14.49 1.112
14.52 1.11468
14.55 1.11737
14.58 1.12007
14.61 1.12278
14.64 1.12551
14.67 1.12824
14.7 1.13098
14.73 1.13373
14.76 1.13649
14.79 1.13926
14.82 1.14204
14.85 1.14483
14.88 1.14764
14.91 1.15045
14.94 1.15327
14.97 1.1561
15 1.15895
15.03 1.1618
15.06 1.16467
15.09 1.16754
15.12 1.17043
15.15 1.17333
15.18 1.17624
15.21 1.17916
15.24 1.18209
15.27 1.18503
15.3 1.18799
15.33 1.19095
15.36 1.19393
15.39 1.19692
15.42 1.19992
15.45 1.20293
15.48 1.20596
15.51 1.209
15.54 1.21204
15.57 1.21511
15.6 1.21818
15.63 1.22127
15.66 1.22437
15.69 1.22748
15.72 1.2306
15.75 1.23374
15.78 1.23689
15.81 1.24006
15.84 1.24323
15.87 1.24642
15.9 1.24963
15.93 1.25285
15.96 1.25608
15.99 1.25932
16.02 1.26258
16.05 1.26586
16.08 1.26915
16.11 1.27245
16.14 1.27577
16.17 1.2791
16.2 1.28245
16.23 1.28581
16.26 1.28919
16.29 1.29259
16.32 1.296
16.35 1.29942
16.38 1.30286
16.41 1.30632
16.44 1.30979
16.47 1.31328
16.5 1.31679
16.53 1.32032
16.56 1.32386
16.59 1.32742
16.62 1.33099
16.65 1.33459
16.68 1.3382
16.71 1.34183
16.74 1.34548
16.77 1.34914
16.8 1.35283
16.83 1.35653
16.86 1.36026
16.89 1.364
16.92 1.36777
16.95 1.37155
16.98 1.37535
17.01 1.37918
17.04 1.38302
17.07 1.38689
17.1 1.39078
17.13 1.39469
17.16 1.39862
17.19 1.40257
17.22 1.40655
17.25 1.41054
17.28 1.41457
17.31 1.41861
17.34 1.42268
17.37 1.42677
17.4 1.43089
17.43 1.43503
17.46 1.4392
17.49 1.44339
17.52 1.44761
17.55 1.45186
17.58 1.45613
17.61 1.46043
17.64 1.46476
17.67 1.46911
17.7 1.47349
17.73 1.4779
17.76 1.48234
17.79 1.48681
17.82 1.49131
17.85 1.49584
17.88 1.5004
17.91 1.50499
17.94 1.50962
17.97 1.51427
18 1.51896
18.03 1.52368
18.06 1.52844
18.09 1.53323
18.12 1.53806
18.15 1.54292
18.18 1.54781
18.21 1.55275
18.24 1.55772
18.27 1.56273
18.3 1.56777
18.33 1.57286
18.36 1.57798
18.39 1.58315
18.42 1.58835
18.45 1.5936
18.48 1.59889
18.51 1.60422
18.54 1.6096
18.57 1.61502
18.6 1.62048
18.63 1.626
18.66 1.63155
18.69 1.63716
18.72 1.64281
18.75 1.64851
18.78 1.65426
18.81 1.66006
18.84 1.66592
18.87 1.67182
18.9 1.67778
18.93 1.68379
18.96 1.68986
18.99 1.69598
19.02 1.70216
19.05 1.70839
19.08 1.71468
19.11 1.72104
19.14 1.72745
19.17 1.73392
19.2 1.74046
19.23 1.74706
19.26 1.75372
19.29 1.76045
19.32 1.76724
19.35 1.77411
19.38 1.78104
19.41 1.78804
19.44 1.79511
19.47 1.80225
19.5 1.80946
19.53 1.81675
19.56 1.82411
19.59 1.83155
19.62 1.83907
19.65 1.84666
19.68 1.85434
19.71 1.86209
19.74 1.86993
19.77 1.87785
19.8 1.88585
19.83 1.89394
19.86 1.90212
19.89 1.91039
19.92 1.91874
19.95 1.92718
19.98 1.93572
20.01 1.94435
20.04 1.95307
20.07 1.96188
20.1 1.9708
20.13 1.97981
20.16 1.98892
20.19 1.99813
20.22 2.00743
20.25 2.01685
20.28 2.02636
20.31 2.03598
20.34 2.0457
20.37 2.05553
20.4 2.06547
20.43 2.07551
20.46 2.08567
20.49 2.09593
20.52 2.10631
20.55 2.11679
20.58 2.12739
20.61 2.1381
20.64 2.14893
20.67 2.15987
20.7 2.17092
20.73 2.18209
20.76 2.19338
20.79 2.20478
20.82 2.2163
20.85 2.22793
20.88 2.23968
20.91 2.25154
20.94 2.26353
20.97 2.27562
21 2.28784
21.03 2.30017
21.06 2.31261
21.09 2.32517
21.12 2.33784
21.15 2.35062
21.18 2.36352
21.21 2.37652
21.24 2.38964
21.27 2.40286
21.3 2.41618
21.33 2.42961
21.36 2.44315
21.39 2.45678
21.42 2.47051
21.45 2.48434
21.48 2.49826
21.51 2.51227
21.54 2.52637
21.57 2.54055
21.6 2.55482
21.63 2.56916
21.66 2.58358
21.69 2.59807
21.72 2.61263
21.75 2.62725
21.78 2.64193
21.81 2.65667
21.84 2.67146
21.87 2.6863
21.9 2.70117
21.93 2.71609
21.96 2.73104
21.99 2.74602
22.02 2.76102
22.05 2.77604
22.08 2.79107
22.11 2.80611
22.14 2.82115
22.17 2.83618
22.2 2.85121
22.23 2.86623
22.26 2.88122
22.29 2.8962
22.32 2.91114
22.35 2.92604
22.38 2.9409
22.41 2.95572
22.44 2.97048
22.47 2.98519
22.5 2.99983
22.53 3.01441
22.56 3.02891
22.59 3.04333
22.62 3.05767
22.65 3.07192
22.68 3.08608
22.71 3.10014
22.74 3.11409
22.77 3.12794
22.8 3.14168
22.83 3.15531
22.86 3.16881
22.89 3.18219
22.92 3.19545
22.95 3.20857
22.98 3.22157
23.01 3.23442
23.04 3.24714
23.07 3.25971
23.1 3.27214
23.13 3.28443
23.16 3.29656
23.19 3.30854
23.22 3.32037
23.25 3.33205
23.28 3.34356
23.31 3.35492
23.34 3.36612
23.37 3.37717
23.4 3.38804
23.43 3.39876
23.46 3.40932
23.49 3.41971
23.52 3.42994
23.55 3.44001
23.58 3.44992
23.61 3.45966
23.64 3.46924
23.67 3.47866
23.7 3.48791
23.73 3.49701
23.76 3.50594
23.79 3.51472
23.82 3.52334
23.85 3.5318
23.88 3.5401
23.91 3.54825
23.94 3.55625
23.97 3.5641
24 3.57179
24.03 3.57933
24.06 3.58673
24.09 3.59398
24.12 3.60109
24.15 3.60806
24.18 3.61488
24.21 3.62157
24.24 3.62812
24.27 3.63453
24.3 3.64081
24.33 3.64696
24.36 3.65298
24.39 3.65887
24.42 3.66464
24.45 3.67028
24.48 3.67581
24.51 3.68121
24.54 3.68649
24.57 3.69167
24.6 3.69672
24.63 3.70167
24.66 3.70651
24.69 3.71124
24.72 3.71586
24.75 3.72038
24.78 3.7248
24.81 3.72912
24.84 3.73335
24.87 3.73748
24.9 3.74151
24.93 3.74545
24.96 3.74931
24.99 3.75307
25.02 3.75675
25.05 3.76034
25.08 3.76386
25.11 3.76729
25.14 3.77064
25.17 3.77391
25.2 3.77711
25.23 3.78024
25.26 3.78329
25.29 3.78627
25.32 3.78918
25.35 3.79203
25.38 3.79481
25.41 3.79752
25.44 3.80017
25.47 3.80276
25.5 3.80529
25.53 3.80776
25.56 3.81017
25.59 3.81252
25.62 3.81482
25.65 3.81707
25.68 3.81926
25.71 3.82141
25.74 3.8235
25.77 3.82554
25.8 3.82754
25.83 3.82949
25.86 3.83139
25.89 3.83325
25.92 3.83507
25.95 3.83684
25.98 3.83858
26.01 3.84027
26.04 3.84192
26.07 3.84354
26.1 3.84511
26.13 3.84665
26.16 3.84816
26.19 3.84963
26.22 3.85107
26.25 3.85247
26.28 3.85384
26.31 3.85518
26.34 3.85649
26.37 3.85777
26.4 3.85901
26.43 3.86023
26.46 3.86143
26.49 3.86259
26.52 3.86373
26.55 3.86484
26.58 3.86593
26.61 3.86699
26.64 3.86803
26.67 3.86905
26.7 3.87004
26.73 3.87101
26.76 3.87195
26.79 3.87288
26.82 3.87379
26.85 3.87467
26.88 3.87553
26.91 3.87638
26.94 3.87721
26.97 3.87802
27 3.87881
27.03 3.87958
27.06 3.88033
27.09 3.88107
27.12 3.88179
27.15 3.8825
27.18 3.88319
27.21 3.88387
27.24 3.88453
27.27 3.88517
27.3 3.8858
27.33 3.88642
27.36 3.88703
27.39 3.88762
27.42 3.8882
27.45 3.88876
27.48 3.88931
27.51 3.88986
27.54 3.89039
27.57 3.8909
27.6 3.89141
27.63 3.89191
27.66 3.89239
27.69 3.89287
27.72 3.89333
27.75 3.89378
27.78 3.89423
27.81 3.89466
27.84 3.89509
27.87 3.89551
27.9 3.89591
27.93 3.89631
27.96 3.8967
27.99 3.89709
28.02 3.89746
28.05 3.89783
28.08 3.89818
28.11 3.89853
28.14 3.89888
28.17 3.89921
28.2 3.89954
28.23 3.89986
28.26 3.90018
28.29 3.90049
28.32 3.90079
28.35 3.90108
28.38 3.90137
28.41 3.90166
28.44 3.90193
28.47 3.9022
28.5 3.90247
28.53 3.90273
28.56 3.90298
28.59 3.90323
28.62 3.90347
28.65 3.90371
28.68 3.90395
28.71 3.90417
28.74 3.9044
28.77 3.90462
28.8 3.90483
28.83 3.90504
28.86 3.90524
28.89 3.90545
28.92 3.90564
28.95 3.90583
28.98 3.90602
29.01 3.90621
29.04 3.90639
29.07 3.90656
29.1 3.90673
29.13 3.9069
29.16 3.90707
29.19 3.90723
29.22 3.90739
29.25 3.90754
29.28 3.90769
29.31 3.90784
29.34 3.90799
29.37 3.90813
29.4 3.90827
29.43 3.9084
29.46 3.90853
29.49 3.90866
29.52 3.90879
29.55 3.90891
29.58 3.90903
29.61 3.90915
29.64 3.90927
29.67 3.90938
29.7 3.90949
29.73 3.9096
29.76 3.9097
29.79 3.90981
29.82 3.90991
29.85 3.91
29.88 3.9101
29.91 3.91019
29.94 3.91029
29.97 3.91037
30 3.91046
30.001 0
