0 -10
0.03 -8.93014
0.06 -8.92975
0.09 -8.92936
0.12 -8.92896
0.15 -8.92856
0.18 -8.92816
0.21 -8.92776
0.24 -8.92735
0.27 -8.92694
0.3 -8.92653
0.33 -8.92612
0.36 -8.92571
0.39 -8.92529
0.42 -8.92487
0.45 -8.92445
0.48 -8.92402
0.51 -8.9236
0.54 -8.92317
0.57 -8.92274
0.6 -8.9223
0.63 -8.92187
0.66 -8.92143
0.69 -8.92098
0.72 -8.92054
0.75 -8.92009
0.78 -8.91965
0.81 -8.91919
0.84 -8.91874
0.87 -8.91828
0.9 -8.91783
0.93 -8.91737
0.96 -8.9169
0.99 -8.91644
1.02 -8.91597
1.05 -8.9155
1.08 -8.91502
1.11 -8.91455
1.14 -8.91407
1.17 -8.91359
1.2 -8.9131
1.23 -8.91262
1.26 -8.91213
1.29 -8.91164
1.32 -8.91114
1.35 -8.91065
1.38 -8.91015
1.41 -8.90965
1.44 -8.90914
1.47 -8.90864
1.5 -8.90813
1.53 -8.90762
1.56 -8.90711
1.59 -8.90659
1.62 -8.90607
1.65 -8.90555
1.68 -8.90503
1.71 -8.9045
1.74 -8.90397
1.77 -8.90344
1.8 -8.90291
1.83 -8.90237
1.86 -8.90184
1.89 -8.9013
1.92 -8.90075
1.95 -8.90021
1.98 -8.89966
2.01 -8.89911
2.04 -8.89856
2.07 -8.898
2.1 -8.89744
2.13 -8.89689
2.16 -8.89632
2.19 -8.89576
2.22 -8.89519
2.25 -8.89462
2.28 -8.89405
2.31 -8.89348
2.34 -8.8929
2.37 -8.89233
2.4 -8.89175
2.43 -8.89116
2.46 -8.89058
2.49 -8.88999
2.52 -8.8894
2.55 -8.88881
2.58 -8.88822
2.61 -8.88762
2.64 -8.88703
2.67 -8.88643
2.7 -8.88582
2.73 -8.88522
2.76 -8.88462
2.79 -8.88401
2.82 -8.8834
2.85 -8.88279
2.88 -8.88217
2.91 -8.88156
2.94 -8.88094
2.97 -8.88032
3 -8.8797
3.03 -8.87907
3.06 -8.87845
3.09 -8.87782
3.12 -8.87719
3.15 -8.87656
3.18 -8.87593
3.21 -8.8753
3.24 -8.87466
3.27 -8.87402
3.3 -8.87338
3.33 -8.87274
3.36 -8.8721
3.39 -8.87146
3.42 -8.87081
3.45 -8.87016
3.48 -8.86952
3.51 -8.86886
3.54 -8.86821
3.57 -8.86756
3.6 -8.86691
3.63 -8.86625
3.66 -8.86559
3.69 -8.86493
3.72 -8.86427
3.75 -8.86361
3.78 -8.86295
3.81 -8.86229
3.84 -8.86162
3.87 -8.86096
3.9 -8.86029
3.93 -8.85962
3.96 -8.85895
3.99 -8.85828
4.02 -8.85761
4.05 -8.85694
4.08 -8.85627
4.11 -8.85559
4.14 -8.85492
4.17 -8.85424
4.2 -8.85356
4.23 -8.85289
4.26 -8.85221
4.29 -8.85153
4.32 -8.85085
4.35 -8.85017
4.38 -8.84949
4.41 -8.8488
4.44 -8.84812
4.47 -8.84744
4.5 -8.84675
4.53 -8.84607
4.56 -8.84538
4.59 -8.8447
4.62 -8.84401
4.65 -8.84333
4.68 -8.84264
4.71 -8.84195
4.74 -8.84127
4.77 -8.84058
4.8 -8.83989
4.83 -8.8392
4.86 -8.83851
4.89 -8.83783
4.92 -8.83714
4.95 -8.83645
4.98 -8.83576
5.01 -8.83507
5.04 -8.83438
5.07 -8.83369
5.1 -8.833
5.13 -8.83231
5.16 -8.83163
5.19 -8.83094
5.22 -8.83025
5.25 -8.82956
5.28 -8.82887
5.31 -8.82818
5.34 -8.8275
5.37 -8.82681
5.4 -8.82612
5.43 -8.82543
5.46 -8.82475
5.49 -8.82406
5.52 -8.82337
5.55 -8.82269
5.58 -8.822
5.61 -8.82132
5.64 -8.82063
5.67 -8.81995
5.7 -8.81927
5.73 -8.81858
5.76 -8.8179
5.79 -8.81722
5.82 -8.81654
5.85 -8.81586
5.88 -8.81518
5.91 -8.8145
5.94 -8.81382
5.97 -8.81314
6 -8.81247
6.03 -8.81179
6.06 -8.81112
6.09 -8.81044
6.12 -8.80977
6.15 -8.80909
6.18 -8.80842
6.21 -8.80775
6.24 -8.80708
6.27 -8.80641
6.3 -8.80574
6.33 -8.80508
6.36 -8.80441
6.39 -8.80374
6.42 -8.80308
6.45 -8.80242
6.48 -8.80175
6.51 -8.80109
6.54 -8.80043
6.57 -8.79977
6.6 -8.79912
6.63 -8.79846
6.66 -8.7978
6.69 -8.79715
6.72 -8.7965
6.75 -8.79584
6.78 -8.79519
6.81 -8.79454
6.84 -8.79389
6.87 -8.79325
6.9 -8.7926
6.93 -8.79196
6.96 -8.79131
6.99 -8.79067
7.02 -8.79003
7.05 -8.78939
7.08 -8.78875
7.11 -8.78811
7.14 -8.78748
7.17 -8.78684
7.2 -8.78621
7.23 -8.78558
7.26 -8.78495
7.29 -8.78432
7.32 -8.78369
7.35 -8.78306
7.38 -8.78244
7.41 -8.78182
7.44 -8.78119
7.47 -8.78057
7.5 -8.77995
7.53 -8.77934
7.56 -8.77872
7.59 -8.77811
7.62 -8.77749
7.65 -8.77688
7.68 -8.77627
7.71 -8.77566
7.74 -8.77505
7.77 -8.77445
7.8 -8.77384
7.83 -8.77324
7.86 -8.77264
7.89 -8.77204
7.92 -8.77144
7.95 -8.77084
7.98 -8.77025
8.01 -8.76965
8.04 -8.76906
8.07 -8.76847
8.1 -8.76788
8.13 -8.76729
8.16 -8.76671
8.19 -8.76612
8.22 -8.76554
8.25 -8.76496
8.28 -8.76438
8.31 -8.7638
8.34 -8.76322
8.37 -8.76264
8.4 -8.76207
8.43 -8.7615
8.46 -8.76093
8.49 -8.76036
8.52 -8.75979
8.55 -8.75922
8.58 -8.75866
8.61 -8.75809
8.64 -8.75753
8.67 -8.75697
8.7 -8.75641
8.73 -8.75585
8.76 -8.7553
8.79 -8.75474
8.82 -8.75419
8.85 -8.75364
8.88 -8.75309
8.91 -8.75254
8.94 -8.75199
8.97 -8.75145
9 -8.7509
9.03 -8.75036
9.06 -8.74982
9.09 -8.74928
9.12 -8.74874
9.15 -8.74821
9.18 -8.74767
9.21 -8.74714
9.24 -8.7466
9.27 -8.74607
9.3 -8.74554
9.33 -8.74502
9.36 -8.74449
9.39 -8.74397
9.42 -8.74344
9.45 -8.74292
9.48 -8.7424
9.51 -8.74188
9.54 -8.74136
9.57 -8.74085
9.6 -8.74033
9.63 -8.73982
9.66 -8.73931
9.69 -8.7388
9.72 -8.73829
9.75 -8.73778
9.78 -8.73727
9.81 -8.73677
9.84 -8.73626
9.87 -8.73576
9.9 -8.73526
9.93 -8.73476
9.96 -8.73426
9.99 -8.73377
10.02 -8.73327
10.05 -8.73278
10.08 -8.73228
10.11 -8.73179
10.14 -8.7313
10.17 -8.73081
10.2 -8.73032
10.23 -8.72984
10.26 -8.72935
10.29 -8.72887
10.32 -8.72839
10.35 -8.7279
10.38 -8.72742
10.41 -8.72695
10.44 -8.72647
10.47 -8.72599
10.5 -8.72552
10.53 -8.72504
10.56 -8.72457
10.59 -8.7241
10.62 -8.72363
10.65 -8.72316
10.68 -8.72269
10.71 -8.72223
10.74 -8.72176
10.77 -8.7213
10.8 -8.72083
10.83 -8.72037
10.86 -8.71991
10.89 -8.71945
10.92 -8.71899
10.95 -8.71854
10.98 -8.71808
11.01 -8.71763
11.04 -8.71717
11.07 -8.71672
11.1 -8.71627
11.13 -8.71582
11.16 -8.71537
11.19 -8.71492
11.22 -8.71447
11.25 -8.71403
11.28 -8.71358
11.31 -8.71314
11.34 -8.7127
11.37 -8.71225
11.4 -8.71181
11.43 -8.71137
11.46 -8.71094
11.49 -8.7105
11.52 -8.71006
11.55 -8.70963
11.58 -8.70919
11.61 -8.70876
11.64 -8.70833
11.67 -8.70789
11.7 -8.70746
11.73 -8.70703
11.76 -8.70661
11.79 -8.70618
11.82 -8.70575
11.85 -8.70533
11.88 -8.7049
11.91 -8.70448
11.94 -8.70406
11.97 -8.70363
12 -8.70321
12.03 -8.70279
12.06 -8.70238
12.09 -8.70196
12.12 -8.70154
12.15 -8.70112
12.18 -8.70071
12.21 -8.70029
12.24 -8.69988
12.27 -8.69947
12.3 -8.69906
12.33 -8.69865
12.36 -8.69824
12.39 -8.69783
12.42 -8.69742
12.45 -8.69701
12.48 -8.69661
12.51 -8.6962
12.54 -8.6958
12.57 -8.69539
12.6 -8.69499
12.63 -8.69459
12.66 -8.69419
12.69 -8.69379
12.72 -8.69339
12.75 -8.69299
12.78 -8.69259
12.81 -8.69219
12.84 -8.6918
12.87 -8.6914
12.9 -8.69101
12.93 -8.69061
12.96 -8.69022
12.99 -8.68983
13.02 -8.68943
13.05 -8.68904
13.08 -8.68865
13.11 -8.68826
13.14 -8.68788
13.17 -8.68749
13.2 -8.6871
13.23 -8.68672
13.26 -8.68633
13.29 -8.68595
13.32 -8.68556
13.35 -8.68518
13.38 -8.6848
13.41 -8.68441
13.44 -8.68403
13.47 -8.68365
13.5 -8.68327
13.53 -8.6829
13.56 -8.68252
13.59 -8.68214
13.62 -8.68176
13.65 -8.68139
13.68 -8.68101
13.71 -8.68064
13.74 -8.68026
13.77 -8.67989
13.8 -8.67952
13.83 -8.67915
13.86 -8.67878
13.89 -8.67841
13.92 -8.67804
13.95 -8.67767
13.98 -8.6773
14.01 -8.67693
14.04 -8.67657
14.07 -8.6762
14.1 -8.67584
14.13 -8.67547
14.16 -8.67511
14.19 -8.67474
14.22 -8.67438
14.25 -8.67402
14.28 -8.67366
14.31 -8.6733
14.34 -8.67294
14.37 -8.67258
14.4 -8.67222
14.43 -8.67186
14.46 -8.67151
14.49 -8.67115
14.52 -8.67079
14.55 -8.67044
14.58 -8.67008
14.61 -8.66973
14.64 -8.66938
14.67 -8.66902
14.7 -8.66867
14.73 -8.66832
14.76 -8.66797
14.79 -8.66762
14.82 -8.66727
14.85 -8.66692
14.88 -8.66658
14.91 -8.66623
14.94 -8.66588
14.97 -8.66554
15 -8.66519
15.03 -8.66485
15.06 -8.6645
15.09 -8.66416
15.12 -8.66382
15.15 -8.66347
15.18 -8.66313
15.21 -8.66279
15.24 -8.66245
15.27 -8.66211
15.3 -8.66177
15.33 -8.66144
15.36 -8.6611
15.39 -8.66076
15.42 -8.66042
15.45 -8.66009
15.48 -8.65975
15.51 -8.65942
15.54 -8.65909
15.57 -8.65875
15.6 -8.65842
15.63 -8.65809
15.66 -8.65776
15.69 -8.65743
15.72 -8.6571
15.75 -8.65677
15.78 -8.65644
15.81 -8.65611
15.84 -8.65579
15.87 -8.65546
15.9 -8.65513
15.93 -8.65481
15.96 -8.65448
15.99 -8.65416
16.02 -8.65384
16.05 -8.65351
16.08 -8.65319
16.11 -8.65287
16.14 -8.65255
16.17 -8.65223
16.2 -8.65191
16.23 -8.65159
16.26 -8.65127
16.29 -8.65096
16.32 -8.65064
16.35 -8.65032
16.38 -8.65001
16.41 -8.64969
16.44 -8.64938
16.47 -8.64907
16.5 -8.64875
16.53 -8.64844
16.56 -8.64813
16.59 -8.64782
16.62 -8.64751
16.65 -8.6472
16.68 -8.64689
16.71 -8.64658
16.74 -8.64628
16.77 -8.64597
16.8 -8.64566
16.83 -8.64536
16.86 -8.64505
16.89 -8.64475
16.92 -8.64444
16.95 -8.64414
16.98 -8.64384
17.01 -8.64354
17.04 -8.64324
17.07 -8.64294
17.1 -8.64264
17.13 -8.64234
17.16 -8.64204
17.19 -8.64174
17.22 -8.64145
17.25 -8.64115
17.28 -8.64085
17.31 -8.64056
17.34 -8.64026
17.37 -8.63997
17.4 -8.63968
17.43 -8.63939
17.46 -8.63909
17.49 -8.6388
17.52 -8.63851
17.55 -8.63822
17.58 -8.63793
17.61 -8.63765
17.64 -8.63736
17.67 -8.63707
17.7 -8.63679
17.73 -8.6365
17.76 -8.63622
17.79 -8.63593
17.82 -8.63565
17.85 -8.63537
17.88 -8.63508
17.91 -8.6348
17.94 -8.63452
17.97 -8.63424
18 -8.63396
18.03 -8.63368
18.06 -8.6334
18.09 -8.63313
18.12 -8.63285
18.15 -8.63257
18.18 -8.6323
18.21 -8.63202
18.24 -8.63175
18.27 -8.63148
18.3 -8.6312
18.33 -8.63093
18.36 -8.63066
18.39 -8.63039
18.42 -8.63012
18.45 -8.62985
18.48 -8.62958
18.51 -8.62931
18.54 -8.62905
18.57 -8.62878
18.6 -8.62851
18.63 -8.62825
18.66 -8.62798
18.69 -8.62772
18.72 -8.62746
18.75 -8.62719
18.78 -8.62693
18.81 -8.62667
18.84 -8.62641
18.87 -8.62615
18.9 -8.62589
18.93 -8.62563
18.96 -8.62537
18.99 -8.62512
19.02 -8.62486
19.05 -8.6246
19.08 -8.62435
19.11 -8.62409
19.14 -8.62384
19.17 -8.62359
19.2 -8.62333
19.23 -8.62308
19.26 -8.62283
19.29 -8.62258
19.32 -8.62233
19.35 -8.62208
19.38 -8.62183
19.41 -8.62158
19.44 -8.62134
19.47 -8.62109
19.5 -8.62084
19.53 -8.6206
19.56 -8.62035
19.59 -8.62011
19.62 -8.61986
19.65 -8.61962
19.68 -8.61938
19.71 -8.61914
19.74 -8.6189
19.77 -8.61866
19.8 -8.61842
19.83 -8.61818
19.86 -8.61794
19.89 -8.6177
19.92 -8.61746
19.95 -8.61723
19.98 -8.61699
20.01 -8.61675
20.04 -8.61652
20.07 -8.61629
20.1 -8.61605
20.13 -8.61582
20.16 -8.61559
20.19 -8.61536
20.22 -8.61512
20.25 -8.61489
20.28 -8.61466
20.31 -8.61443
20.34 -8.61421
20.37 -8.61398
20.4 -8.61375
20.43 -8.61352
20.46 -8.6133
20.49 -8.61307
20.52 -8.61285
20.55 -8.61262
20.58 -8.6124
20.61 -8.61218
20.64 -8.61195
20.67 -8.61173
20.7 -8.61151
20.73 -8.61129
20.76 -8.61107
20.79 -8.61085
20.82 -8.61063
20.85 -8.61041
20.88 -8.61019
20.91 -8.60998
20.94 -8.60976
20.97 -8.60954
21 -8.60933
21.03 -8.60911
21.06 -8.6089
21.09 -8.60868
21.12 -8.60847
21.15 -8.60826
21.18 -8.60804
21.21 -8.60783
21.24 -8.60762
21.27 -8.60741
21.3 -8.6072
21.33 -8.60699
21.36 -8.60678
21.39 -8.60657
21.42 -8.60636
21.45 -8.60616
21.48 -8.60595
21.51 -8.60574
21.54 -8.60554
21.57 -8.60533
21.6 -8.60513
21.63 -8.60492
21.66 -8.60472
21.69 -8.60452
21.72 -8.60431
21.75 -8.60411
21.78 -8.60391
21.81 -8.60371
21.84 -8.60351
21.87 -8.60331
21.9 -8.60311
21.93 -8.60291
21.96 -8.60271
21.99 -8.60251
22.02 -8.60231
22.05 -8.60212
22.08 -8.60192
22.11 -8.60172
22.14 -8.60153
22.17 -8.60133
22.2 -8.60114
22.23 -8.60094
22.26 -8.60075
22.29 -8.60056
22.32 -8.60036
22.35 -8.60017
22.38 -8.59998
22.41 -8.59979
22.44 -8.59959
22.47 -8.5994
22.5 -8.59921
22.53 -8.59902
22.56 -8.59883
22.59 -8.59865
22.62 -8.59846
22.65 -8.59827
22.68 -8.59808
22.71 -8.5979
22.74 -8.59771
22.77 -8.59752
22.8 -8.59734
22.83 -8.59715
22.86 -8.59697
22.89 -8.59678
22.92 -8.5966
22.95 -8.59641
22.98 -8.59623
23.01 -8.59605
23.04 -8.59587
23.07 -8.59568
23.1 -8.5955
23.13 -8.59532
23.16 -8.59514
23.19 -8.59496
23.22 -8.59478
23.25 -8.5946
23.28 -8.59442
23.31 -8.59424
23.34 -8.59406
23.37 -8.59389
23.4 -8.59371
23.43 -8.59353
23.46 -8.59335
23.49 -8.59318
23.52 -8.593
23.55 -8.59282
23.58 -8.59265
23.61 -8.59247
23.64 -8.5923
23.67 -8.59213
23.7 -8.59195
23.73 -8.59178
23.76 -8.59161
23.79 -8.59143
23.82 -8.59126
23.85 -8.59109
23.88 -8.59092
23.91 -8.59075
23.94 -8.59057
23.97 -8.5904
24 -8.59023
24.03 -8.59006
24.06 -8.58989
24.09 -8.58972
24.12 -8.58956
24.15 -8.58939
24.18 -8.58922
24.21 -8.58905
24.24 -8.58888
24.27 -8.58872
24.3 -8.58855
24.33 -8.58838
24.36 -8.58822
24.39 -8.58805
24.42 -8.58789
24.45 -8.58772
24.48 -8.58756
24.51 -8.58739
24.54 -8.58723
24.57 -8.58706
24.6 -8.5869
24.63 -8.58674
24.66 -8.58657
24.69 -8.58641
24.72 -8.58625
24.75 -8.58609
24.78 -8.58593
24.81 -8.58576
24.84 -8.5856
24.87 -8.58544
24.9 -8.58528
24.93 -8.58512
24.96 -8.58496
24.99 -8.5848
25.02 -8.58464
25.05 -8.58449
25.08 -8.58433
25.11 -8.58417
25.14 -8.58401
25.17 -8.58385
25.2 -8.5837
25.23 -8.58354
25.26 -8.58338
25.29 -8.58323
25.32 -8.58307
25.35 -8.58292
25.38 -8.58276
25.41 -8.58261
25.44 -8.58245
25.47 -8.5823
25.5 -8.58214
25.53 -8.58199
25.56 -8.58184
25.59 -8.58169
25.62 -8.58153
25.65 -8.58138
25.68 -8.58123
25.71 -8.58108
25.74 -8.58093
25.77 -8.58078
25.8 -8.58062
25.83 -8.58047
25.86 -8.58032
25.89 -8.58018
25.92 -8.58003
25.95 -8.57988
25.98 -8.57973
26.01 -8.57958
26.04 -8.57943
26.07 -8.57929
26.1 -8.57914
26.13 -8.57899
26.16 -8.57885
26.19 -8.5787
26.22 -8.57855
26.25 -8.57841
26.28 -8.57826
26.31 -8.57812
26.34 -8.57797
26.37 -8.57783
26.4 -8.57769
26.43 -8.57754
26.46 -8.5774
26.49 -8.57726
26.52 -8.57712
26.55 -8.57698
26.58 -8.57683
26.61 -8.57669
26.64 -8.57655
26.67 -8.57641
26.7 -8.57627
26.73 -8.57613
26.76 -8.576
26.79 -8.57586
26.82 -8.57572
26.85 -8.57558
26.88 -8.57545
26.91 -8.57531
26.94 -8.57517
26.97 -8.57504
27 -8.5749
27.03 -8.57477
27.06 -8.57463
27.09 -8.5745
27.12 -8.57437
27.15 -8.57423
27.18 -8.5741
27.21 -8.57397
27.24 -8.57384
27.27 -8.5737
27.3 -8.57357
27.33 -8.57344
27.36 -8.57331
27.39 -8.57318
27.42 -8.57306
27.45 -8.57293
27.48 -8.5728
27.51 -8.57267
27.54 -8.57255
27.57 -8.57242
27.6 -8.5723
27.63 -8.57217
27.66 -8.57205
27.69 -8.57192
27.72 -8.5718
27.75 -8.57168
27.78 -8.57155
27.81 -8.57143
27.84 -8.57131
27.87 -8.57119
27.9 -8.57107
27.93 -8.57095
27.96 -8.57083
27.99 -8.57071
28.02 -8.5706
28.05 -8.57048
28.08 -8.57036
28.11 -8.57025
28.14 -8.57013
28.17 -8.57002
28.2 -8.56991
28.23 -8.56979
28.26 -8.56968
28.29 -8.56957
28.32 -8.56946
28.35 -8.56935
28.38 -8.56924
28.41 -8.56913
28.44 -8.56902
28.47 -8.56891
28.5 -8.56881
28.53 -8.5687
28.56 -8.56859
28.59 -8.56849
28.62 -8.56839
28.65 -8.56828
28.68 -8.56818
28.71 -8.56808
28.74 -8.56798
28.77 -8.56788
28.8 -8.56778
28.83 -8.56768
28.86 -8.56758
28.89 -8.56748
28.92 -8.56739
28.95 -8.56729
28.98 -8.5672
29.01 -8.5671
29.04 -8.56701
29.07 -8.56692
29.1 -8.56683
29.13 -8.56674
29.16 -8.56665
29.19 -8.56656
29.22 -8.56647
29.25 -8.56638
29.28 -8.5663
29.31 -8.56621
29.34 -8.56613
29.37 -8.56604
29.4 -8.56596
29.43 -8.56588
29.46 -8.5658
29.49 -8.56572
29.52 -8.56564
29.55 -8.56556
29.58 -8.56548
29.61 -8.56541
29.64 -8.56533
29.67 -8.56526
29.7 -8.56519
29.73 -8.56511
29.76 -8.56504
29.79 -8.56497
29.82 -8.5649
29.85 -8.56483
29.88 -8.56477
29.91 -8.5647
29.94 -8.56463
29.97 -8.56457
30 -8.56451
30.001 -10
