0 0
0.03 0.296977
0.06 0.298109
0.09 0.29925
0.12 0.300398
0.15 0.301554
0.18 0.302718
0.21 0.303889
0.24 0.305068
0.27 0.306256
0.3 0.307451
0.33 0.308654
0.36 0.309866
0.39 0.311085
0.42 0.312313
0.45 0.313549
0.48 0.314793
0.51 0.316045
0.54 0.317305
0.57 0.318574
0.6 0.319852
0.63 0.321137
0.66 0.322432
0.69 0.323734
0.72 0.325045
0.75 0.326365
0.78 0.327694
0.81 0.329031
0.84 0.330376
0.87 0.331731
0.9 0.333094
0.93 0.334466
0.96 0.335847
0.99 0.337236
1.02 0.338635
1.05 0.340042
1.08 0.341459
1.11 0.342884
1.14 0.344318
1.17 0.345762
1.2 0.347214
1.23 0.348676
1.26 0.350147
1.29 0.351626
1.32 0.353115
1.35 0.354614
1.38 0.356121
1.41 0.357638
1.44 0.359164
1.47 0.360699
1.5 0.362244
1.53 0.363797
1.56 0.365361
1.59 0.366933
1.62 0.368515
1.65 0.370107
1.68 0.371707
1.71 0.373318
1.74 0.374937
1.77 0.376566
1.8 0.378205
1.83 0.379853
1.86 0.381511
1.89 0.383178
1.92 0.384854
1.95 0.38654
1.98 0.388236
2.01 0.389941
2.04 0.391655
2.07 0.39338
2.1 0.395113
2.13 0.396856
2.16 0.398609
2.19 0.400372
2.22 0.402143
2.25 0.403925
2.28 0.405715
2.31 0.407516
2.34 0.409326
2.37 0.411145
2.4 0.412974
2.43 0.414812
2.46 0.41666
2.49 0.418517
2.52 0.420384
2.55 0.42226
2.58 0.424146
2.61 0.42604
2.64 0.427945
2.67 0.429858
2.7 0.431781
2.73 0.433714
2.76 0.435655
2.79 0.437606
2.82 0.439566
2.85 0.441535
2.88 0.443514
2.91 0.445502
2.94 0.447498
2.97 0.449504
3 0.451519
3.03 0.453543
3.06 0.455576
3.09 0.457618
3.12 0.459669
3.15 0.461729
3.18 0.463798
3.21 0.465875
3.24 0.467961
3.27 0.470056
3.3 0.47216
3.33 0.474272
3.36 0.476393
3.39 0.478523
3.42 0.480661
3.45 0.482807
3.48 0.484962
3.51 0.487125
3.54 0.489297
3.57 0.491476
3.6 0.493664
3.63 0.495861
3.66 0.498065
3.69 0.500277
3.72 0.502497
3.75 0.504726
3.78 0.506962
3.81 0.509206
3.84 0.511457
3.87 0.513717
3.9 0.515984
3.93 0.518258
3.96 0.52054
3.99 0.52283
4.02 0.525127
4.05 0.527431
4.08 0.529742
4.11 0.532061
4.14 0.534387
4.17 0.53672
4.2 0.539059
4.23 0.541406
4.26 0.54376
4.29 0.54612
4.32 0.548487
4.35 0.55086
4.38 0.55324
4.41 0.555627
4.44 0.55802
4.47 0.560419
4.5 0.562825
4.53 0.565237
4.56 0.567654
4.59 0.570078
4.62 0.572508
4.65 0.574944
4.68 0.577385
4.71 0.579832
4.74 0.582285
4.77 0.584743
4.8 0.587207
4.83 0.589676
4.86 0.592151
4.89 0.594631
4.92 0.597116
4.95 0.599606
4.98 0.602101
5.01 0.604601
5.04 0.607106
5.07 0.609615
5.1 0.612129
5.13 0.614648
5.16 0.617172
5.19 0.619699
5.22 0.622232
5.25 0.624768
5.28 0.627309
5.31 0.629853
5.34 0.632402
5.37 0.634955
5.4 0.637511
5.43 0.640072
5.46 0.642636
5.49 0.645204
5.52 0.647775
5.55 0.65035
5.58 0.652928
5.61 0.65551
5.64 0.658094
5.67 0.660682
5.7 0.663273
5.73 0.665867
5.76 0.668464
5.79 0.671064
5.82 0.673666
5.85 0.676272
5.88 0.678879
5.91 0.68149
5.94 0.684103
5.97 0.686718
6 0.689335
6.03 0.691955
6.06 0.694577
6.09 0.697201
6.12 0.699827
6.15 0.702455
6.18 0.705085
6.21 0.707717
6.24 0.71035
6.27 0.712985
6.3 0.715622
6.33 0.71826
6.36 0.7209
6.39 0.723541
6.42 0.726183
6.45 0.728827
6.48 0.731472
6.51 0.734118
6.54 0.736765
6.57 0.739413
6.6 0.742062
6.63 0.744712
6.66 0.747362
6.69 0.750013
6.72 0.752665
6.75 0.755318
6.78 0.757971
6.81 0.760625
6.84 0.763279
6.87 0.765934
6.9 0.768588
6.93 0.771244
6.96 0.773899
6.99 0.776554
7.02 0.77921
7.05 0.781866
7.08 0.784521
7.11 0.787177
7.14 0.789832
7.17 0.792488
7.2 0.795143
7.23 0.797798
7.26 0.800452
7.29 0.803107
7.32 0.805761
7.35 0.808414
7.38 0.811067
7.41 0.813719
7.44 0.816371
7.47 0.819023
7.5 0.821673
7.53 0.824323
7.56 0.826972
7.59 0.829621
7.62 0.832268
7.65 0.834915
7.68 0.837561
7.71 0.840206
7.74 0.84285
7.77 0.845493
7.8 0.848135
7.83 0.850776
7.86 0.853416
7.89 0.856054
7.92 0.858692
7.95 0.861328
7.98 0.863964
8.01 0.866597
8.04 0.86923
8.07 0.871862
8.1 0.874492
8.13 0.87712
8.16 0.879748
8.19 0.882374
8.22 0.884998
8.25 0.887621
8.28 0.890243
8.31 0.892863
8.34 0.895482
8.37 0.898099
8.4 0.900714
8.43 0.903328
8.46 0.905941
8.49 0.908552
8.52 0.911161
8.55 0.913768
8.58 0.916374
8.61 0.918979
8.64 0.921581
8.67 0.924182
8.7 0.926782
8.73 0.929379
8.76 0.931975
8.79 0.934569
8.82 0.937161
8.85 0.939752
8.88 0.942341
8.91 0.944928
8.94 0.947513
8.97 0.950097
9 0.952679
9.03 0.955259
9.06 0.957837
9.09 0.960413
9.12 0.962988
9.15 0.965561
9.18 0.968132
9.21 0.970701
9.24 0.973269
9.27 0.975834
9.3 0.978398
9.33 0.98096
9.36 0.98352
9.39 0.986078
9.42 0.988635
9.45 0.99119
9.48 0.993743
9.51 0.996294
9.54 0.998843
9.57 1.00139
9.6 1.00394
9.63 1.00648
9.66 1.00902
9.69 1.01156
9.72 1.0141
9.75 1.01664
9.78 1.01917
9.81 1.02171
9.84 1.02424
9.87 1.02677
9.9 1.0293
9.93 1.03182
9.96 1.03435
9.99 1.03687
10.02 1.03939
10.05 1.04191
10.08 1.04443
10.11 1.04695
10.14 1.04946
10.17 1.05198
10.2 1.05449
10.23 1.057
10.26 1.05951
10.29 1.06201
10.32 1.06452
10.35 1.06702
10.38 1.06953
10.41 1.07203
10.44 1.07453
10.47 1.07702
10.5 1.07952
10.53 1.08202
10.56 1.08451
10.59 1.087
10.62 1.08949
10.65 1.09198
10.68 1.09447
10.71 1.09696
10.74 1.09944
10.77 1.10192
10.8 1.10441
10.83 1.10689
10.86 1.10937
10.89 1.11185
10.92 1.11432
10.95 1.1168
10.98 1.11928
11.01 1.12175
11.04 1.12422
11.07 1.12669
11.1 1.12916
11.13 1.13163
11.16 1.1341
11.19 1.13657
11.22 1.13904
11.25 1.1415
11.28 1.14396
11.31 1.14643
11.34 1.14889
11.37 1.15135
11.4 1.15381
11.43 1.15627
11.46 1.15873
11.49 1.16119
11.52 1.16364
11.55 1.1661
11.58 1.16855
11.61 1.17101
11.64 1.17346
11.67 1.17591
11.7 1.17837
11.73 1.18082
11.76 1.18327
11.79 1.18572
11.82 1.18817
11.85 1.19061
11.88 1.19306
11.91 1.19551
11.94 1.19796
11.97 1.2004
12 1.20285
12.03 1.20529
12.06 1.20774
12.09 1.21018
12.12 1.21262
12.15 1.21507
12.18 1.21751
12.21 1.21995
12.24 1.22239
12.27 1.22483
12.3 1.22728
12.33 1.22972
12.36 1.23216
12.39 1.2346
12.42 1.23704
12.45 1.23948
12.48 1.24192
12.51 1.24435
12.54 1.24679
12.57 1.24923
12.6 1.25167
12.63 1.25411
12.66 1.25655
12.69 1.25898
12.72 1.26142
12.75 1.26386
12.78 1.2663
12.81 1.26874
12.84 1.27117
12.87 1.27361
12.9 1.27605
12.93 1.27849
12.96 1.28092
12.99 1.28336
13.02 1.2858
13.05 1.28824
13.08 1.29067
13.11 1.29311
13.14 1.29555
13.17 1.29799
13.2 1.30043
13.23 1.30286
13.26 1.3053
13.29 1.30774
13.32 1.31018
13.35 1.31262
13.38 1.31506
13.41 1.3175
13.44 1.31994
13.47 1.32238
13.5 1.32482
13.53 1.32726
13.56 1.3297
13.59 1.33214
13.62 1.33458
13.65 1.33702
13.68 1.33946
13.71 1.3419
13.74 1.34435
13.77 1.34679
13.8 1.34923
13.83 1.35168
13.86 1.35412
13.89 1.35656
13.92 1.35901
13.95 1.36145
13.98 1.3639
14.01 1.36635
14.04 1.36879
14.07 1.37124
14.1 1.37369
14.13 1.37613
14.16 1.37858
14.19 1.38103
14.22 1.38348
14.25 1.38593
14.28 1.38838
14.31 1.39083
14.34 1.39328
14.37 1.39573
14.4 1.39818
14.43 1.40063
14.46 1.40309
14.49 1.40554
14.52 1.40799
14.55 1.41045
14.58 1.4129
14.61 1.41536
14.64 1.41781
14.67 1.42027
14.7 1.42272
14.73 1.42518
14.76 1.42764
14.79 1.4301
14.82 1.43256
14.85 1.43501
14.88 1.43747
14.91 1.43993
14.94 1.44239
14.97 1.44486
15 1.44732
15.03 1.44978
15.06 1.45224
15.09 1.4547
15.12 1.45717
15.15 1.45963
15.18 1.4621
15.21 1.46456
15.24 1.46703
15.27 1.46949
15.3 1.47196
15.33 1.47442
15.36 1.47689
15.39 1.47936
15.42 1.48183
15.45 1.4843
15.48 1.48676
15.51 1.48923
15.54 1.4917
15.57 1.49417
15.6 1.49664
15.63 1.49911
15.66 1.50159
15.69 1.50406
15.72 1.50653
15.75 1.509
15.78 1.51147
15.81 1.51395
15.84 1.51642
15.87 1.51889
15.9 1.52137
15.93 1.52384
15.96 1.52632
15.99 1.52879
16.02 1.53127
16.05 1.53374
16.08 1.53622
16.11 1.5387
16.14 1.54117
16.17 1.54365
16.2 1.54613
16.23 1.5486
16.26 1.55108
16.29 1.55356
16.32 1.55604
16.35 1.55851
16.38 1.56099
16.41 1.56347
16.44 1.56595
16.47 1.56843
16.5 1.57091
16.53 1.57338
16.56 1.57586
16.59 1.57834
16.62 1.58082
16.65 1.5833
16.68 1.58578
16.71 1.58826
16.74 1.59074
16.77 1.59322
16.8 1.5957
16.83 1.59818
16.86 1.60065
16.89 1.60313
16.92 1.60561
16.95 1.60809
16.98 1.61057
17.01 1.61305
17.04 1.61553
17.07 1.61801
17.1 1.62049
17.13 1.62297
17.16 1.62545
17.19 1.62792
17.22 1.6304
17.25 1.63288
17.28 1.63536
17.31 1.63784
17.34 1.64031
17.37 1.64279
17.4 1.64527
17.43 1.64775
17.46 1.65022
17.49 1.6527
17.52 1.65518
17.55 1.65765
17.58 1.66013
17.61 1.6626
17.64 1.66508
17.67 1.66755
17.7 1.67003
17.73 1.6725
17.76 1.67498
17.79 1.67745
17.82 1.67992
17.85 1.68239
17.88 1.68487
17.91 1.68734
17.94 1.68981
17.97 1.69228
18 1.69475
18.03 1.69722
18.06 1.69969
18.09 1.70216
18.12 1.70463
18.15 1.7071
18.18 1.70957
18.21 1.71204
18.24 1.71451
18.27 1.71697
18.3 1.71944
18.33 1.72191
18.36 1.72437
18.39 1.72684
18.42 1.7293
18.45 1.73176
18.48 1.73423
18.51 1.73669
18.54 1.73915
18.57 1.74162
18.6 1.74408
18.63 1.74654
18.66 1.749
18.69 1.75146
18.72 1.75392
18.75 1.75638
18.78 1.75884
18.81 1.76129
18.84 1.76375
18.87 1.76621
18.9 1.76867
18.93 1.77112
18.96 1.77358
18.99 1.77603
19.02 1.77849
19.05 1.78094
19.08 1.78339
19.11 1.78584
19.14 1.7883
19.17 1.79075
19.2 1.7932
19.23 1.79565
19.26 1.7981
19.29 1.80055
19.32 1.803
19.35 1.80545
19.38 1.8079
19.41 1.81034
19.44 1.81279
19.47 1.81524
19.5 1.81768
19.53 1.82013
19.56 1.82257
19.59 1.82502
19.62 1.82746
19.65 1.82991
19.68 1.83235
19.71 1.8348
19.74 1.83724
19.77 1.83968
19.8 1.84212
19.83 1.84457
19.86 1.84701
19.89 1.84945
19.92 1.85189
19.95 1.85433
19.98 1.85677
20.01 1.85921
20.04 1.86165
20.07 1.86409
20.1 1.86653
20.13 1.86897
20.16 1.87141
20.19 1.87385
20.22 1.87628
20.25 1.87872
20.28 1.88116
20.31 1.8836
20.34 1.88604
20.37 1.88848
20.4 1.89091
20.43 1.89335
20.46 1.89579
20.49 1.89823
20.52 1.90067
20.55 1.90311
20.58 1.90554
20.61 1.90798
20.64 1.91042
20.67 1.91286
20.7 1.9153
20.73 1.91774
20.76 1.92018
20.79 1.92262
20.82 1.92506
20.85 1.9275
20.88 1.92994
20.91 1.93238
20.94 1.93482
20.97 1.93726
21 1.9397
21.03 1.94215
21.06 1.94459
21.09 1.94703
21.12 1.94948
21.15 1.95192
21.18 1.95437
21.21 1.95682
21.24 1.95926
21.27 1.96171
21.3 1.96416
21.33 1.96661
21.36 1.96906
21.39 1.97151
21.42 1.97396
21.45 1.97641
21.48 1.97887
21.51 1.98132
21.54 1.98378
21.57 1.98624
21.6 1.9887
21.63 1.99115
21.66 1.99362
21.69 1.99608
21.72 1.99854
21.75 2.001
21.78 2.00347
21.81 2.00594
21.84 2.00841
21.87 2.01088
21.9 2.01335
21.93 2.01582
21.96 2.0183
21.99 2.02077
22.02 2.02325
22.05 2.02573
22.08 2.02821
22.11 2.0307
22.14 2.03318
22.17 2.03567
22.2 2.03816
22.23 2.04065
22.26 2.04314
22.29 2.04564
22.32 2.04814
22.35 2.05064
22.38 2.05314
22.41 2.05564
22.44 2.05815
22.47 2.06066
22.5 2.06317
22.53 2.06569
22.56 2.0682
22.59 2.07072
22.62 2.07324
22.65 2.07577
22.68 2.0783
22.71 2.08083
22.74 2.08336
22.77 2.0859
22.8 2.08843
22.83 2.09098
22.86 2.09352
22.89 2.09607
22.92 2.09862
22.95 2.10117
22.98 2.10373
23.01 2.10629
23.04 2.10886
23.07 2.11142
23.1 2.114
23.13 2.11657
23.16 2.11915
23.19 2.12173
23.22 2.12432
23.25 2.12691
23.28 2.1295
23.31 2.1321
23.34 2.1347
23.37 2.1373
23.4 2.13991
23.43 2.14252
23.46 2.14514
23.49 2.14776
23.52 2.15039
23.55 2.15302
23.58 2.15565
23.61 2.15829
23.64 2.16093
23.67 2.16358
23.7 2.16623
23.73 2.16889
23.76 2.17155
23.79 2.17421
23.82 2.17689
23.85 2.17956
23.88 2.18224
23.91 2.18493
23.94 2.18762
23.97 2.19031
24 2.19301
24.03 2.19572
24.06 2.19843
24.09 2.20115
24.12 2.20387
24.15 2.20659
24.18 2.20933
24.21 2.21206
24.24 2.21481
24.27 2.21756
24.3 2.22031
24.33 2.22307
24.36 2.22584
24.39 2.22861
24.42 2.23139
24.45 2.23417
24.48 2.23696
24.51 2.23975
24.54 2.24255
24.57 2.24536
24.6 2.24818
24.63 2.25099
24.66 2.25382
24.69 2.25665
24.72 2.25949
24.75 2.26234
24.78 2.26519
24.81 2.26804
24.84 2.27091
24.87 2.27378
24.9 2.27666
24.93 2.27954
24.96 2.28243
24.99 2.28533
25.02 2.28823
25.05 2.29114
25.08 2.29406
25.11 2.29699
25.14 2.29992
25.17 2.30286
25.2 2.3058
25.23 2.30875
25.26 2.31171
25.29 2.31468
25.32 2.31765
25.35 2.32063
25.38 2.32362
25.41 2.32662
25.44 2.32962
25.47 2.33263
25.5 2.33565
25.53 2.33867
25.56 2.3417
25.59 2.34474
25.62 2.34779
25.65 2.35084
25.68 2.3539
25.71 2.35697
25.74 2.36005
25.77 2.36313
25.8 2.36622
25.83 2.36932
25.86 2.37243
25.89 2.37554
25.92 2.37866
25.95 2.38179
25.98 2.38493
26.01 2.38807
26.04 2.39122
26.07 2.39438
26.1 2.39755
26.13 2.40073
26.16 2.40391
26.19 2.4071
26.22 2.4103
26.25 2.4135
26.28 2.41672
26.31 2.41994
26.34 2.42317
26.37 2.4264
26.4 2.42965
26.43 2.4329
26.46 2.43616
26.49 2.43942
26.52 2.4427
26.55 2.44598
26.58 2.44927
26.61 2.45257
26.64 2.45587
26.67 2.45919
26.7 2.46251
26.73 2.46583
26.76 2.46917
26.79 2.47251
26.82 2.47586
26.85 2.47922
26.88 2.48258
26.91 2.48596
26.94 2.48934
26.97 2.49272
27 2.49612
27.03 2.49952
27.06 2.50293
27.09 2.50634
27.12 2.50977
27.15 2.5132
27.18 2.51663
27.21 2.52008
27.24 2.52353
27.27 2.52699
27.3 2.53045
27.33 2.53393
27.36 2.5374
27.39 2.54089
27.42 2.54438
27.45 2.54788
27.48 2.55139
27.51 2.5549
27.54 2.55842
27.57 2.56194
27.6 2.56547
27.63 2.56901
27.66 2.57255
27.69 2.5761
27.72 2.57966
27.75 2.58322
27.78 2.58679
27.81 2.59036
27.84 2.59394
27.87 2.59752
27.9 2.60111
27.93 2.60471
27.96 2.60831
27.99 2.61192
28.02 2.61553
28.05 2.61915
28.08 2.62277
28.11 2.6264
28.14 2.63003
28.17 2.63367
28.2 2.63731
28.23 2.64096
28.26 2.64461
28.29 2.64827
28.32 2.65193
28.35 2.65559
28.38 2.65926
28.41 2.66294
28.44 2.66662
28.47 2.6703
28.5 2.67398
28.53 2.67767
28.56 2.68136
28.59 2.68506
28.62 2.68876
28.65 2.69246
28.68 2.69617
28.71 2.69988
28.74 2.70359
28.77 2.70731
28.8 2.71103
28.83 2.71475
28.86 2.71847
28.89 2.7222
28.92 2.72593
28.95 2.72966
28.98 2.73339
29.01 2.73712
29.04 2.74086
29.07 2.7446
29.1 2.74834
29.13 2.75208
29.16 2.75582
29.19 2.75957
29.22 2.76331
29.25 2.76706
29.28 2.77081
29.31 2.77456
29.34 2.7783
29.37 2.78205
29.4 2.7858
29.43 2.78955
29.46 2.7933
29.49 2.79706
29.52 2.80081
29.55 2.80456
29.58 2.80831
29.61 2.81206
29.64 2.8158
29.67 2.81955
29.7 2.8233
29.73 2.82705
29.76 2.83079
29.79 2.83454
29.82 2.83828
29.85 2.84202
29.88 2.84576
29.91 2.8495
29.94 2.85323
29.97 2.85697
30 2.8607
30.001 0
