0 5
0.03 5.00021
0.06 5.00043
0.09 5.00066
0.12 5.00089
0.15 5.00111
0.18 5.00134
0.21 5.00158
0.24 5.00181
0.27 5.00204
0.3 5.00228
0.33 5.00251
0.36 5.00275
0.39 5.00299
0.42 5.00323
0.45 5.00348
0.48 5.00372
0.51 5.00397
0.54 5.00421
0.57 5.00446
0.6 5.00471
0.63 5.00496
0.66 5.00522
0.69 5.00547
0.72 5.00573
0.75 5.00599
0.78 5.00625
0.81 5.00651
0.84 5.00677
0.87 5.00703
0.9 5.0073
0.93 5.00757
0.96 5.00783
0.99 5.00811
1.02 5.00838
1.05 5.00865
1.08 5.00893
1.11 5.0092
1.14 5.00948
1.17 5.00976
1.2 5.01005
1.23 5.01033
1.26 5.01062
1.29 5.0109
1.32 5.01119
1.35 5.01148
1.38 5.01178
1.41 5.01207
1.44 5.01237
1.47 5.01267
1.5 5.01297
1.53 5.01327
1.56 5.01357
1.59 5.01388
1.62 5.01418
1.65 5.01449
1.68 5.0148
1.71 5.01511
1.74 5.01543
1.77 5.01574
1.8 5.01606
1.83 5.01638
1.86 5.0167
1.89 5.01703
1.92 5.01735
1.95 5.01768
1.98 5.01801
2.01 5.01834
2.04 5.01867
2.07 5.01901
2.1 5.01935
2.13 5.01969
2.16 5.02003
2.19 5.02037
2.22 5.02071
2.25 5.02106
2.28 5.02141
2.31 5.02176
2.34 5.02211
2.37 5.02247
2.4 5.02282
2.43 5.02318
2.46 5.02354
2.49 5.0239
2.52 5.02427
2.55 5.02463
2.58 5.025
2.61 5.02537
2.64 5.02574
2.67 5.02612
2.7 5.0265
2.73 5.02687
2.76 5.02725
2.79 5.02764
2.82 5.02802
2.85 5.02841
2.88 5.02879
2.91 5.02918
2.94 5.02958
2.97 5.02997
3 5.03037
3.03 5.03077
3.06 5.03117
3.09 5.03157
3.12 5.03197
3.15 5.03238
3.18 5.03279
3.21 5.0332
3.24 5.03361
3.27 5.03402
3.3 5.03444
3.33 5.03486
3.36 5.03528
3.39 5.0357
3.42 5.03612
3.45 5.03655
3.48 5.03698
3.51 5.03741
3.54 5.03784
3.57 5.03827
3.6 5.03871
3.63 5.03915
3.66 5.03959
3.69 5.04003
3.72 5.04047
3.75 5.04092
3.78 5.04137
3.81 5.04182
3.84 5.04227
3.87 5.04272
3.9 5.04318
3.93 5.04364
3.96 5.04409
3.99 5.04456
4.02 5.04502
4.05 5.04548
4.08 5.04595
4.11 5.04642
4.14 5.04689
4.17 5.04736
4.2 5.04784
4.23 5.04831
4.26 5.04879
4.29 5.04927
4.32 5.04975
4.35 5.05023
4.38 5.05072
4.41 5.05121
4.44 5.05169
4.47 5.05218
4.5 5.05268
4.53 5.05317
4.56 5.05367
4.59 5.05416
4.62 5.05466
4.65 5.05516
4.68 5.05567
4.71 5.05617
4.74 5.05668
4.77 5.05718
4.8 5.05769
4.83 5.0582
4.86 5.05872
4.89 5.05923
4.92 5.05975
4.95 5.06026
4.98 5.06078
5.01 5.0613
5.04 5.06182
5.07 5.06235
5.1 5.06287
5.13 5.0634
5.16 5.06393
5.19 5.06446
5.22 5.06499
5.25 5.06552
5.28 5.06606
5.31 5.06659
5.34 5.06713
5.37 5.06767
5.4 5.06821
5.43 5.06875
5.46 5.06929
5.49 5.06983
5.52 5.07038
5.55 5.07093
5.58 5.07147
5.61 5.07202
5.64 5.07257
5.67 5.07313
5.7 5.07368
5.73 5.07423
5.76 5.07479
5.79 5.07535
5.82 5.0759
5.85 5.07646
5.88 5.07702
5.91 5.07759
5.94 5.07815
5.97 5.07871
6 5.07928
6.03 5.07984
6.06 5.08041
6.09 5.08098
6.12 5.08155
6.15 5.08212
6.18 5.08269
6.21 5.08326
6.24 5.08384
6.27 5.08441
6.3 5.08499
6.33 5.08557
6.36 5.08614
6.39 5.08672
6.42 5.0873
6.45 5.08788
6.48 5.08847
6.51 5.08905
6.54 5.08963
6.57 5.09022
6.6 5.0908
6.63 5.09139
6.66 5.09197
6.69 5.09256
6.72 5.09315
6.75 5.09374
6.78 5.09433
6.81 5.09492
6.84 5.09551
6.87 5.0961
6.9 5.0967
6.93 5.09729
6.96 5.09789
6.99 5.09848
7.02 5.09908
7.05 5.09967
7.08 5.10027
7.11 5.10087
7.14 5.10147
7.17 5.10207
7.2 5.10267
7.23 5.10327
7.26 5.10387
7.29 5.10447
7.32 5.10508
7.35 5.10568
7.38 5.10628
7.41 5.10689
7.44 5.10749
7.47 5.1081
7.5 5.1087
7.53 5.10931
7.56 5.10991
7.59 5.11052
7.62 5.11113
7.65 5.11174
7.68 5.11235
7.71 5.11296
7.74 5.11357
7.77 5.11418
7.8 5.11479
7.83 5.1154
7.86 5.11601
7.89 5.11662
7.92 5.11723
7.95 5.11784
7.98 5.11846
8.01 5.11907
8.04 5.11968
8.07 5.1203
8.1 5.12091
8.13 5.12153
8.16 5.12214
8.19 5.12276
8.22 5.12337
8.25 5.12399
8.28 5.12461
8.31 5.12522
8.34 5.12584
8.37 5.12646
8.4 5.12707
8.43 5.12769
8.46 5.12831
8.49 5.12893
8.52 5.12955
8.55 5.13016
8.58 5.13078
8.61 5.1314
8.64 5.13202
8.67 5.13264
8.7 5.13326
8.73 5.13388
8.76 5.1345
8.79 5.13512
8.82 5.13574
8.85 5.13636
8.88 5.13699
8.91 5.13761
8.94 5.13823
8.97 5.13885
9 5.13947
9.03 5.14009
9.06 5.14072
9.09 5.14134
9.12 5.14196
9.15 5.14258
9.18 5.14321
9.21 5.14383
9.24 5.14445
9.27 5.14508
9.3 5.1457
9.33 5.14633
9.36 5.14695
9.39 5.14757
9.42 5.1482
9.45 5.14882
9.48 5.14945
9.51 5.15007
9.54 5.1507
9.57 5.15132
9.6 5.15195
9.63 5.15257
9.66 5.1532
9.69 5.15382
9.72 5.15445
9.75 5.15508
9.78 5.1557
9.81 5.15633
9.84 5.15696
9.87 5.15758
9.9 5.15821
9.93 5.15884
9.96 5.15946
9.99 5.16009
10.02 5.16072
10.05 5.16134
10.08 5.16197
10.11 5.1626
10.14 5.16323
10.17 5.16386
10.2 5.16448
10.23 5.16511
10.26 5.16574
10.29 5.16637
10.32 5.167
10.35 5.16763
10.38 5.16826
10.41 5.16889
10.44 5.16952
10.47 5.17015
10.5 5.17078
10.53 5.17141
10.56 5.17204
10.59 5.17267
10.62 5.1733
10.65 5.17393
10.68 5.17456
10.71 5.17519
10.74 5.17582
10.77 5.17645
10.8 5.17709
10.83 5.17772
10.86 5.17835
10.89 5.17898
10.92 5.17961
10.95 5.18025
10.98 5.18088
11.01 5.18151
11.04 5.18215
11.07 5.18278
11.1 5.18341
11.13 5.18405
11.16 5.18468
11.19 5.18532
11.22 5.18595
11.25 5.18659
11.28 5.18722
11.31 5.18786
11.34 5.1885
11.37 5.18913
11.4 5.18977
11.43 5.1904
11.46 5.19104
11.49 5.19168
11.52 5.19232
11.55 5.19295
11.58 5.19359
11.61 5.19423
11.64 5.19487
11.67 5.19551
11.7 5.19615
11.73 5.19679
11.76 5.19743
11.79 5.19807
11.82 5.19871
11.85 5.19935
11.88 5.19999
11.91 5.20063
11.94 5.20127
11.97 5.20191
12 5.20256
12.03 5.2032
12.06 5.20384
12.09 5.20449
12.12 5.20513
12.15 5.20577
12.18 5.20642
12.21 5.20706
12.24 5.20771
12.27 5.20835
12.3 5.209
12.33 5.20965
12.36 5.21029
12.39 5.21094
12.42 5.21159
12.45 5.21224
12.48 5.21289
12.51 5.21353
12.54 5.21418
12.57 5.21483
12.6 5.21548
12.63 5.21613
12.66 5.21678
12.69 5.21744
12.72 5.21809
12.75 5.21874
12.78 5.21939
12.81 5.22005
12.84 5.2207
12.87 5.22135
12.9 5.22201
12.93 5.22266
12.96 5.22332
12.99 5.22397
13.02 5.22463
13.05 5.22529
13.08 5.22594
13.11 5.2266
13.14 5.22726
13.17 5.22792
13.2 5.22858
13.23 5.22924
13.26 5.2299
13.29 5.23056
13.32 5.23122
13.35 5.23188
13.38 5.23254
13.41 5.2332
13.44 5.23387
13.47 5.23453
13.5 5.23519
13.53 5.23586
13.56 5.23652
13.59 5.23719
13.62 5.23786
13.65 5.23852
13.68 5.23919
13.71 5.23986
13.74 5.24053
13.77 5.24119
13.8 5.24186
13.83 5.24253
13.86 5.2432
13.89 5.24387
13.92 5.24455
13.95 5.24522
13.98 5.24589
14.01 5.24656
14.04 5.24724
14.07 5.24791
14.1 5.24858
14.13 5.24926
14.16 5.24994
14.19 5.25061
14.22 5.25129
14.25 5.25197
14.28 5.25264
14.31 5.25332
14.34 5.254
14.37 5.25468
14.4 5.25536
14.43 5.25604
14.46 5.25672
14.49 5.2574
14.52 5.25809
14.55 5.25877
14.58 5.25945
14.61 5.26013
14.64 5.26082
14.67 5.2615
14.7 5.26219
14.73 5.26288
14.76 5.26356
14.79 5.26425
14.82 5.26494
14.85 5.26562
14.88 5.26631
14.91 5.267
14.94 5.26769
14.97 5.26838
15 5.26907
15.03 5.26976
15.06 5.27046
15.09 5.27115
15.12 5.27184
15.15 5.27254
15.18 5.27323
15.21 5.27392
15.24 5.27462
15.27 5.27531
15.3 5.27601
15.33 5.27671
15.36 5.2774
15.39 5.2781
15.42 5.2788
15.45 5.2795
15.48 5.2802
15.51 5.2809
15.54 5.2816
15.57 5.2823
15.6 5.283
15.63 5.2837
15.66 5.2844
15.69 5.2851
15.72 5.28581
15.75 5.28651
15.78 5.28721
15.81 5.28792
15.84 5.28862
15.87 5.28933
15.9 5.29003
15.93 5.29074
15.96 5.29145
15.99 5.29215
16.02 5.29286
16.05 5.29357
16.08 5.29428
16.11 5.29499
16.14 5.2957
16.17 5.29641
16.2 5.29712
16.23 5.29783
16.26 5.29854
16.29 5.29925
16.32 5.29996
16.35 5.30067
16.38 5.30139
16.41 5.3021
16.44 5.30281
16.47 5.30352
16.5 5.30424
16.53 5.30495
16.56 5.30567
16.59 5.30638
16.62 5.3071
16.65 5.30781
16.68 5.30853
16.71 5.30925
16.74 5.30996
16.77 5.31068
16.8 5.3114
16.83 5.31212
16.86 5.31284
16.89 5.31355
16.92 5.31427
16.95 5.31499
16.98 5.31571
17.01 5.31643
17.04 5.31715
17.07 5.31787
17.1 5.31859
17.13 5.31931
17.16 5.32003
17.19 5.32076
17.22 5.32148
17.25 5.3222
17.28 5.32292
17.31 5.32364
17.34 5.32437
17.37 5.32509
17.4 5.32581
17.43 5.32654
17.46 5.32726
17.49 5.32798
17.52 5.32871
17.55 5.32943
17.58 5.33016
17.61 5.33088
17.64 5.33161
17.67 5.33233
17.7 5.33306
17.73 5.33378
17.76 5.33451
17.79 5.33523
17.82 5.33596
17.85 5.33669
17.88 5.33741
17.91 5.33814
17.94 5.33886
17.97 5.33959
18 5.34032
18.03 5.34105
18.06 5.34177
18.09 5.3425
18.12 5.34323
18.15 5.34396
18.18 5.34468
18.21 5.34541
18.24 5.34614
18.27 5.34687
18.3 5.34759
18.33 5.34832
18.36 5.34905
18.39 5.34978
18.42 5.35051
18.45 5.35124
18.48 5.35197
18.51 5.3527
18.54 5.35342
18.57 5.35415
18.6 5.35488
18.63 5.35561
18.66 5.35634
18.69 5.35707
18.72 5.3578
18.75 5.35853
18.78 5.35926
18.81 5.35999
18.84 5.36072
18.87 5.36145
18.9 5.36218
18.93 5.36291
18.96 5.36364
18.99 5.36437
19.02 5.3651
19.05 5.36583
19.08 5.36656
19.11 5.36729
19.14 5.36802
19.17 5.36875
19.2 5.36948
19.23 5.37021
19.26 5.37094
19.29 5.37167
19.32 5.3724
19.35 5.37313
19.38 5.37386
19.41 5.37459
19.44 5.37532
19.47 5.37605
19.5 5.37678
19.53 5.37751
19.56 5.37824
19.59 5.37898
19.62 5.37971
19.65 5.38044
19.68 5.38117
19.71 5.3819
19.74 5.38263
19.77 5.38336
19.8 5.38409
19.83 5.38482
19.86 5.38556
19.89 5.38629
19.92 5.38702
19.95 5.38775
19.98 5.38848
20.01 5.38921
20.04 5.38994
20.07 5.39068
20.1 5.39141
20.13 5.39214
20.16 5.39287
20.19 5.3936
20.22 5.39434
20.25 5.39507
20.28 5.3958
20.31 5.39653
20.34 5.39727
20.37 5.398
20.4 5.39873
20.43 5.39947
20.46 5.4002
20.49 5.40093
20.52 5.40167
20.55 5.4024
20.58 5.40313
20.61 5.40387
20.64 5.4046
20.67 5.40533
20.7 5.40607
20.73 5.4068
20.76 5.40754
20.79 5.40827
20.82 5.40901
20.85 5.40974
20.88 5.41048
20.91 5.41121
20.94 5.41195
20.97 5.41269
21 5.41342
21.03 5.41416
21.06 5.4149
21.09 5.41563
21.12 5.41637
21.15 5.41711
21.18 5.41785
21.21 5.41858
21.24 5.41932
21.27 5.42006
21.3 5.4208
21.33 5.42154
21.36 5.42228
21.39 5.42302
21.42 5.42376
21.45 5.4245
21.48 5.42524
21.51 5.42598
21.54 5.42673
21.57 5.42747
21.6 5.42821
21.63 5.42895
21.66 5.4297
21.69 5.43044
21.72 5.43119
21.75 5.43193
21.78 5.43268
21.81 5.43342
21.84 5.43417
21.87 5.43491
21.9 5.43566
21.93 5.43641
21.96 5.43716
21.99 5.43791
22.02 5.43866
22.05 5.43941
22.08 5.44016
22.11 5.44091
22.14 5.44166
22.17 5.44241
22.2 5.44316
22.23 5.44392
22.26 5.44467
22.29 5.44543
22.32 5.44618
22.35 5.44694
22.38 5.4477
22.41 5.44845
22.44 5.44921
22.47 5.44997
22.5 5.45073
22.53 5.45149
22.56 5.45225
22.59 5.45301
22.62 5.45378
22.65 5.45454
22.68 5.45531
22.71 5.45607
22.74 5.45684
22.77 5.4576
22.8 5.45837
22.83 5.45914
22.86 5.45991
22.89 5.46068
22.92 5.46145
22.95 5.46223
22.98 5.463
23.01 5.46377
23.04 5.46455
23.07 5.46533
23.1 5.4661
23.13 5.46688
23.16 5.46766
23.19 5.46844
23.22 5.46923
23.25 5.47001
23.28 5.47079
23.31 5.47158
23.34 5.47236
23.37 5.47315
23.4 5.47394
23.43 5.47473
23.46 5.47552
23.49 5.47631
23.52 5.47711
23.55 5.4779
23.58 5.4787
23.61 5.47949
23.64 5.48029
23.67 5.48109
23.7 5.48189
23.73 5.4827
23.76 5.4835
23.79 5.4843
23.82 5.48511
23.85 5.48592
23.88 5.48673
23.91 5.48754
23.94 5.48835
23.97 5.48916
24 5.48998
24.03 5.49079
24.06 5.49161
24.09 5.49243
24.12 5.49325
24.15 5.49407
24.18 5.4949
24.21 5.49572
24.24 5.49655
24.27 5.49738
24.3 5.49821
24.33 5.49904
24.36 5.49987
24.39 5.50071
24.42 5.50154
24.45 5.50238
24.48 5.50322
24.51 5.50406
24.54 5.50491
24.57 5.50575
24.6 5.5066
24.63 5.50745
24.66 5.5083
24.69 5.50915
24.72 5.51
24.75 5.51086
24.78 5.51171
24.81 5.51257
24.84 5.51343
24.87 5.5143
24.9 5.51516
24.93 5.51603
24.96 5.51689
24.99 5.51776
25.02 5.51864
25.05 5.51951
25.08 5.52038
25.11 5.52126
25.14 5.52214
25.17 5.52302
25.2 5.5239
25.23 5.52479
25.26 5.52567
25.29 5.52656
25.32 5.52745
25.35 5.52835
25.38 5.52924
25.41 5.53014
25.44 5.53103
25.47 5.53193
25.5 5.53284
25.53 5.53374
25.56 5.53465
25.59 5.53555
25.62 5.53646
25.65 5.53738
25.68 5.53829
25.71 5.5392
25.74 5.54012
25.77 5.54104
25.8 5.54196
25.83 5.54289
25.86 5.54381
25.89 5.54474
25.92 5.54567
25.95 5.5466
25.98 5.54753
26.01 5.54847
26.04 5.54941
26.07 5.55035
26.1 5.55129
26.13 5.55223
26.16 5.55318
26.19 5.55412
26.22 5.55507
26.25 5.55603
26.28 5.55698
26.31 5.55793
26.34 5.55889
26.37 5.55985
26.4 5.56081
26.43 5.56177
26.46 5.56274
26.49 5.5637
26.52 5.56467
26.55 5.56564
26.58 5.56662
26.61 5.56759
26.64 5.56857
26.67 5.56954
26.7 5.57052
26.73 5.5715
26.76 5.57249
26.79 5.57347
26.82 5.57446
26.85 5.57545
26.88 5.57644
26.91 5.57743
26.94 5.57842
26.97 5.57942
27 5.58042
27.03 5.58142
27.06 5.58242
27.09 5.58342
27.12 5.58442
27.15 5.58543
27.18 5.58643
27.21 5.58744
27.24 5.58845
27.27 5.58946
27.3 5.59048
27.33 5.59149
27.36 5.59251
27.39 5.59353
27.42 5.59454
27.45 5.59557
27.48 5.59659
27.51 5.59761
27.54 5.59863
27.57 5.59966
27.6 5.60069
27.63 5.60172
27.66 5.60275
27.69 5.60378
27.72 5.60481
27.75 5.60584
27.78 5.60688
27.81 5.60791
27.84 5.60895
27.87 5.60998
27.9 5.61102
27.93 5.61206
27.96 5.6131
27.99 5.61414
28.02 5.61519
28.05 5.61623
28.08 5.61727
28.11 5.61832
28.14 5.61936
28.17 5.62041
28.2 5.62146
28.23 5.6225
28.26 5.62355
28.29 5.6246
28.32 5.62565
28.35 5.6267
28.38 5.62775
28.41 5.6288
28.44 5.62985
28.47 5.6309
28.5 5.63196
28.53 5.63301
28.56 5.63406
28.59 5.63511
28.62 5.63617
28.65 5.63722
28.68 5.63827
28.71 5.63933
28.74 5.64038
28.77 5.64143
28.8 5.64249
28.83 5.64354
28.86 5.6446
28.89 5.64565
28.92 5.6467
28.95 5.64775
28.98 5.64881
29.01 5.64986
29.04 5.65091
29.07 5.65196
29.1 5.65301
29.13 5.65406
29.16 5.65511
29.19 5.65616
29.22 5.65721
29.25 5.65826
29.28 5.65931
29.31 5.66036
29.34 5.6614
29.37 5.66245
29.4 5.66349
29.43 5.66454
29.46 5.66558
29.49 5.66662
29.52 5.66766
29.55 5.6687
29.58 5.66974
29.61 5.67078
29.64 5.67182
29.67 5.67285
29.7 5.67389
29.73 5.67492
29.76 5.67595
29.79 5.67698
29.82 5.67801
29.85 5.67904
29.88 5.68006
29.91 5.68109
29.94 5.68211
29.97 5.68313
30 5.68415
30.001 5
