0 0
0.03 1.02662
0.06 1.0296
0.09 1.03257
0.12 1.03555
0.15 1.03852
0.18 1.04149
0.21 1.04446
0.24 1.04743
0.27 1.0504
0.3 1.05336
0.33 1.05632
0.36 1.05928
0.39 1.06224
0.42 1.06519
0.45 1.06814
0.48 1.07109
0.51 1.07403
0.54 1.07697
0.57 1.07991
0.6 1.08285
0.63 1.08578
0.66 1.08871
0.69 1.09163
0.72 1.09455
0.75 1.09747
0.78 1.10038
0.81 1.10329
0.84 1.1062
0.87 1.1091
0.9 1.11199
0.93 1.11488
0.96 1.11777
0.99 1.12065
1.02 1.12353
1.05 1.1264
1.08 1.12927
1.11 1.13213
1.14 1.13499
1.17 1.13784
1.2 1.14069
1.23 1.14353
1.26 1.14636
1.29 1.14919
1.32 1.15202
1.35 1.15484
1.38 1.15765
1.41 1.16046
1.44 1.16326
1.47 1.16605
1.5 1.16884
1.53 1.17163
1.56 1.1744
1.59 1.17717
1.62 1.17994
1.65 1.1827
1.68 1.18545
1.71 1.18819
1.74 1.19093
1.77 1.19366
1.8 1.19639
1.83 1.19911
1.86 1.20182
1.89 1.20453
1.92 1.20723
1.95 1.20992
1.98 1.2126
2.01 1.21528
2.04 1.21795
2.07 1.22062
2.1 1.22327
2.13 1.22592
2.16 1.22857
2.19 1.2312
2.22 1.23383
2.25 1.23645
2.28 1.23907
2.31 1.24167
2.34 1.24427
2.37 1.24687
2.4 1.24945
2.43 1.25203
2.46 1.2546
2.49 1.25716
2.52 1.25972
2.55 1.26227
2.58 1.26481
2.61 1.26734
2.64 1.26987
2.67 1.27239
2.7 1.2749
2.73 1.2774
2.76 1.2799
2.79 1.28239
2.82 1.28487
2.85 1.28734
2.88 1.28981
2.91 1.29227
2.94 1.29472
2.97 1.29717
3 1.2996
3.03 1.30203
3.06 1.30445
3.09 1.30687
3.12 1.30928
3.15 1.31168
3.18 1.31407
3.21 1.31645
3.24 1.31883
3.27 1.3212
3.3 1.32356
3.33 1.32592
3.36 1.32827
3.39 1.33061
3.42 1.33294
3.45 1.33527
3.48 1.33759
3.51 1.3399
3.54 1.3422
3.57 1.3445
3.6 1.34679
3.63 1.34907
3.66 1.35135
3.69 1.35362
3.72 1.35588
3.75 1.35813
3.78 1.36038
3.81 1.36262
3.84 1.36485
3.87 1.36708
3.9 1.3693
3.93 1.37151
3.96 1.37372
3.99 1.37591
4.02 1.37811
4.05 1.38029
4.08 1.38247
4.11 1.38464
4.14 1.38681
4.17 1.38897
4.2 1.39112
4.23 1.39326
4.26 1.3954
4.29 1.39753
4.32 1.39966
4.35 1.40178
4.38 1.40389
4.41 1.406
4.44 1.4081
4.47 1.41019
4.5 1.41228
4.53 1.41436
4.56 1.41644
4.59 1.4185
4.62 1.42057
4.65 1.42262
4.68 1.42468
4.71 1.42672
4.74 1.42876
4.77 1.43079
4.8 1.43282
4.83 1.43484
4.86 1.43686
4.89 1.43887
4.92 1.44087
4.95 1.44287
4.98 1.44486
5.01 1.44685
5.04 1.44883
5.07 1.45081
5.1 1.45278
5.13 1.45475
5.16 1.45671
5.19 1.45866
5.22 1.46061
5.25 1.46256
5.28 1.4645
5.31 1.46643
5.34 1.46836
5.37 1.47028
5.4 1.4722
5.43 1.47412
5.46 1.47603
5.49 1.47793
5.52 1.47983
5.55 1.48173
5.58 1.48362
5.61 1.48551
5.64 1.48739
5.67 1.48927
5.7 1.49114
5.73 1.49301
5.76 1.49487
5.79 1.49673
5.82 1.49858
5.85 1.50044
5.88 1.50228
5.91 1.50412
5.94 1.50596
5.97 1.5078
6 1.50963
6.03 1.51145
6.06 1.51328
6.09 1.5151
6.12 1.51691
6.15 1.51872
6.18 1.52053
6.21 1.52233
6.24 1.52413
6.27 1.52593
6.3 1.52772
6.33 1.52951
6.36 1.5313
6.39 1.53308
6.42 1.53486
6.45 1.53664
6.48 1.53841
6.51 1.54018
6.54 1.54195
6.57 1.54371
6.6 1.54547
6.63 1.54723
6.66 1.54899
6.69 1.55074
6.72 1.55249
6.75 1.55423
6.78 1.55598
6.81 1.55772
6.84 1.55946
6.87 1.56119
6.9 1.56293
6.93 1.56466
6.96 1.56638
6.99 1.56811
7.02 1.56983
7.05 1.57156
7.08 1.57327
7.11 1.57499
7.14 1.57671
7.17 1.57842
7.2 1.58013
7.23 1.58184
7.26 1.58354
7.29 1.58525
7.32 1.58695
7.35 1.58865
7.38 1.59035
7.41 1.59205
7.44 1.59375
7.47 1.59544
7.5 1.59713
7.53 1.59883
7.56 1.60052
7.59 1.6022
7.62 1.60389
7.65 1.60558
7.68 1.60726
7.71 1.60895
7.74 1.61063
7.77 1.61231
7.8 1.61399
7.83 1.61567
7.86 1.61735
7.89 1.61902
7.92 1.6207
7.95 1.62237
7.98 1.62405
8.01 1.62572
8.04 1.62739
8.07 1.62907
8.1 1.63074
8.13 1.63241
8.16 1.63408
8.19 1.63575
8.22 1.63742
8.25 1.63909
8.28 1.64076
8.31 1.64243
8.34 1.6441
8.37 1.64576
8.4 1.64743
8.43 1.6491
8.46 1.65077
8.49 1.65244
8.52 1.6541
8.55 1.65577
8.58 1.65744
8.61 1.65911
8.64 1.66078
8.67 1.66244
8.7 1.66411
8.73 1.66578
8.76 1.66745
8.79 1.66912
8.82 1.67079
8.85 1.67246
8.88 1.67414
8.91 1.67581
8.94 1.67748
8.97 1.67915
9 1.68083
9.03 1.6825
9.06 1.68418
9.09 1.68586
9.12 1.68753
9.15 1.68921
9.18 1.69089
9.21 1.69257
9.24 1.69426
9.27 1.69594
9.3 1.69762
9.33 1.69931
9.36 1.70099
9.39 1.70268
9.42 1.70437
9.45 1.70606
9.48 1.70775
9.51 1.70945
9.54 1.71114
9.57 1.71284
9.6 1.71454
9.63 1.71624
9.66 1.71794
9.69 1.71964
9.72 1.72134
9.75 1.72305
9.78 1.72476
9.81 1.72647
9.84 1.72818
9.87 1.7299
9.9 1.73161
9.93 1.73333
9.96 1.73505
9.99 1.73677
10.02 1.7385
10.05 1.74022
10.08 1.74195
10.11 1.74368
10.14 1.74542
10.17 1.74715
10.2 1.74889
10.23 1.75063
10.26 1.75237
10.29 1.75412
10.32 1.75586
10.35 1.75762
10.38 1.75937
10.41 1.76112
10.44 1.76288
10.47 1.76464
10.5 1.76641
10.53 1.76817
10.56 1.76994
10.59 1.77172
10.62 1.77349
10.65 1.77527
10.68 1.77705
10.71 1.77883
10.74 1.78062
10.77 1.78241
10.8 1.7842
10.83 1.786
10.86 1.7878
10.89 1.7896
10.92 1.79141
10.95 1.79322
10.98 1.79503
11.01 1.79685
11.04 1.79867
11.07 1.80049
11.1 1.80232
11.13 1.80415
11.16 1.80598
11.19 1.80782
11.22 1.80966
11.25 1.8115
11.28 1.81335
11.31 1.8152
11.34 1.81706
11.37 1.81892
11.4 1.82078
11.43 1.82265
11.46 1.82452
11.49 1.82639
11.52 1.82827
11.55 1.83015
11.58 1.83204
11.61 1.83393
11.64 1.83583
11.67 1.83772
11.7 1.83963
11.73 1.84154
11.76 1.84345
11.79 1.84536
11.82 1.84728
11.85 1.84921
11.88 1.85114
11.91 1.85307
11.94 1.85501
11.97 1.85695
12 1.8589
12.03 1.86085
12.06 1.8628
12.09 1.86476
12.12 1.86673
12.15 1.8687
12.18 1.87067
12.21 1.87265
12.24 1.87463
12.27 1.87662
12.3 1.87862
12.33 1.88062
12.36 1.88262
12.39 1.88463
12.42 1.88664
12.45 1.88866
12.48 1.89068
12.51 1.89271
12.54 1.89474
12.57 1.89678
12.6 1.89883
12.63 1.90087
12.66 1.90293
12.69 1.90499
12.72 1.90705
12.75 1.90912
12.78 1.9112
12.81 1.91328
12.84 1.91537
12.87 1.91746
12.9 1.91956
12.93 1.92166
12.96 1.92377
12.99 1.92589
13.02 1.92801
13.05 1.93013
13.08 1.93226
13.11 1.9344
13.14 1.93655
13.17 1.9387
13.2 1.94085
13.23 1.94301
13.26 1.94518
13.29 1.94736
13.32 1.94954
13.35 1.95172
13.38 1.95391
13.41 1.95611
13.44 1.95832
13.47 1.96053
13.5 1.96275
13.53 1.96497
13.56 1.9672
13.59 1.96944
13.62 1.97169
13.65 1.97394
13.68 1.9762
13.71 1.97846
13.74 1.98073
13.77 1.98301
13.8 1.98529
13.83 1.98759
13.86 1.98989
13.89 1.99219
13.92 1.99451
13.95 1.99683
13.98 1.99916
14.01 2.00149
14.04 2.00384
14.07 2.00619
14.1 2.00855
14.13 2.01091
14.16 2.01328
14.19 2.01567
14.22 2.01806
14.25 2.02045
14.28 2.02286
14.31 2.02527
14.34 2.02769
14.37 2.03012
14.4 2.03256
14.43 2.03501
14.46 2.03746
14.49 2.03993
14.52 2.0424
14.55 2.04488
14.58 2.04737
14.61 2.04987
14.64 2.05238
14.67 2.05489
14.7 2.05742
14.73 2.05996
14.76 2.0625
14.79 2.06506
14.82 2.06762
14.85 2.07019
14.88 2.07278
14.91 2.07537
14.94 2.07798
14.97 2.08059
15 2.08321
15.03 2.08585
15.06 2.08849
15.09 2.09115
15.12 2.09382
15.15 2.09649
15.18 2.09918
15.21 2.10188
15.24 2.10459
15.27 2.10732
15.3 2.11005
15.33 2.1128
15.36 2.11555
15.39 2.11832
15.42 2.12111
15.45 2.1239
15.48 2.12671
15.51 2.12953
15.54 2.13236
15.57 2.13521
15.6 2.13806
15.63 2.14094
15.66 2.14382
15.69 2.14672
15.72 2.14964
15.75 2.15256
15.78 2.15551
15.81 2.15846
15.84 2.16143
15.87 2.16442
15.9 2.16742
15.93 2.17044
15.96 2.17347
15.99 2.17652
16.02 2.17959
16.05 2.18267
16.08 2.18577
16.11 2.18888
16.14 2.19201
16.17 2.19516
16.2 2.19833
16.23 2.20151
16.26 2.20471
16.29 2.20793
16.32 2.21117
16.35 2.21443
16.38 2.21771
16.41 2.221
16.44 2.22432
16.47 2.22766
16.5 2.23102
16.53 2.23439
16.56 2.23779
16.59 2.24121
16.62 2.24465
16.65 2.24812
16.68 2.2516
16.71 2.25511
16.74 2.25865
16.77 2.2622
16.8 2.26578
16.83 2.26938
16.86 2.27301
16.89 2.27666
16.92 2.28034
16.95 2.28405
16.98 2.28777
17.01 2.29153
17.04 2.29531
17.07 2.29912
17.1 2.30296
17.13 2.30683
17.16 2.31072
17.19 2.31464
17.22 2.3186
17.25 2.32258
17.28 2.32659
17.31 2.33063
17.34 2.33471
17.37 2.33882
17.4 2.34295
17.43 2.34712
17.46 2.35133
17.49 2.35556
17.52 2.35983
17.55 2.36414
17.58 2.36848
17.61 2.37286
17.64 2.37727
17.67 2.38171
17.7 2.3862
17.73 2.39072
17.76 2.39528
17.79 2.39988
17.82 2.40452
17.85 2.40919
17.88 2.41391
17.91 2.41867
17.94 2.42346
17.97 2.4283
18 2.43318
18.03 2.43811
18.06 2.44307
18.09 2.44808
18.12 2.45313
18.15 2.45823
18.18 2.46337
18.21 2.46856
18.24 2.4738
18.27 2.47908
18.3 2.4844
18.33 2.48978
18.36 2.4952
18.39 2.50067
18.42 2.50619
18.45 2.51175
18.48 2.51737
18.51 2.52304
18.54 2.52876
18.57 2.53452
18.6 2.54034
18.63 2.54621
18.66 2.55214
18.69 2.55811
18.72 2.56414
18.75 2.57022
18.78 2.57635
18.81 2.58254
18.84 2.58878
18.87 2.59507
18.9 2.60142
18.93 2.60782
18.96 2.61428
18.99 2.62079
19.02 2.62735
19.05 2.63397
19.08 2.64065
19.11 2.64738
19.14 2.65417
19.17 2.66101
19.2 2.6679
19.23 2.67485
19.26 2.68186
19.29 2.68892
19.32 2.69604
19.35 2.70321
19.38 2.71043
19.41 2.71771
19.44 2.72504
19.47 2.73242
19.5 2.73986
19.53 2.74735
19.56 2.75489
19.59 2.76249
19.62 2.77013
19.65 2.77783
19.68 2.78557
19.71 2.79337
19.74 2.80121
19.77 2.80911
19.8 2.81705
19.83 2.82503
19.86 2.83306
19.89 2.84114
19.92 2.84926
19.95 2.85742
19.98 2.86563
20.01 2.87387
20.04 2.88216
20.07 2.89048
20.1 2.89884
20.13 2.90724
20.16 2.91567
20.19 2.92413
20.22 2.93263
20.25 2.94116
20.28 2.94972
20.31 2.95831
20.34 2.96692
20.37 2.97556
20.4 2.98422
20.43 2.9929
20.46 3.00161
20.49 3.01033
20.52 3.01907
20.55 3.02782
20.58 3.03659
20.61 3.04537
20.64 3.05416
20.67 3.06296
20.7 3.07177
20.73 3.08058
20.76 3.0894
20.79 3.09821
20.82 3.10703
20.85 3.11584
20.88 3.12465
20.91 3.13345
20.94 3.14224
20.97 3.15103
21 3.1598
21.03 3.16856
21.06 3.17731
21.09 3.18603
21.12 3.19474
21.15 3.20343
21.18 3.21209
21.21 3.22073
21.24 3.22935
21.27 3.23794
21.3 3.24649
21.33 3.25502
21.36 3.26351
21.39 3.27197
21.42 3.2804
21.45 3.28878
21.48 3.29713
21.51 3.30543
21.54 3.3137
21.57 3.32192
21.6 3.33009
21.63 3.33822
21.66 3.3463
21.69 3.35434
21.72 3.36232
21.75 3.37025
21.78 3.37813
21.81 3.38595
21.84 3.39373
21.87 3.40144
21.9 3.4091
21.93 3.4167
21.96 3.42424
21.99 3.43173
22.02 3.43915
22.05 3.44651
22.08 3.45381
22.11 3.46105
22.14 3.46822
22.17 3.47533
22.2 3.48238
22.23 3.48937
22.26 3.49628
22.29 3.50314
22.32 3.50992
22.35 3.51664
22.38 3.5233
22.41 3.52988
22.44 3.5364
22.47 3.54286
22.5 3.54924
22.53 3.55556
22.56 3.56181
22.59 3.56799
22.62 3.57411
22.65 3.58016
22.68 3.58614
22.71 3.59205
22.74 3.59789
22.77 3.60367
22.8 3.60938
22.83 3.61503
22.86 3.6206
22.89 3.62612
22.92 3.63156
22.95 3.63694
22.98 3.64225
23.01 3.6475
23.04 3.65268
23.07 3.6578
23.1 3.66286
23.13 3.66785
23.16 3.67278
23.19 3.67764
23.22 3.68244
23.25 3.68718
23.28 3.69186
23.31 3.69648
23.34 3.70104
23.37 3.70553
23.4 3.70997
23.43 3.71435
23.46 3.71867
23.49 3.72293
23.52 3.72714
23.55 3.73128
23.58 3.73537
23.61 3.73941
23.64 3.74339
23.67 3.74732
23.7 3.75119
23.73 3.75501
23.76 3.75877
23.79 3.76249
23.82 3.76615
23.85 3.76976
23.88 3.77332
23.91 3.77683
23.94 3.78029
23.97 3.78371
24 3.78707
24.03 3.79039
24.06 3.79366
24.09 3.79688
24.12 3.80006
24.15 3.80319
24.18 3.80628
24.21 3.80932
24.24 3.81232
24.27 3.81528
24.3 3.8182
24.33 3.82107
24.36 3.8239
24.39 3.82669
24.42 3.82944
24.45 3.83216
24.48 3.83483
24.51 3.83746
24.54 3.84006
24.57 3.84262
24.6 3.84514
24.63 3.84762
24.66 3.85007
24.69 3.85249
24.72 3.85487
24.75 3.85721
24.78 3.85952
24.81 3.8618
24.84 3.86404
24.87 3.86625
24.9 3.86843
24.93 3.87058
24.96 3.8727
24.99 3.87479
25.02 3.87684
25.05 3.87887
25.08 3.88087
25.11 3.88283
25.14 3.88477
25.17 3.88669
25.2 3.88857
25.23 3.89043
25.26 3.89226
25.29 3.89406
25.32 3.89584
25.35 3.89759
25.38 3.89932
25.41 3.90102
25.44 3.90269
25.47 3.90435
25.5 3.90598
25.53 3.90758
25.56 3.90916
25.59 3.91072
25.62 3.91226
25.65 3.91378
25.68 3.91527
25.71 3.91674
25.74 3.91819
25.77 3.91962
25.8 3.92103
25.83 3.92242
25.86 3.92379
25.89 3.92514
25.92 3.92648
25.95 3.92779
25.98 3.92908
26.01 3.93036
26.04 3.93161
26.07 3.93285
26.1 3.93407
26.13 3.93528
26.16 3.93646
26.19 3.93763
26.22 3.93879
26.25 3.93992
26.28 3.94104
26.31 3.94215
26.34 3.94324
26.37 3.94431
26.4 3.94537
26.43 3.94642
26.46 3.94744
26.49 3.94846
26.52 3.94946
26.55 3.95045
26.58 3.95142
26.61 3.95238
26.64 3.95332
26.67 3.95426
26.7 3.95518
26.73 3.95608
26.76 3.95698
26.79 3.95786
26.82 3.95873
26.85 3.95958
26.88 3.96043
26.91 3.96126
26.94 3.96208
26.97 3.96289
27 3.96369
27.03 3.96448
27.06 3.96526
27.09 3.96602
27.12 3.96678
27.15 3.96752
27.18 3.96826
27.21 3.96898
27.24 3.9697
27.27 3.9704
27.3 3.9711
27.33 3.97178
27.36 3.97246
27.39 3.97313
27.42 3.97378
27.45 3.97443
27.48 3.97507
27.51 3.9757
27.54 3.97632
27.57 3.97694
27.6 3.97754
27.63 3.97814
27.66 3.97873
27.69 3.97931
27.72 3.97988
27.75 3.98045
27.78 3.98101
27.81 3.98155
27.84 3.9821
27.87 3.98263
27.9 3.98316
27.93 3.98368
27.96 3.98419
27.99 3.9847
28.02 3.9852
28.05 3.98569
28.08 3.98618
28.11 3.98666
28.14 3.98713
28.17 3.98759
28.2 3.98805
28.23 3.98851
28.26 3.98896
28.29 3.9894
28.32 3.98983
28.35 3.99026
28.38 3.99069
28.41 3.9911
28.44 3.99152
28.47 3.99192
28.5 3.99232
28.53 3.99272
28.56 3.99311
28.59 3.9935
28.62 3.99388
28.65 3.99425
28.68 3.99462
28.71 3.99498
28.74 3.99534
28.77 3.9957
28.8 3.99605
28.83 3.99639
28.86 3.99673
28.89 3.99707
28.92 3.9974
28.95 3.99773
28.98 3.99805
29.01 3.99837
29.04 3.99868
29.07 3.99899
29.1 3.9993
29.13 3.9996
29.16 3.9999
29.19 4.00019
29.22 4.00048
29.25 4.00076
29.28 4.00105
29.31 4.00132
29.34 4.0016
29.37 4.00187
29.4 4.00213
29.43 4.0024
29.46 4.00266
29.49 4.00291
29.52 4.00316
29.55 4.00341
29.58 4.00366
29.61 4.0039
29.64 4.00414
29.67 4.00437
29.7 4.00461
29.73 4.00483
29.76 4.00506
29.79 4.00528
29.82 4.0055
29.85 4.00572
29.88 4.00593
29.91 4.00614
29.94 4.00635
29.97 4.00656
30 4.00676
30.001 0
