0 -10
0.03 -8.76555
0.06 -8.76492
0.09 -8.76429
0.12 -8.76366
0.15 -8.76304
0.18 -8.76241
0.21 -8.76179
0.24 -8.76117
0.27 -8.76055
0.3 -8.75993
0.33 -8.75931
0.36 -8.7587
0.39 -8.75809
0.42 -8.75748
0.45 -8.75687
0.48 -8.75626
0.51 -8.75566
0.54 -8.75506
0.57 -8.75446
0.6 -8.75386
0.63 -8.75326
0.66 -8.75267
0.69 -8.75207
0.72 -8.75148
0.75 -8.75089
0.78 -8.75031
0.81 -8.74972
0.84 -8.74914
0.87 -8.74856
0.9 -8.74798
0.93 -8.74741
0.96 -8.74683
0.99 -8.74626
1.02 -8.74569
1.05 -8.74512
1.08 -8.74456
1.11 -8.74399
1.14 -8.74343
1.17 -8.74287
1.2 -8.74232
1.23 -8.74176
1.26 -8.74121
1.29 -8.74066
1.32 -8.74011
1.35 -8.73957
1.38 -8.73902
1.41 -8.73848
1.44 -8.73794
1.47 -8.73741
1.5 -8.73687
1.53 -8.73634
1.56 -8.73581
1.59 -8.73528
1.62 -8.73476
1.65 -8.73424
1.68 -8.73371
1.71 -8.7332
1.74 -8.73268
1.77 -8.73217
1.8 -8.73165
1.83 -8.73114
1.86 -8.73064
1.89 -8.73013
1.92 -8.72963
1.95 -8.72913
1.98 -8.72863
2.01 -8.72813
2.04 -8.72764
2.07 -8.72715
2.1 -8.72666
2.13 -8.72617
2.16 -8.72569
2.19 -8.72521
2.22 -8.72473
2.25 -8.72425
2.28 -8.72377
2.31 -8.7233
2.34 -8.72283
2.37 -8.72236
2.4 -8.72189
2.43 -8.72143
2.46 -8.72096
2.49 -8.7205
2.52 -8.72005
2.55 -8.71959
2.58 -8.71914
2.61 -8.71868
2.64 -8.71823
2.67 -8.71779
2.7 -8.71734
2.73 -8.7169
2.76 -8.71646
2.79 -8.71602
2.82 -8.71558
2.85 -8.71515
2.88 -8.71471
2.91 -8.71428
2.94 -8.71385
2.97 -8.71343
3 -8.713
3.03 -8.71258
3.06 -8.71216
3.09 -8.71174
3.12 -8.71133
3.15 -8.71091
3.18 -8.7105
3.21 -8.71009
3.24 -8.70968
3.27 -8.70927
3.3 -8.70887
3.33 -8.70847
3.36 -8.70807
3.39 -8.70767
3.42 -8.70727
3.45 -8.70688
3.48 -8.70648
3.51 -8.70609
3.54 -8.7057
3.57 -8.70532
3.6 -8.70493
3.63 -8.70455
3.66 -8.70417
3.69 -8.70379
3.72 -8.70341
3.75 -8.70303
3.78 -8.70266
3.81 -8.70228
3.84 -8.70191
3.87 -8.70154
3.9 -8.70118
3.93 -8.70081
3.96 -8.70045
3.99 -8.70008
4.02 -8.69972
4.05 -8.69936
4.08 -8.69901
4.11 -8.69865
4.14 -8.6983
4.17 -8.69794
4.2 -8.69759
4.23 -8.69724
4.26 -8.69689
4.29 -8.69655
4.32 -8.6962
4.35 -8.69586
4.38 -8.69552
4.41 -8.69518
4.44 -8.69484
4.47 -8.6945
4.5 -8.69417
4.53 -8.69384
4.56 -8.6935
4.59 -8.69317
4.62 -8.69284
4.65 -8.69251
4.68 -8.69219
4.71 -8.69186
4.74 -8.69154
4.77 -8.69122
4.8 -8.6909
4.83 -8.69058
4.86 -8.69026
4.89 -8.68994
4.92 -8.68962
4.95 -8.68931
4.98 -8.689
5.01 -8.68869
5.04 -8.68838
5.07 -8.68807
5.1 -8.68776
5.13 -8.68745
5.16 -8.68715
5.19 -8.68684
5.22 -8.68654
5.25 -8.68624
5.28 -8.68594
5.31 -8.68564
5.34 -8.68534
5.37 -8.68504
5.4 -8.68475
5.43 -8.68445
5.46 -8.68416
5.49 -8.68387
5.52 -8.68358
5.55 -8.68329
5.58 -8.683
5.61 -8.68271
5.64 -8.68242
5.67 -8.68214
5.7 -8.68185
5.73 -8.68157
5.76 -8.68129
5.79 -8.68101
5.82 -8.68073
5.85 -8.68045
5.88 -8.68017
5.91 -8.67989
5.94 -8.67961
5.97 -8.67934
6 -8.67906
6.03 -8.67879
6.06 -8.67852
6.09 -8.67824
6.12 -8.67797
6.15 -8.6777
6.18 -8.67743
6.21 -8.67717
6.24 -8.6769
6.27 -8.67663
6.3 -8.67637
6.33 -8.6761
6.36 -8.67584
6.39 -8.67557
6.42 -8.67531
6.45 -8.67505
6.48 -8.67479
6.51 -8.67453
6.54 -8.67427
6.57 -8.67401
6.6 -8.67375
6.63 -8.6735
6.66 -8.67324
6.69 -8.67298
6.72 -8.67273
6.75 -8.67248
6.78 -8.67222
6.81 -8.67197
6.84 -8.67172
6.87 -8.67147
6.9 -8.67122
6.93 -8.67097
6.96 -8.67072
6.99 -8.67047
7.02 -8.67022
7.05 -8.66997
7.08 -8.66973
7.11 -8.66948
7.14 -8.66923
7.17 -8.66899
7.2 -8.66874
7.23 -8.6685
7.26 -8.66826
7.29 -8.66801
7.32 -8.66777
7.35 -8.66753
7.38 -8.66729
7.41 -8.66705
7.44 -8.66681
7.47 -8.66657
7.5 -8.66633
7.53 -8.66609
7.56 -8.66585
7.59 -8.66561
7.62 -8.66538
7.65 -8.66514
7.68 -8.6649
7.71 -8.66467
7.74 -8.66443
7.77 -8.6642
7.8 -8.66396
7.83 -8.66373
7.86 -8.66349
7.89 -8.66326
7.92 -8.66303
7.95 -8.6628
7.98 -8.66256
8.01 -8.66233
8.04 -8.6621
8.07 -8.66187
8.1 -8.66164
8.13 -8.66141
8.16 -8.66118
8.19 -8.66095
8.22 -8.66072
8.25 -8.66049
8.28 -8.66026
8.31 -8.66003
8.34 -8.6598
8.37 -8.65958
8.4 -8.65935
8.43 -8.65912
8.46 -8.65889
8.49 -8.65867
8.52 -8.65844
8.55 -8.65822
8.58 -8.65799
8.61 -8.65776
8.64 -8.65754
8.67 -8.65731
8.7 -8.65709
8.73 -8.65686
8.76 -8.65664
8.79 -8.65641
8.82 -8.65619
8.85 -8.65597
8.88 -8.65574
8.91 -8.65552
8.94 -8.65529
8.97 -8.65507
9 -8.65485
9.03 -8.65463
9.06 -8.6544
9.09 -8.65418
9.12 -8.65396
9.15 -8.65374
9.18 -8.65351
9.21 -8.65329
9.24 -8.65307
9.27 -8.65285
9.3 -8.65263
9.33 -8.6524
9.36 -8.65218
9.39 -8.65196
9.42 -8.65174
9.45 -8.65152
9.48 -8.6513
9.51 -8.65108
9.54 -8.65085
9.57 -8.65063
9.6 -8.65041
9.63 -8.65019
9.66 -8.64997
9.69 -8.64975
9.72 -8.64953
9.75 -8.64931
9.78 -8.64909
9.81 -8.64887
9.84 -8.64865
9.87 -8.64843
9.9 -8.64821
9.93 -8.64799
9.96 -8.64777
9.99 -8.64755
10.02 -8.64733
10.05 -8.64711
10.08 -8.64689
10.11 -8.64666
10.14 -8.64644
10.17 -8.64622
10.2 -8.646
10.23 -8.64578
10.26 -8.64556
10.29 -8.64534
10.32 -8.64512
10.35 -8.6449
10.38 -8.64468
10.41 -8.64446
10.44 -8.64424
10.47 -8.64402
10.5 -8.6438
10.53 -8.64358
10.56 -8.64336
10.59 -8.64314
10.62 -8.64291
10.65 -8.64269
10.68 -8.64247
10.71 -8.64225
10.74 -8.64203
10.77 -8.64181
10.8 -8.64159
10.83 -8.64137
10.86 -8.64114
10.89 -8.64092
10.92 -8.6407
10.95 -8.64048
10.98 -8.64026
11.01 -8.64004
11.04 -8.63981
11.07 -8.63959
11.1 -8.63937
11.13 -8.63915
11.16 -8.63892
11.19 -8.6387
11.22 -8.63848
11.25 -8.63826
11.28 -8.63803
11.31 -8.63781
11.34 -8.63759
11.37 -8.63736
11.4 -8.63714
11.43 -8.63692
11.46 -8.63669
11.49 -8.63647
11.52 -8.63625
11.55 -8.63602
11.58 -8.6358
11.61 -8.63557
11.64 -8.63535
11.67 -8.63513
11.7 -8.6349
11.73 -8.63468
11.76 -8.63445
11.79 -8.63423
11.82 -8.634
11.85 -8.63378
11.88 -8.63355
11.91 -8.63333
11.94 -8.6331
11.97 -8.63287
12 -8.63265
12.03 -8.63242
12.06 -8.6322
12.09 -8.63197
12.12 -8.63174
12.15 -8.63152
12.18 -8.63129
12.21 -8.63106
12.24 -8.63084
12.27 -8.63061
12.3 -8.63038
12.33 -8.63015
12.36 -8.62993
12.39 -8.6297
12.42 -8.62947
12.45 -8.62924
12.48 -8.62901
12.51 -8.62879
12.54 -8.62856
12.57 -8.62833
12.6 -8.6281
12.63 -8.62787
12.66 -8.62764
12.69 -8.62741
12.72 -8.62718
12.75 -8.62695
12.78 -8.62672
12.81 -8.62649
12.84 -8.62626
12.87 -8.62603
12.9 -8.6258
12.93 -8.62557
12.96 -8.62534
12.99 -8.62511
13.02 -8.62488
13.05 -8.62465
13.08 -8.62442
13.11 -8.62419
13.14 -8.62396
13.17 -8.62373
13.2 -8.62349
13.23 -8.62326
13.26 -8.62303
13.29 -8.6228
13.32 -8.62257
13.35 -8.62233
13.38 -8.6221
13.41 -8.62187
13.44 -8.62164
13.47 -8.6214
13.5 -8.62117
13.53 -8.62094
13.56 -8.62071
13.59 -8.62047
13.62 -8.62024
13.65 -8.62001
13.68 -8.61977
13.71 -8.61954
13.74 -8.61931
13.77 -8.61907
13.8 -8.61884
13.83 -8.6186
13.86 -8.61837
13.89 -8.61814
13.92 -8.6179
13.95 -8.61767
13.98 -8.61743
14.01 -8.6172
14.04 -8.61696
14.07 -8.61673
14.1 -8.61649
14.13 -8.61626
14.16 -8.61602
14.19 -8.61579
14.22 -8.61555
14.25 -8.61532
14.28 -8.61508
14.31 -8.61485
14.34 -8.61461
14.37 -8.61438
14.4 -8.61414
14.43 -8.61391
14.46 -8.61367
14.49 -8.61344
14.52 -8.6132
14.55 -8.61296
14.58 -8.61273
14.61 -8.61249
14.64 -8.61226
14.67 -8.61202
14.7 -8.61178
14.73 -8.61155
14.76 -8.61131
14.79 -8.61108
14.82 -8.61084
14.85 -8.6106
14.88 -8.61037
14.91 -8.61013
14.94 -8.6099
14.97 -8.60966
15 -8.60942
15.03 -8.60919
15.06 -8.60895
15.09 -8.60871
15.12 -8.60848
15.15 -8.60824
15.18 -8.608
15.21 -8.60777
15.24 -8.60753
15.27 -8.6073
15.3 -8.60706
15.33 -8.60682
15.36 -8.60659
15.39 -8.60635
15.42 -8.60611
15.45 -8.60588
15.48 -8.60564
15.51 -8.60541
15.54 -8.60517
15.57 -8.60493
15.6 -8.6047
15.63 -8.60446
15.66 -8.60423
15.69 -8.60399
15.72 -8.60375
15.75 -8.60352
15.78 -8.60328
15.81 -8.60305
15.84 -8.60281
15.87 -8.60258
15.9 -8.60234
15.93 -8.6021
15.96 -8.60187
15.99 -8.60163
16.02 -8.6014
16.05 -8.60116
16.08 -8.60093
16.11 -8.60069
16.14 -8.60046
16.17 -8.60022
16.2 -8.59999
16.23 -8.59975
16.26 -8.59952
16.29 -8.59929
16.32 -8.59905
16.35 -8.59882
16.38 -8.59858
16.41 -8.59835
16.44 -8.59812
16.47 -8.59788
16.5 -8.59765
16.53 -8.59741
16.56 -8.59718
16.59 -8.59695
16.62 -8.59671
16.65 -8.59648
16.68 -8.59625
16.71 -8.59602
16.74 -8.59578
16.77 -8.59555
16.8 -8.59532
16.83 -8.59509
16.86 -8.59486
16.89 -8.59462
16.92 -8.59439
16.95 -8.59416
16.98 -8.59393
17.01 -8.5937
17.04 -8.59347
17.07 -8.59324
17.1 -8.59301
17.13 -8.59278
17.16 -8.59255
17.19 -8.59232
17.22 -8.59209
17.25 -8.59186
17.28 -8.59163
17.31 -8.5914
17.34 -8.59117
17.37 -8.59094
17.4 -8.59072
17.43 -8.59049
17.46 -8.59026
17.49 -8.59003
17.52 -8.58981
17.55 -8.58958
17.58 -8.58936
17.61 -8.58913
17.64 -8.5889
17.67 -8.58868
17.7 -8.58846
17.73 -8.58823
17.76 -8.58801
17.79 -8.58778
17.82 -8.58756
17.85 -8.58734
17.88 -8.58712
17.91 -8.5869
17.94 -8.58667
17.97 -8.58645
18 -8.58623
18.03 -8.58601
18.06 -8.58579
18.09 -8.58558
18.12 -8.58536
18.15 -8.58514
18.18 -8.58493
18.21 -8.58471
18.24 -8.58449
18.27 -8.58428
18.3 -8.58407
18.33 -8.58385
18.36 -8.58364
18.39 -8.58343
18.42 -8.58322
18.45 -8.58301
18.48 -8.5828
18.51 -8.58259
18.54 -8.58239
18.57 -8.58218
18.6 -8.58198
18.63 -8.58177
18.66 -8.58157
18.69 -8.58137
18.72 -8.58117
18.75 -8.58097
18.78 -8.58077
18.81 -8.58057
18.84 -8.58038
18.87 -8.58018
18.9 -8.57999
18.93 -8.5798
18.96 -8.57961
18.99 -8.57942
19.02 -8.57924
19.05 -8.57905
19.08 -8.57887
19.11 -8.57869
19.14 -8.57851
19.17 -8.57833
19.2 -8.57816
19.23 -8.57799
19.26 -8.57782
19.29 -8.57765
19.32 -8.57748
19.35 -8.57732
19.38 -8.57715
19.41 -8.57699
19.44 -8.57684
19.47 -8.57668
19.5 -8.57653
19.53 -8.57638
19.56 -8.57624
19.59 -8.57609
19.62 -8.57595
19.65 -8.57581
19.68 -8.57568
19.71 -8.57555
19.74 -8.57542
19.77 -8.5753
19.8 -8.57517
19.83 -8.57506
19.86 -8.57494
19.89 -8.57483
19.92 -8.57472
19.95 -8.57462
19.98 -8.57452
20.01 -8.57443
20.04 -8.57434
20.07 -8.57425
20.1 -8.57417
20.13 -8.57409
20.16 -8.57401
20.19 -8.57395
20.22 -8.57388
20.25 -8.57382
20.28 -8.57376
20.31 -8.57371
20.34 -8.57367
20.37 -8.57363
20.4 -8.57359
20.43 -8.57356
20.46 -8.57354
20.49 -8.57352
20.52 -8.5735
20.55 -8.57349
20.58 -8.57349
20.61 -8.57349
20.64 -8.5735
20.67 -8.57352
20.7 -8.57354
20.73 -8.57356
20.76 -8.57359
20.79 -8.57363
20.82 -8.57367
20.85 -8.57372
20.88 -8.57378
20.91 -8.57384
20.94 -8.57391
20.97 -8.57398
21 -8.57406
21.03 -8.57415
21.06 -8.57425
21.09 -8.57435
21.12 -8.57445
21.15 -8.57457
21.18 -8.57469
21.21 -8.57481
21.24 -8.57494
21.27 -8.57508
21.3 -8.57523
21.33 -8.57538
21.36 -8.57554
21.39 -8.57571
21.42 -8.57588
21.45 -8.57606
21.48 -8.57624
21.51 -8.57643
21.54 -8.57663
21.57 -8.57684
21.6 -8.57705
21.63 -8.57726
21.66 -8.57749
21.69 -8.57772
21.72 -8.57795
21.75 -8.57819
21.78 -8.57844
21.81 -8.5787
21.84 -8.57896
21.87 -8.57922
21.9 -8.5795
21.93 -8.57977
21.96 -8.58006
21.99 -8.58035
22.02 -8.58064
22.05 -8.58094
22.08 -8.58125
22.11 -8.58156
22.14 -8.58187
22.17 -8.5822
22.2 -8.58252
22.23 -8.58285
22.26 -8.58319
22.29 -8.58353
22.32 -8.58388
22.35 -8.58423
22.38 -8.58458
22.41 -8.58494
22.44 -8.5853
22.47 -8.58567
22.5 -8.58604
22.53 -8.58642
22.56 -8.5868
22.59 -8.58718
22.62 -8.58757
22.65 -8.58796
22.68 -8.58835
22.71 -8.58875
22.74 -8.58915
22.77 -8.58955
22.8 -8.58996
22.83 -8.59036
22.86 -8.59078
22.89 -8.59119
22.92 -8.59161
22.95 -8.59203
22.98 -8.59245
23.01 -8.59287
23.04 -8.5933
23.07 -8.59372
23.1 -8.59415
23.13 -8.59459
23.16 -8.59502
23.19 -8.59545
23.22 -8.59589
23.25 -8.59633
23.28 -8.59677
23.31 -8.59721
23.34 -8.59765
23.37 -8.59809
23.4 -8.59853
23.43 -8.59898
23.46 -8.59942
23.49 -8.59987
23.52 -8.60032
23.55 -8.60076
23.58 -8.60121
23.61 -8.60166
23.64 -8.60211
23.67 -8.60255
23.7 -8.603
23.73 -8.60345
23.76 -8.6039
23.79 -8.60435
23.82 -8.6048
23.85 -8.60524
23.88 -8.60569
23.91 -8.60614
23.94 -8.60659
23.97 -8.60703
24 -8.60748
24.03 -8.60793
24.06 -8.60837
24.09 -8.60882
24.12 -8.60926
24.15 -8.6097
24.18 -8.61015
24.21 -8.61059
24.24 -8.61103
24.27 -8.61147
24.3 -8.61191
24.33 -8.61235
24.36 -8.61278
24.39 -8.61322
24.42 -8.61365
24.45 -8.61409
24.48 -8.61452
24.51 -8.61495
24.54 -8.61538
24.57 -8.61581
24.6 -8.61624
24.63 -8.61666
24.66 -8.61709
24.69 -8.61751
24.72 -8.61793
24.75 -8.61835
24.78 -8.61877
24.81 -8.61919
24.84 -8.61961
24.87 -8.62002
24.9 -8.62043
24.93 -8.62084
24.96 -8.62125
24.99 -8.62166
25.02 -8.62207
25.05 -8.62248
25.08 -8.62288
25.11 -8.62328
25.14 -8.62368
25.17 -8.62408
25.2 -8.62448
25.23 -8.62487
25.26 -8.62527
25.29 -8.62566
25.32 -8.62605
25.35 -8.62644
25.38 -8.62682
25.41 -8.62721
25.44 -8.62759
25.47 -8.62797
25.5 -8.62835
25.53 -8.62873
25.56 -8.62911
25.59 -8.62948
25.62 -8.62986
25.65 -8.63023
25.68 -8.6306
25.71 -8.63097
25.74 -8.63133
25.77 -8.6317
25.8 -8.63206
25.83 -8.63242
25.86 -8.63278
25.89 -8.63314
25.92 -8.63349
25.95 -8.63385
25.98 -8.6342
26.01 -8.63455
26.04 -8.6349
26.07 -8.63525
26.1 -8.63559
26.13 -8.63594
26.16 -8.63628
26.19 -8.63662
26.22 -8.63696
26.25 -8.6373
26.28 -8.63763
26.31 -8.63797
26.34 -8.6383
26.37 -8.63863
26.4 -8.63896
26.43 -8.63929
26.46 -8.63961
26.49 -8.63994
26.52 -8.64026
26.55 -8.64058
26.58 -8.6409
26.61 -8.64122
26.64 -8.64153
26.67 -8.64185
26.7 -8.64216
26.73 -8.64247
26.76 -8.64278
26.79 -8.64309
26.82 -8.64339
26.85 -8.6437
26.88 -8.644
26.91 -8.64431
26.94 -8.64461
26.97 -8.6449
27 -8.6452
27.03 -8.6455
27.06 -8.64579
27.09 -8.64609
27.12 -8.64638
27.15 -8.64667
27.18 -8.64696
27.21 -8.64724
27.24 -8.64753
27.27 -8.64781
27.3 -8.6481
27.33 -8.64838
27.36 -8.64866
27.39 -8.64894
27.42 -8.64921
27.45 -8.64949
27.48 -8.64976
27.51 -8.65004
27.54 -8.65031
27.57 -8.65058
27.6 -8.65085
27.63 -8.65112
27.66 -8.65138
27.69 -8.65165
27.72 -8.65191
27.75 -8.65217
27.78 -8.65244
27.81 -8.6527
27.84 -8.65295
27.87 -8.65321
27.9 -8.65347
27.93 -8.65372
27.96 -8.65398
27.99 -8.65423
28.02 -8.65448
28.05 -8.65473
28.08 -8.65498
28.11 -8.65523
28.14 -8.65547
28.17 -8.65572
28.2 -8.65596
28.23 -8.6562
28.26 -8.65644
28.29 -8.65669
28.32 -8.65692
28.35 -8.65716
28.38 -8.6574
28.41 -8.65764
28.44 -8.65787
28.47 -8.6581
28.5 -8.65834
28.53 -8.65857
28.56 -8.6588
28.59 -8.65903
28.62 -8.65925
28.65 -8.65948
28.68 -8.65971
28.71 -8.65993
28.74 -8.66016
28.77 -8.66038
28.8 -8.6606
28.83 -8.66082
28.86 -8.66104
28.89 -8.66126
28.92 -8.66148
28.95 -8.66169
28.98 -8.66191
29.01 -8.66212
29.04 -8.66234
29.07 -8.66255
29.1 -8.66276
29.13 -8.66297
29.16 -8.66318
29.19 -8.66339
29.22 -8.6636
29.25 -8.66381
29.28 -8.66401
29.31 -8.66422
29.34 -8.66442
29.37 -8.66462
29.4 -8.66483
29.43 -8.66503
29.46 -8.66523
29.49 -8.66543
29.52 -8.66563
29.55 -8.66582
29.58 -8.66602
29.61 -8.66622
29.64 -8.66641
29.67 -8.66661
29.7 -8.6668
29.73 -8.66699
29.76 -8.66718
29.79 -8.66737
29.82 -8.66756
29.85 -8.66775
29.88 -8.66794
29.91 -8.66813
29.94 -8.66832
29.97 -8.6685
30 -8.66869
30.001 -10
