0 5
0.03 5.1417
0.06 5.14247
0.09 5.14325
0.12 5.14403
0.15 5.1448
0.18 5.14558
0.21 5.14636
0.24 5.14713
0.27 5.14791
0.3 5.14869
0.33 5.14947
0.36 5.15025
0.39 5.15103
0.42 5.1518
0.45 5.15258
0.48 5.15336
0.51 5.15414
0.54 5.15492
0.57 5.1557
0.6 5.15647
0.63 5.15725
0.66 5.15803
0.69 5.15881
0.72 5.15959
0.75 5.16036
0.78 5.16114
0.81 5.16192
0.84 5.16269
0.87 5.16347
0.9 5.16424
0.93 5.16502
0.96 5.16579
0.99 5.16657
1.02 5.16734
1.05 5.16811
1.08 5.16888
1.11 5.16966
1.14 5.17043
1.17 5.1712
1.2 5.17197
1.23 5.17273
1.26 5.1735
1.29 5.17427
1.32 5.17503
1.35 5.1758
1.38 5.17656
1.41 5.17733
1.44 5.17809
1.47 5.17885
1.5 5.17961
1.53 5.18037
1.56 5.18113
1.59 5.18189
1.62 5.18264
1.65 5.1834
1.68 5.18415
1.71 5.1849
1.74 5.18566
1.77 5.18641
1.8 5.18716
1.83 5.1879
1.86 5.18865
1.89 5.1894
1.92 5.19014
1.95 5.19088
1.98 5.19163
2.01 5.19237
2.04 5.1931
2.07 5.19384
2.1 5.19458
2.13 5.19531
2.16 5.19605
2.19 5.19678
2.22 5.19751
2.25 5.19824
2.28 5.19897
2.31 5.19969
2.34 5.20042
2.37 5.20114
2.4 5.20186
2.43 5.20258
2.46 5.2033
2.49 5.20402
2.52 5.20473
2.55 5.20545
2.58 5.20616
2.61 5.20687
2.64 5.20758
2.67 5.20829
2.7 5.209
2.73 5.2097
2.76 5.2104
2.79 5.2111
2.82 5.2118
2.85 5.2125
2.88 5.2132
2.91 5.21389
2.94 5.21459
2.97 5.21528
3 5.21597
3.03 5.21666
3.06 5.21734
3.09 5.21803
3.12 5.21871
3.15 5.21939
3.18 5.22007
3.21 5.22075
3.24 5.22143
3.27 5.2221
3.3 5.22277
3.33 5.22344
3.36 5.22411
3.39 5.22478
3.42 5.22545
3.45 5.22611
3.48 5.22678
3.51 5.22744
3.54 5.2281
3.57 5.22875
3.6 5.22941
3.63 5.23006
3.66 5.23072
3.69 5.23137
3.72 5.23202
3.75 5.23267
3.78 5.23331
3.81 5.23396
3.84 5.2346
3.87 5.23524
3.9 5.23588
3.93 5.23652
3.96 5.23715
3.99 5.23779
4.02 5.23842
4.05 5.23905
4.08 5.23968
4.11 5.24031
4.14 5.24094
4.17 5.24156
4.2 5.24218
4.23 5.24281
4.26 5.24342
4.29 5.24404
4.32 5.24466
4.35 5.24528
4.38 5.24589
4.41 5.2465
4.44 5.24711
4.47 5.24772
4.5 5.24833
4.53 5.24893
4.56 5.24954
4.59 5.25014
4.62 5.25074
4.65 5.25134
4.68 5.25194
4.71 5.25254
4.74 5.25313
4.77 5.25373
4.8 5.25432
4.83 5.25491
4.86 5.2555
4.89 5.25609
4.92 5.25668
4.95 5.25726
4.98 5.25785
5.01 5.25843
5.04 5.25901
5.07 5.25959
5.1 5.26017
5.13 5.26075
5.16 5.26132
5.19 5.2619
5.22 5.26247
5.25 5.26304
5.28 5.26361
5.31 5.26418
5.34 5.26475
5.37 5.26532
5.4 5.26588
5.43 5.26645
5.46 5.26701
5.49 5.26757
5.52 5.26813
5.55 5.26869
5.58 5.26925
5.61 5.26981
5.64 5.27036
5.67 5.27092
5.7 5.27147
5.73 5.27203
5.76 5.27258
5.79 5.27313
5.82 5.27368
5.85 5.27423
5.88 5.27477
5.91 5.27532
5.94 5.27587
5.97 5.27641
6 5.27695
6.03 5.2775
6.06 5.27804
6.09 5.27858
6.12 5.27912
6.15 5.27966
6.18 5.28019
6.21 5.28073
6.24 5.28127
6.27 5.2818
6.3 5.28233
6.33 5.28287
6.36 5.2834
6.39 5.28393
6.42 5.28446
6.45 5.28499
6.48 5.28552
6.51 5.28605
6.54 5.28658
6.57 5.2871
6.6 5.28763
6.63 5.28815
6.66 5.28868
6.69 5.2892
6.72 5.28973
6.75 5.29025
6.78 5.29077
6.81 5.29129
6.84 5.29181
6.87 5.29233
6.9 5.29285
6.93 5.29337
6.96 5.29389
6.99 5.29441
7.02 5.29492
7.05 5.29544
7.08 5.29595
7.11 5.29647
7.14 5.29699
7.17 5.2975
7.2 5.29801
7.23 5.29853
7.26 5.29904
7.29 5.29955
7.32 5.30006
7.35 5.30058
7.38 5.30109
7.41 5.3016
7.44 5.30211
7.47 5.30262
7.5 5.30313
7.53 5.30364
7.56 5.30415
7.59 5.30466
7.62 5.30517
7.65 5.30568
7.68 5.30618
7.71 5.30669
7.74 5.3072
7.77 5.30771
7.8 5.30821
7.83 5.30872
7.86 5.30923
7.89 5.30973
7.92 5.31024
7.95 5.31075
7.98 5.31125
8.01 5.31176
8.04 5.31227
8.07 5.31277
8.1 5.31328
8.13 5.31378
8.16 5.31429
8.19 5.3148
8.22 5.3153
8.25 5.31581
8.28 5.31631
8.31 5.31682
8.34 5.31733
8.37 5.31783
8.4 5.31834
8.43 5.31884
8.46 5.31935
8.49 5.31986
8.52 5.32036
8.55 5.32087
8.58 5.32138
8.61 5.32188
8.64 5.32239
8.67 5.3229
8.7 5.32341
8.73 5.32391
8.76 5.32442
8.79 5.32493
8.82 5.32544
8.85 5.32595
8.88 5.32646
8.91 5.32696
8.94 5.32747
8.97 5.32798
9 5.32849
9.03 5.32901
9.06 5.32952
9.09 5.33003
9.12 5.33054
9.15 5.33105
9.18 5.33156
9.21 5.33208
9.24 5.33259
9.27 5.3331
9.3 5.33362
9.33 5.33413
9.36 5.33465
9.39 5.33516
9.42 5.33568
9.45 5.3362
9.48 5.33671
9.51 5.33723
9.54 5.33775
9.57 5.33827
9.6 5.33879
9.63 5.33931
9.66 5.33983
9.69 5.34035
9.72 5.34087
9.75 5.34139
9.78 5.34192
9.81 5.34244
9.84 5.34297
9.87 5.34349
9.9 5.34402
9.93 5.34454
9.96 5.34507
9.99 5.3456
10.02 5.34613
10.05 5.34666
10.08 5.34719
10.11 5.34772
10.14 5.34825
10.17 5.34878
10.2 5.34932
10.23 5.34985
10.26 5.35039
10.29 5.35092
10.32 5.35146
10.35 5.352
10.38 5.35254
10.41 5.35308
10.44 5.35362
10.47 5.35416
10.5 5.3547
10.53 5.35525
10.56 5.35579
10.59 5.35634
10.62 5.35688
10.65 5.35743
10.68 5.35798
10.71 5.35853
10.74 5.35908
10.77 5.35963
10.8 5.36018
10.83 5.36074
10.86 5.36129
10.89 5.36185
10.92 5.3624
10.95 5.36296
10.98 5.36352
11.01 5.36408
11.04 5.36464
11.07 5.3652
11.1 5.36577
11.13 5.36633
11.16 5.3669
11.19 5.36747
11.22 5.36803
11.25 5.3686
11.28 5.36917
11.31 5.36975
11.34 5.37032
11.37 5.37089
11.4 5.37147
11.43 5.37205
11.46 5.37263
11.49 5.3732
11.52 5.37379
11.55 5.37437
11.58 5.37495
11.61 5.37554
11.64 5.37612
11.67 5.37671
11.7 5.3773
11.73 5.37789
11.76 5.37848
11.79 5.37907
11.82 5.37967
11.85 5.38026
11.88 5.38086
11.91 5.38146
11.94 5.38206
11.97 5.38266
12 5.38327
12.03 5.38387
12.06 5.38448
12.09 5.38508
12.12 5.38569
12.15 5.3863
12.18 5.38692
12.21 5.38753
12.24 5.38814
12.27 5.38876
12.3 5.38938
12.33 5.39
12.36 5.39062
12.39 5.39124
12.42 5.39187
12.45 5.39249
12.48 5.39312
12.51 5.39375
12.54 5.39438
12.57 5.39502
12.6 5.39565
12.63 5.39629
12.66 5.39692
12.69 5.39756
12.72 5.39821
12.75 5.39885
12.78 5.39949
12.81 5.40014
12.84 5.40079
12.87 5.40144
12.9 5.40209
12.93 5.40274
12.96 5.4034
12.99 5.40405
13.02 5.40471
13.05 5.40537
13.08 5.40604
13.11 5.4067
13.14 5.40737
13.17 5.40804
13.2 5.40871
13.23 5.40938
13.26 5.41005
13.29 5.41073
13.32 5.4114
13.35 5.41208
13.38 5.41277
13.41 5.41345
13.44 5.41414
13.47 5.41482
13.5 5.41551
13.53 5.4162
13.56 5.4169
13.59 5.41759
13.62 5.41829
13.65 5.41899
13.68 5.41969
13.71 5.4204
13.74 5.4211
13.77 5.42181
13.8 5.42252
13.83 5.42323
13.86 5.42395
13.89 5.42466
13.92 5.42538
13.95 5.42611
13.98 5.42683
14.01 5.42755
14.04 5.42828
14.07 5.42901
14.1 5.42975
14.13 5.43048
14.16 5.43122
14.19 5.43196
14.22 5.4327
14.25 5.43345
14.28 5.43419
14.31 5.43494
14.34 5.43569
14.37 5.43645
14.4 5.4372
14.43 5.43796
14.46 5.43873
14.49 5.43949
14.52 5.44026
14.55 5.44103
14.58 5.4418
14.61 5.44258
14.64 5.44335
14.67 5.44413
14.7 5.44492
14.73 5.4457
14.76 5.44649
14.79 5.44728
14.82 5.44808
14.85 5.44888
14.88 5.44968
14.91 5.45048
14.94 5.45129
14.97 5.4521
15 5.45291
15.03 5.45372
15.06 5.45454
15.09 5.45536
15.12 5.45619
15.15 5.45702
15.18 5.45785
15.21 5.45868
15.24 5.45952
15.27 5.46036
15.3 5.46121
15.33 5.46206
15.36 5.46291
15.39 5.46376
15.42 5.46462
15.45 5.46548
15.48 5.46635
15.51 5.46722
15.54 5.46809
15.57 5.46897
15.6 5.46985
15.63 5.47074
15.66 5.47163
15.69 5.47252
15.72 5.47341
15.75 5.47432
15.78 5.47522
15.81 5.47613
15.84 5.47704
15.87 5.47796
15.9 5.47888
15.93 5.47981
15.96 5.48074
15.99 5.48168
16.02 5.48262
16.05 5.48356
16.08 5.48451
16.11 5.48547
16.14 5.48643
16.17 5.48739
16.2 5.48836
16.23 5.48933
16.26 5.49031
16.29 5.4913
16.32 5.49229
16.35 5.49328
16.38 5.49428
16.41 5.49529
16.44 5.4963
16.47 5.49732
16.5 5.49834
16.53 5.49937
16.56 5.50041
16.59 5.50145
16.62 5.5025
16.65 5.50355
16.68 5.50461
16.71 5.50568
16.74 5.50675
16.77 5.50783
16.8 5.50892
16.83 5.51001
16.86 5.51111
16.89 5.51222
16.92 5.51333
16.95 5.51445
16.98 5.51558
17.01 5.51672
17.04 5.51786
17.07 5.51901
17.1 5.52017
17.13 5.52134
17.16 5.52251
17.19 5.5237
17.22 5.52489
17.25 5.52609
17.28 5.52729
17.31 5.52851
17.34 5.52974
17.37 5.53097
17.4 5.53221
17.43 5.53346
17.46 5.53473
17.49 5.536
17.52 5.53728
17.55 5.53857
17.58 5.53987
17.61 5.54117
17.64 5.54249
17.67 5.54382
17.7 5.54516
17.73 5.54651
17.76 5.54787
17.79 5.54924
17.82 5.55062
17.85 5.55202
17.88 5.55342
17.91 5.55483
17.94 5.55626
17.97 5.5577
18 5.55915
18.03 5.56061
18.06 5.56208
18.09 5.56356
18.12 5.56506
18.15 5.56657
18.18 5.56809
18.21 5.56962
18.24 5.57117
18.27 5.57272
18.3 5.57429
18.33 5.57588
18.36 5.57748
18.39 5.57908
18.42 5.58071
18.45 5.58234
18.48 5.58399
18.51 5.58566
18.54 5.58733
18.57 5.58902
18.6 5.59073
18.63 5.59244
18.66 5.59418
18.69 5.59592
18.72 5.59768
18.75 5.59945
18.78 5.60124
18.81 5.60304
18.84 5.60486
18.87 5.60669
18.9 5.60853
18.93 5.61039
18.96 5.61226
18.99 5.61415
19.02 5.61605
19.05 5.61797
19.08 5.6199
19.11 5.62184
19.14 5.6238
19.17 5.62577
19.2 5.62775
19.23 5.62975
19.26 5.63177
19.29 5.6338
19.32 5.63584
19.35 5.63789
19.38 5.63996
19.41 5.64204
19.44 5.64414
19.47 5.64624
19.5 5.64837
19.53 5.6505
19.56 5.65264
19.59 5.6548
19.62 5.65697
19.65 5.65915
19.68 5.66135
19.71 5.66355
19.74 5.66577
19.77 5.668
19.8 5.67024
19.83 5.67248
19.86 5.67474
19.89 5.67701
19.92 5.67929
19.95 5.68157
19.98 5.68387
20.01 5.68617
20.04 5.68848
20.07 5.6908
20.1 5.69312
20.13 5.69546
20.16 5.69779
20.19 5.70014
20.22 5.70249
20.25 5.70484
20.28 5.7072
20.31 5.70956
20.34 5.71193
20.37 5.7143
20.4 5.71667
20.43 5.71904
20.46 5.72142
20.49 5.72379
20.52 5.72617
20.55 5.72855
20.58 5.73092
20.61 5.7333
20.64 5.73567
20.67 5.73804
20.7 5.74041
20.73 5.74277
20.76 5.74513
20.79 5.74749
20.82 5.74984
20.85 5.75218
20.88 5.75452
20.91 5.75686
20.94 5.75918
20.97 5.7615
21 5.76381
21.03 5.76611
21.06 5.7684
21.09 5.77069
21.12 5.77296
21.15 5.77522
21.18 5.77747
21.21 5.77971
21.24 5.78193
21.27 5.78414
21.3 5.78634
21.33 5.78853
21.36 5.7907
21.39 5.79286
21.42 5.795
21.45 5.79713
21.48 5.79924
21.51 5.80134
21.54 5.80342
21.57 5.80548
21.6 5.80753
21.63 5.80956
21.66 5.81157
21.69 5.81356
21.72 5.81553
21.75 5.81749
21.78 5.81943
21.81 5.82135
21.84 5.82325
21.87 5.82513
21.9 5.82699
21.93 5.82883
21.96 5.83065
21.99 5.83245
22.02 5.83423
22.05 5.83599
22.08 5.83773
22.11 5.83945
22.14 5.84115
22.17 5.84283
22.2 5.84449
22.23 5.84612
22.26 5.84774
22.29 5.84933
22.32 5.85091
22.35 5.85246
22.38 5.854
22.41 5.85551
22.44 5.857
22.47 5.85847
22.5 5.85993
22.53 5.86136
22.56 5.86277
22.59 5.86416
22.62 5.86553
22.65 5.86688
22.68 5.86821
22.71 5.86952
22.74 5.87081
22.77 5.87208
22.8 5.87333
22.83 5.87456
22.86 5.87577
22.89 5.87697
22.92 5.87814
22.95 5.8793
22.98 5.88044
23.01 5.88156
23.04 5.88266
23.07 5.88374
23.1 5.88481
23.13 5.88586
23.16 5.88689
23.19 5.8879
23.22 5.8889
23.25 5.88988
23.28 5.89084
23.31 5.89179
23.34 5.89272
23.37 5.89363
23.4 5.89453
23.43 5.89541
23.46 5.89628
23.49 5.89714
23.52 5.89797
23.55 5.8988
23.58 5.8996
23.61 5.9004
23.64 5.90118
23.67 5.90194
23.7 5.9027
23.73 5.90344
23.76 5.90416
23.79 5.90487
23.82 5.90557
23.85 5.90626
23.88 5.90693
23.91 5.90759
23.94 5.90824
23.97 5.90888
24 5.90951
24.03 5.91012
24.06 5.91072
24.09 5.91131
24.12 5.91189
24.15 5.91246
24.18 5.91302
24.21 5.91357
24.24 5.91411
24.27 5.91464
24.3 5.91515
24.33 5.91566
24.36 5.91616
24.39 5.91665
24.42 5.91713
24.45 5.9176
24.48 5.91806
24.51 5.91851
24.54 5.91895
24.57 5.91938
24.6 5.91981
24.63 5.92023
24.66 5.92064
24.69 5.92104
24.72 5.92143
24.75 5.92182
24.78 5.9222
24.81 5.92257
24.84 5.92293
24.87 5.92328
24.9 5.92363
24.93 5.92398
24.96 5.92431
24.99 5.92464
25.02 5.92496
25.05 5.92528
25.08 5.92558
25.11 5.92589
25.14 5.92618
25.17 5.92647
25.2 5.92676
25.23 5.92703
25.26 5.92731
25.29 5.92757
25.32 5.92784
25.35 5.92809
25.38 5.92834
25.41 5.92859
25.44 5.92883
25.47 5.92906
25.5 5.92929
25.53 5.92952
25.56 5.92974
25.59 5.92995
25.62 5.93016
25.65 5.93037
25.68 5.93057
25.71 5.93077
25.74 5.93096
25.77 5.93115
25.8 5.93134
25.83 5.93152
25.86 5.93169
25.89 5.93187
25.92 5.93204
25.95 5.9322
25.98 5.93236
26.01 5.93252
26.04 5.93267
26.07 5.93282
26.1 5.93297
26.13 5.93312
26.16 5.93326
26.19 5.93339
26.22 5.93353
26.25 5.93366
26.28 5.93378
26.31 5.93391
26.34 5.93403
26.37 5.93415
26.4 5.93426
26.43 5.93437
26.46 5.93448
26.49 5.93459
26.52 5.93469
26.55 5.9348
26.58 5.9349
26.61 5.93499
26.64 5.93509
26.67 5.93518
26.7 5.93527
26.73 5.93535
26.76 5.93544
26.79 5.93552
26.82 5.9356
26.85 5.93567
26.88 5.93575
26.91 5.93582
26.94 5.93589
26.97 5.93596
27 5.93603
27.03 5.93609
27.06 5.93615
27.09 5.93622
27.12 5.93627
27.15 5.93633
27.18 5.93639
27.21 5.93644
27.24 5.93649
27.27 5.93654
27.3 5.93659
27.33 5.93663
27.36 5.93668
27.39 5.93672
27.42 5.93676
27.45 5.9368
27.48 5.93684
27.51 5.93688
27.54 5.93691
27.57 5.93695
27.6 5.93698
27.63 5.93701
27.66 5.93704
27.69 5.93707
27.72 5.9371
27.75 5.93712
27.78 5.93715
27.81 5.93717
27.84 5.93719
27.87 5.93721
27.9 5.93723
27.93 5.93725
27.96 5.93726
27.99 5.93728
28.02 5.9373
28.05 5.93731
28.08 5.93732
28.11 5.93733
28.14 5.93734
28.17 5.93735
28.2 5.93736
28.23 5.93737
28.26 5.93737
28.29 5.93738
28.32 5.93738
28.35 5.93739
28.38 5.93739
28.41 5.93739
28.44 5.93739
28.47 5.93739
28.5 5.93739
28.53 5.93739
28.56 5.93739
28.59 5.93739
28.62 5.93738
28.65 5.93738
28.68 5.93737
28.71 5.93737
28.74 5.93736
28.77 5.93735
28.8 5.93734
28.83 5.93733
28.86 5.93732
28.89 5.93731
28.92 5.9373
28.95 5.93729
28.98 5.93728
29.01 5.93726
29.04 5.93725
29.07 5.93724
29.1 5.93722
29.13 5.93721
29.16 5.93719
29.19 5.93717
29.22 5.93716
29.25 5.93714
29.28 5.93712
29.31 5.9371
29.34 5.93708
29.37 5.93706
29.4 5.93704
29.43 5.93702
29.46 5.937
29.49 5.93698
29.52 5.93696
29.55 5.93693
29.58 5.93691
29.61 5.93689
29.64 5.93686
29.67 5.93684
29.7 5.93682
29.73 5.93679
29.76 5.93677
29.79 5.93674
29.82 5.93671
29.85 5.93669
29.88 5.93666
29.91 5.93663
29.94 5.93661
29.97 5.93658
30 5.93655
30.001 5
