0 0
0.03 0.639453
0.06 0.640148
0.09 0.640843
0.12 0.641539
0.15 0.642236
0.18 0.642933
0.21 0.64363
0.24 0.644328
0.27 0.645027
0.3 0.645726
0.33 0.646425
0.36 0.647125
0.39 0.647826
0.42 0.648527
0.45 0.649229
0.48 0.649931
0.51 0.650634
0.54 0.651337
0.57 0.652041
0.6 0.652745
0.63 0.65345
0.66 0.654156
0.69 0.654862
0.72 0.655569
0.75 0.656276
0.78 0.656984
0.81 0.657692
0.84 0.658401
0.87 0.65911
0.9 0.65982
0.93 0.660531
0.96 0.661242
0.99 0.661954
1.02 0.662666
1.05 0.663379
1.08 0.664092
1.11 0.664806
1.14 0.665521
1.17 0.666236
1.2 0.666952
1.23 0.667668
1.26 0.668385
1.29 0.669103
1.32 0.669821
1.35 0.67054
1.38 0.671259
1.41 0.671979
1.44 0.6727
1.47 0.673421
1.5 0.674143
1.53 0.674865
1.56 0.675588
1.59 0.676312
1.62 0.677036
1.65 0.677761
1.68 0.678487
1.71 0.679213
1.74 0.67994
1.77 0.680667
1.8 0.681395
1.83 0.682124
1.86 0.682853
1.89 0.683583
1.92 0.684314
1.95 0.685045
1.98 0.685777
2.01 0.68651
2.04 0.687243
2.07 0.687977
2.1 0.688712
2.13 0.689447
2.16 0.690183
2.19 0.69092
2.22 0.691657
2.25 0.692395
2.28 0.693134
2.31 0.693873
2.34 0.694613
2.37 0.695354
2.4 0.696096
2.43 0.696838
2.46 0.697581
2.49 0.698324
2.52 0.699069
2.55 0.699814
2.58 0.700559
2.61 0.701306
2.64 0.702053
2.67 0.702801
2.7 0.70355
2.73 0.704299
2.76 0.705049
2.79 0.7058
2.82 0.706552
2.85 0.707304
2.88 0.708057
2.91 0.708811
2.94 0.709566
2.97 0.710321
3 0.711077
3.03 0.711834
3.06 0.712592
3.09 0.71335
3.12 0.71411
3.15 0.71487
3.18 0.71563
3.21 0.716392
3.24 0.717155
3.27 0.717918
3.3 0.718682
3.33 0.719447
3.36 0.720212
3.39 0.720979
3.42 0.721746
3.45 0.722514
3.48 0.723283
3.51 0.724053
3.54 0.724824
3.57 0.725595
3.6 0.726368
3.63 0.727141
3.66 0.727915
3.69 0.72869
3.72 0.729466
3.75 0.730242
3.78 0.73102
3.81 0.731798
3.84 0.732578
3.87 0.733358
3.9 0.734139
3.93 0.734921
3.96 0.735704
3.99 0.736487
4.02 0.737272
4.05 0.738058
4.08 0.738844
4.11 0.739632
4.14 0.74042
4.17 0.741209
4.2 0.742
4.23 0.742791
4.26 0.743583
4.29 0.744376
4.32 0.74517
4.35 0.745965
4.38 0.746761
4.41 0.747558
4.44 0.748356
4.47 0.749155
4.5 0.749955
4.53 0.750756
4.56 0.751558
4.59 0.752361
4.62 0.753165
4.65 0.75397
4.68 0.754776
4.71 0.755583
4.74 0.756391
4.77 0.7572
4.8 0.75801
4.83 0.758821
4.86 0.759633
4.89 0.760447
4.92 0.761261
4.95 0.762076
4.98 0.762893
5.01 0.763711
5.04 0.764529
5.07 0.765349
5.1 0.76617
5.13 0.766992
5.16 0.767815
5.19 0.768639
5.22 0.769465
5.25 0.770291
5.28 0.771119
5.31 0.771948
5.34 0.772778
5.37 0.773609
5.4 0.774441
5.43 0.775275
5.46 0.776109
5.49 0.776945
5.52 0.777782
5.55 0.77862
5.58 0.77946
5.61 0.7803
5.64 0.781142
5.67 0.781985
5.7 0.782829
5.73 0.783675
5.76 0.784522
5.79 0.78537
5.82 0.786219
5.85 0.78707
5.88 0.787922
5.91 0.788775
5.94 0.789629
5.97 0.790485
6 0.791342
6.03 0.7922
6.06 0.79306
6.09 0.793921
6.12 0.794783
6.15 0.795647
6.18 0.796512
6.21 0.797378
6.24 0.798246
6.27 0.799115
6.3 0.799985
6.33 0.800857
6.36 0.80173
6.39 0.802605
6.42 0.803481
6.45 0.804358
6.48 0.805237
6.51 0.806117
6.54 0.806999
6.57 0.807882
6.6 0.808767
6.63 0.809653
6.66 0.810541
6.69 0.81143
6.72 0.81232
6.75 0.813212
6.78 0.814106
6.81 0.815001
6.84 0.815898
6.87 0.816796
6.9 0.817695
6.93 0.818597
6.96 0.819499
6.99 0.820404
7.02 0.82131
7.05 0.822217
7.08 0.823126
7.11 0.824037
7.14 0.824949
7.17 0.825863
7.2 0.826779
7.23 0.827696
7.26 0.828615
7.29 0.829536
7.32 0.830458
7.35 0.831382
7.38 0.832307
7.41 0.833235
7.44 0.834164
7.47 0.835094
7.5 0.836027
7.53 0.836961
7.56 0.837897
7.59 0.838835
7.62 0.839774
7.65 0.840715
7.68 0.841658
7.71 0.842603
7.74 0.84355
7.77 0.844498
7.8 0.845448
7.83 0.846401
7.86 0.847355
7.89 0.84831
7.92 0.849268
7.95 0.850228
7.98 0.851189
8.01 0.852153
8.04 0.853118
8.07 0.854085
8.1 0.855054
8.13 0.856025
8.16 0.856998
8.19 0.857973
8.22 0.85895
8.25 0.859929
8.28 0.86091
8.31 0.861893
8.34 0.862878
8.37 0.863866
8.4 0.864855
8.43 0.865846
8.46 0.866839
8.49 0.867835
8.52 0.868832
8.55 0.869832
8.58 0.870833
8.61 0.871837
8.64 0.872843
8.67 0.873851
8.7 0.874862
8.73 0.875874
8.76 0.876889
8.79 0.877906
8.82 0.878925
8.85 0.879946
8.88 0.88097
8.91 0.881996
8.94 0.883024
8.97 0.884054
9 0.885087
9.03 0.886122
9.06 0.887159
9.09 0.888199
9.12 0.889241
9.15 0.890285
9.18 0.891332
9.21 0.892381
9.24 0.893433
9.27 0.894487
9.3 0.895543
9.33 0.896602
9.36 0.897664
9.39 0.898728
9.42 0.899794
9.45 0.900863
9.48 0.901934
9.51 0.903008
9.54 0.904084
9.57 0.905163
9.6 0.906245
9.63 0.907329
9.66 0.908416
9.69 0.909505
9.72 0.910597
9.75 0.911692
9.78 0.912789
9.81 0.913889
9.84 0.914992
9.87 0.916097
9.9 0.917206
9.93 0.918316
9.96 0.91943
9.99 0.920546
10.02 0.921666
10.05 0.922788
10.08 0.923913
10.11 0.92504
10.14 0.926171
10.17 0.927304
10.2 0.928441
10.23 0.92958
10.26 0.930722
10.29 0.931867
10.32 0.933015
10.35 0.934166
10.38 0.93532
10.41 0.936477
10.44 0.937637
10.47 0.9388
10.5 0.939966
10.53 0.941135
10.56 0.942307
10.59 0.943483
10.62 0.944661
10.65 0.945843
10.68 0.947028
10.71 0.948216
10.74 0.949407
10.77 0.950601
10.8 0.951799
10.83 0.953
10.86 0.954204
10.89 0.955411
10.92 0.956622
10.95 0.957836
10.98 0.959054
11.01 0.960274
11.04 0.961499
11.07 0.962726
11.1 0.963957
11.13 0.965191
11.16 0.966429
11.19 0.967671
11.22 0.968916
11.25 0.970164
11.28 0.971416
11.31 0.972671
11.34 0.973931
11.37 0.975193
11.4 0.976459
11.43 0.977729
11.46 0.979003
11.49 0.98028
11.52 0.981561
11.55 0.982846
11.58 0.984134
11.61 0.985427
11.64 0.986723
11.67 0.988022
11.7 0.989326
11.73 0.990634
11.76 0.991945
11.79 0.99326
11.82 0.99458
11.85 0.995903
11.88 0.99723
11.91 0.998561
11.94 0.999896
11.97 1.00124
12 1.00258
12.03 1.00393
12.06 1.00528
12.09 1.00663
12.12 1.00799
12.15 1.00936
12.18 1.01072
12.21 1.0121
12.24 1.01347
12.27 1.01485
12.3 1.01624
12.33 1.01763
12.36 1.01902
12.39 1.02042
12.42 1.02182
12.45 1.02323
12.48 1.02464
12.51 1.02606
12.54 1.02748
12.57 1.0289
12.6 1.03033
12.63 1.03176
12.66 1.0332
12.69 1.03465
12.72 1.03609
12.75 1.03755
12.78 1.039
12.81 1.04046
12.84 1.04193
12.87 1.0434
12.9 1.04488
12.93 1.04636
12.96 1.04784
12.99 1.04934
13.02 1.05083
13.05 1.05233
13.08 1.05384
13.11 1.05535
13.14 1.05686
13.17 1.05838
13.2 1.05991
13.23 1.06144
13.26 1.06298
13.29 1.06452
13.32 1.06606
13.35 1.06762
13.38 1.06917
13.41 1.07074
13.44 1.0723
13.47 1.07388
13.5 1.07545
13.53 1.07704
13.56 1.07863
13.59 1.08022
13.62 1.08182
13.65 1.08343
13.68 1.08504
13.71 1.08666
13.74 1.08828
13.77 1.08991
13.8 1.09154
13.83 1.09318
13.86 1.09483
13.89 1.09648
13.92 1.09813
13.95 1.0998
13.98 1.10147
14.01 1.10314
14.04 1.10482
14.07 1.10651
14.1 1.1082
14.13 1.1099
14.16 1.11161
14.19 1.11332
14.22 1.11504
14.25 1.11676
14.28 1.11849
14.31 1.12023
14.34 1.12197
14.37 1.12372
14.4 1.12547
14.43 1.12724
14.46 1.12901
14.49 1.13078
14.52 1.13256
14.55 1.13435
14.58 1.13615
14.61 1.13795
14.64 1.13976
14.67 1.14157
14.7 1.1434
14.73 1.14522
14.76 1.14706
14.79 1.1489
14.82 1.15075
14.85 1.15261
14.88 1.15448
14.91 1.15635
14.94 1.15823
14.97 1.16011
15 1.16201
15.03 1.16391
15.06 1.16581
15.09 1.16773
15.12 1.16965
15.15 1.17158
15.18 1.17352
15.21 1.17547
15.24 1.17742
15.27 1.17938
15.3 1.18135
15.33 1.18333
15.36 1.18531
15.39 1.18731
15.42 1.18931
15.45 1.19132
15.48 1.19333
15.51 1.19536
15.54 1.19739
15.57 1.19943
15.6 1.20148
15.63 1.20354
15.66 1.20561
15.69 1.20768
15.72 1.20977
15.75 1.21186
15.78 1.21396
15.81 1.21607
15.84 1.21819
15.87 1.22032
15.9 1.22246
15.93 1.2246
15.96 1.22676
15.99 1.22892
16.02 1.23109
16.05 1.23328
16.08 1.23547
16.11 1.23767
16.14 1.23988
16.17 1.2421
16.2 1.24433
16.23 1.24657
16.26 1.24882
16.29 1.25108
16.32 1.25335
16.35 1.25563
16.38 1.25792
16.41 1.26022
16.44 1.26253
16.47 1.26485
16.5 1.26718
16.53 1.26952
16.56 1.27187
16.59 1.27424
16.62 1.27661
16.65 1.27899
16.68 1.28139
16.71 1.2838
16.74 1.28621
16.77 1.28864
16.8 1.29108
16.83 1.29353
16.86 1.296
16.89 1.29847
16.92 1.30096
16.95 1.30346
16.98 1.30597
17.01 1.30849
17.04 1.31102
17.07 1.31357
17.1 1.31613
17.13 1.3187
17.16 1.32129
17.19 1.32388
17.22 1.32649
17.25 1.32912
17.28 1.33175
17.31 1.3344
17.34 1.33707
17.37 1.33974
17.4 1.34243
17.43 1.34514
17.46 1.34785
17.49 1.35059
17.52 1.35333
17.55 1.35609
17.58 1.35887
17.61 1.36165
17.64 1.36446
17.67 1.36728
17.7 1.37011
17.73 1.37296
17.76 1.37583
17.79 1.37871
17.82 1.3816
17.85 1.38451
17.88 1.38744
17.91 1.39038
17.94 1.39335
17.97 1.39632
18 1.39932
18.03 1.40233
18.06 1.40535
18.09 1.4084
18.12 1.41146
18.15 1.41454
18.18 1.41764
18.21 1.42076
18.24 1.42389
18.27 1.42705
18.3 1.43022
18.33 1.43341
18.36 1.43662
18.39 1.43985
18.42 1.4431
18.45 1.44637
18.48 1.44966
18.51 1.45297
18.54 1.4563
18.57 1.45965
18.6 1.46303
18.63 1.46642
18.66 1.46984
18.69 1.47328
18.72 1.47674
18.75 1.48022
18.78 1.48373
18.81 1.48726
18.84 1.49081
18.87 1.49439
18.9 1.49799
18.93 1.50162
18.96 1.50527
18.99 1.50894
19.02 1.51264
19.05 1.51637
19.08 1.52012
19.11 1.5239
19.14 1.52771
19.17 1.53154
19.2 1.5354
19.23 1.53929
19.26 1.54321
19.29 1.54715
19.32 1.55113
19.35 1.55513
19.38 1.55917
19.41 1.56323
19.44 1.56733
19.47 1.57146
19.5 1.57562
19.53 1.57981
19.56 1.58403
19.59 1.58829
19.62 1.59258
19.65 1.59691
19.68 1.60127
19.71 1.60566
19.74 1.61009
19.77 1.61456
19.8 1.61906
19.83 1.6236
19.86 1.62818
19.89 1.6328
19.92 1.63745
19.95 1.64215
19.98 1.64689
20.01 1.65166
20.04 1.65648
20.07 1.66134
20.1 1.66624
20.13 1.67119
20.16 1.67618
20.19 1.68121
20.22 1.68629
20.25 1.69142
20.28 1.69659
20.31 1.70181
20.34 1.70708
20.37 1.7124
20.4 1.71776
20.43 1.72318
20.46 1.72865
20.49 1.73417
20.52 1.73974
20.55 1.74537
20.58 1.75105
20.61 1.75678
20.64 1.76257
20.67 1.76842
20.7 1.77433
20.73 1.78029
20.76 1.78632
20.79 1.7924
20.82 1.79854
20.85 1.80475
20.88 1.81102
20.91 1.81736
20.94 1.82376
20.97 1.83022
21 1.83675
21.03 1.84335
21.06 1.85002
21.09 1.85676
21.12 1.86357
21.15 1.87045
21.18 1.8774
21.21 1.88443
21.24 1.89153
21.27 1.89871
21.3 1.90596
21.33 1.91329
21.36 1.9207
21.39 1.92819
21.42 1.93576
21.45 1.94342
21.48 1.95115
21.51 1.95897
21.54 1.96688
21.57 1.97487
21.6 1.98295
21.63 1.99112
21.66 1.99937
21.69 2.00772
21.72 2.01615
21.75 2.02468
21.78 2.03331
21.81 2.04202
21.84 2.05083
21.87 2.05974
21.9 2.06874
21.93 2.07784
21.96 2.08704
21.99 2.09634
22.02 2.10574
22.05 2.11524
22.08 2.12484
22.11 2.13455
22.14 2.14435
22.17 2.15426
22.2 2.16427
22.23 2.17439
22.26 2.18462
22.29 2.19494
22.32 2.20538
22.35 2.21592
22.38 2.22656
22.41 2.23732
22.44 2.24818
22.47 2.25914
22.5 2.27021
22.53 2.28139
22.56 2.29268
22.59 2.30407
22.62 2.31556
22.65 2.32716
22.68 2.33887
22.71 2.35068
22.74 2.36259
22.77 2.3746
22.8 2.38671
22.83 2.39893
22.86 2.41124
22.89 2.42365
22.92 2.43616
22.95 2.44876
22.98 2.46145
23.01 2.47424
23.04 2.48711
23.07 2.50007
23.1 2.51312
23.13 2.52625
23.16 2.53946
23.19 2.55274
23.22 2.5661
23.25 2.57953
23.28 2.59304
23.31 2.6066
23.34 2.62023
23.37 2.63392
23.4 2.64767
23.43 2.66147
23.46 2.67532
23.49 2.68921
23.52 2.70314
23.55 2.71712
23.58 2.73112
23.61 2.74515
23.64 2.75921
23.67 2.77329
23.7 2.78739
23.73 2.80149
23.76 2.81561
23.79 2.82972
23.82 2.84384
23.85 2.85795
23.88 2.87204
23.91 2.88612
23.94 2.90018
23.97 2.91421
24 2.92821
24.03 2.94218
24.06 2.95611
24.09 2.96999
24.12 2.98382
24.15 2.9976
24.18 3.01132
24.21 3.02498
24.24 3.03857
24.27 3.05208
24.3 3.06552
24.33 3.07888
24.36 3.09216
24.39 3.10534
24.42 3.11844
24.45 3.13143
24.48 3.14433
24.51 3.15712
24.54 3.1698
24.57 3.18238
24.6 3.19484
24.63 3.20718
24.66 3.2194
24.69 3.2315
24.72 3.24347
24.75 3.25532
24.78 3.26703
24.81 3.27862
24.84 3.29006
24.87 3.30137
24.9 3.31254
24.93 3.32358
24.96 3.33447
24.99 3.34521
25.02 3.35582
25.05 3.36627
25.08 3.37659
25.11 3.38675
25.14 3.39677
25.17 3.40664
25.2 3.41636
25.23 3.42593
25.26 3.43535
25.29 3.44463
25.32 3.45375
25.35 3.46273
25.38 3.47156
25.41 3.48024
25.44 3.48877
25.47 3.49716
25.5 3.5054
25.53 3.5135
25.56 3.52145
25.59 3.52926
25.62 3.53692
25.65 3.54445
25.68 3.55184
25.71 3.55908
25.74 3.56619
25.77 3.57317
25.8 3.58001
25.83 3.58672
25.86 3.59329
25.89 3.59974
25.92 3.60606
25.95 3.61225
25.98 3.61832
26.01 3.62426
26.04 3.63008
26.07 3.63579
26.1 3.64137
26.13 3.64684
26.16 3.6522
26.19 3.65744
26.22 3.66257
26.25 3.66759
26.28 3.67251
26.31 3.67732
26.34 3.68203
26.37 3.68663
26.4 3.69114
26.43 3.69555
26.46 3.69986
26.49 3.70408
26.52 3.70821
26.55 3.71224
26.58 3.71619
26.61 3.72004
26.64 3.72382
26.67 3.72751
26.7 3.73111
26.73 3.73464
26.76 3.73809
26.79 3.74146
26.82 3.74475
26.85 3.74798
26.88 3.75112
26.91 3.7542
26.94 3.75721
26.97 3.76015
27 3.76303
27.03 3.76584
27.06 3.76858
27.09 3.77127
27.12 3.77389
27.15 3.77645
27.18 3.77896
27.21 3.78141
27.24 3.7838
27.27 3.78614
27.3 3.78843
27.33 3.79066
27.36 3.79285
27.39 3.79498
27.42 3.79707
27.45 3.79911
27.48 3.8011
27.51 3.80305
27.54 3.80495
27.57 3.80682
27.6 3.80864
27.63 3.81041
27.66 3.81215
27.69 3.81385
27.72 3.81551
27.75 3.81714
27.78 3.81872
27.81 3.82028
27.84 3.82179
27.87 3.82328
27.9 3.82473
27.93 3.82615
27.96 3.82753
27.99 3.82889
28.02 3.83021
28.05 3.83151
28.08 3.83278
28.11 3.83402
28.14 3.83523
28.17 3.83641
28.2 3.83757
28.23 3.83871
28.26 3.83982
28.29 3.8409
28.32 3.84196
28.35 3.843
28.38 3.84401
28.41 3.845
28.44 3.84598
28.47 3.84692
28.5 3.84785
28.53 3.84876
28.56 3.84965
28.59 3.85052
28.62 3.85137
28.65 3.8522
28.68 3.85302
28.71 3.85382
28.74 3.8546
28.77 3.85536
28.8 3.85611
28.83 3.85684
28.86 3.85755
28.89 3.85825
28.92 3.85893
28.95 3.8596
28.98 3.86026
29.01 3.8609
29.04 3.86153
29.07 3.86214
29.1 3.86274
29.13 3.86333
29.16 3.86391
29.19 3.86447
29.22 3.86502
29.25 3.86556
29.28 3.86609
29.31 3.86661
29.34 3.86711
29.37 3.86761
29.4 3.86809
29.43 3.86857
29.46 3.86903
29.49 3.86949
29.52 3.86993
29.55 3.87037
29.58 3.87079
29.61 3.87121
29.64 3.87162
29.67 3.87202
29.7 3.87241
29.73 3.87279
29.76 3.87317
29.79 3.87353
29.82 3.87389
29.85 3.87424
29.88 3.87458
29.91 3.87492
29.94 3.87525
29.97 3.87557
30 3.87588
30.001 0
