0 5
0.03 5.07647
0.06 5.07657
0.09 5.07667
0.12 5.07677
0.15 5.07687
0.18 5.07696
0.21 5.07706
0.24 5.07716
0.27 5.07726
0.3 5.07736
0.33 5.07746
0.36 5.07756
0.39 5.07766
0.42 5.07776
0.45 5.07786
0.48 5.07796
0.51 5.07806
0.54 5.07816
0.57 5.07826
0.6 5.07836
0.63 5.07846
0.66 5.07856
0.69 5.07867
0.72 5.07877
0.75 5.07887
0.78 5.07897
0.81 5.07907
0.84 5.07917
0.87 5.07928
0.9 5.07938
0.93 5.07948
0.96 5.07958
0.99 5.07968
1.02 5.07979
1.05 5.07989
1.08 5.07999
1.11 5.08009
1.14 5.0802
1.17 5.0803
1.2 5.0804
1.23 5.08051
1.26 5.08061
1.29 5.08071
1.32 5.08082
1.35 5.08092
1.38 5.08103
1.41 5.08113
1.44 5.08123
1.47 5.08134
1.5 5.08144
1.53 5.08155
1.56 5.08165
1.59 5.08176
1.62 5.08186
1.65 5.08197
1.68 5.08207
1.71 5.08218
1.74 5.08229
1.77 5.08239
1.8 5.0825
1.83 5.0826
1.86 5.08271
1.89 5.08282
1.92 5.08292
1.95 5.08303
1.98 5.08314
2.01 5.08324
2.04 5.08335
2.07 5.08346
2.1 5.08357
2.13 5.08367
2.16 5.08378
2.19 5.08389
2.22 5.084
2.25 5.08411
2.28 5.08421
2.31 5.08432
2.34 5.08443
2.37 5.08454
2.4 5.08465
2.43 5.08476
2.46 5.08487
2.49 5.08498
2.52 5.08509
2.55 5.0852
2.58 5.08531
2.61 5.08542
2.64 5.08553
2.67 5.08564
2.7 5.08575
2.73 5.08586
2.76 5.08597
2.79 5.08608
2.82 5.08619
2.85 5.0863
2.88 5.08641
2.91 5.08653
2.94 5.08664
2.97 5.08675
3 5.08686
3.03 5.08697
3.06 5.08709
3.09 5.0872
3.12 5.08731
3.15 5.08742
3.18 5.08754
3.21 5.08765
3.24 5.08776
3.27 5.08788
3.3 5.08799
3.33 5.08811
3.36 5.08822
3.39 5.08833
3.42 5.08845
3.45 5.08856
3.48 5.08868
3.51 5.08879
3.54 5.08891
3.57 5.08902
3.6 5.08914
3.63 5.08926
3.66 5.08937
3.69 5.08949
3.72 5.0896
3.75 5.08972
3.78 5.08984
3.81 5.08995
3.84 5.09007
3.87 5.09019
3.9 5.09031
3.93 5.09042
3.96 5.09054
3.99 5.09066
4.02 5.09078
4.05 5.0909
4.08 5.09102
4.11 5.09113
4.14 5.09125
4.17 5.09137
4.2 5.09149
4.23 5.09161
4.26 5.09173
4.29 5.09185
4.32 5.09197
4.35 5.09209
4.38 5.09221
4.41 5.09233
4.44 5.09245
4.47 5.09258
4.5 5.0927
4.53 5.09282
4.56 5.09294
4.59 5.09306
4.62 5.09318
4.65 5.09331
4.68 5.09343
4.71 5.09355
4.74 5.09368
4.77 5.0938
4.8 5.09392
4.83 5.09405
4.86 5.09417
4.89 5.0943
4.92 5.09442
4.95 5.09454
4.98 5.09467
5.01 5.09479
5.04 5.09492
5.07 5.09505
5.1 5.09517
5.13 5.0953
5.16 5.09542
5.19 5.09555
5.22 5.09568
5.25 5.0958
5.28 5.09593
5.31 5.09606
5.34 5.09619
5.37 5.09631
5.4 5.09644
5.43 5.09657
5.46 5.0967
5.49 5.09683
5.52 5.09696
5.55 5.09709
5.58 5.09722
5.61 5.09735
5.64 5.09748
5.67 5.09761
5.7 5.09774
5.73 5.09787
5.76 5.098
5.79 5.09813
5.82 5.09826
5.85 5.09839
5.88 5.09853
5.91 5.09866
5.94 5.09879
5.97 5.09892
6 5.09906
6.03 5.09919
6.06 5.09932
6.09 5.09946
6.12 5.09959
6.15 5.09973
6.18 5.09986
6.21 5.1
6.24 5.10013
6.27 5.10027
6.3 5.1004
6.33 5.10054
6.36 5.10068
6.39 5.10081
6.42 5.10095
6.45 5.10109
6.48 5.10123
6.51 5.10136
6.54 5.1015
6.57 5.10164
6.6 5.10178
6.63 5.10192
6.66 5.10206
6.69 5.1022
6.72 5.10234
6.75 5.10248
6.78 5.10262
6.81 5.10276
6.84 5.1029
6.87 5.10304
6.9 5.10319
6.93 5.10333
6.96 5.10347
6.99 5.10361
7.02 5.10376
7.05 5.1039
7.08 5.10404
7.11 5.10419
7.14 5.10433
7.17 5.10448
7.2 5.10462
7.23 5.10477
7.26 5.10491
7.29 5.10506
7.32 5.10521
7.35 5.10535
7.38 5.1055
7.41 5.10565
7.44 5.10579
7.47 5.10594
7.5 5.10609
7.53 5.10624
7.56 5.10639
7.59 5.10654
7.62 5.10669
7.65 5.10684
7.68 5.10699
7.71 5.10714
7.74 5.10729
7.77 5.10744
7.8 5.1076
7.83 5.10775
7.86 5.1079
7.89 5.10805
7.92 5.10821
7.95 5.10836
7.98 5.10852
8.01 5.10867
8.04 5.10883
8.07 5.10898
8.1 5.10914
8.13 5.10929
8.16 5.10945
8.19 5.10961
8.22 5.10977
8.25 5.10992
8.28 5.11008
8.31 5.11024
8.34 5.1104
8.37 5.11056
8.4 5.11072
8.43 5.11088
8.46 5.11104
8.49 5.1112
8.52 5.11136
8.55 5.11153
8.58 5.11169
8.61 5.11185
8.64 5.11201
8.67 5.11218
8.7 5.11234
8.73 5.11251
8.76 5.11267
8.79 5.11284
8.82 5.113
8.85 5.11317
8.88 5.11334
8.91 5.1135
8.94 5.11367
8.97 5.11384
9 5.11401
9.03 5.11418
9.06 5.11435
9.09 5.11452
9.12 5.11469
9.15 5.11486
9.18 5.11503
9.21 5.1152
9.24 5.11537
9.27 5.11555
9.3 5.11572
9.33 5.1159
9.36 5.11607
9.39 5.11624
9.42 5.11642
9.45 5.1166
9.48 5.11677
9.51 5.11695
9.54 5.11713
9.57 5.1173
9.6 5.11748
9.63 5.11766
9.66 5.11784
9.69 5.11802
9.72 5.1182
9.75 5.11838
9.78 5.11857
9.81 5.11875
9.84 5.11893
9.87 5.11911
9.9 5.1193
9.93 5.11948
9.96 5.11967
9.99 5.11985
10.02 5.12004
10.05 5.12023
10.08 5.12041
10.11 5.1206
10.14 5.12079
10.17 5.12098
10.2 5.12117
10.23 5.12136
10.26 5.12155
10.29 5.12174
10.32 5.12193
10.35 5.12212
10.38 5.12232
10.41 5.12251
10.44 5.12271
10.47 5.1229
10.5 5.1231
10.53 5.12329
10.56 5.12349
10.59 5.12369
10.62 5.12388
10.65 5.12408
10.68 5.12428
10.71 5.12448
10.74 5.12468
10.77 5.12488
10.8 5.12509
10.83 5.12529
10.86 5.12549
10.89 5.1257
10.92 5.1259
10.95 5.12611
10.98 5.12631
11.01 5.12652
11.04 5.12673
11.07 5.12693
11.1 5.12714
11.13 5.12735
11.16 5.12756
11.19 5.12777
11.22 5.12798
11.25 5.1282
11.28 5.12841
11.31 5.12862
11.34 5.12884
11.37 5.12905
11.4 5.12927
11.43 5.12949
11.46 5.1297
11.49 5.12992
11.52 5.13014
11.55 5.13036
11.58 5.13058
11.61 5.1308
11.64 5.13102
11.67 5.13125
11.7 5.13147
11.73 5.13169
11.76 5.13192
11.79 5.13215
11.82 5.13237
11.85 5.1326
11.88 5.13283
11.91 5.13306
11.94 5.13329
11.97 5.13352
12 5.13375
12.03 5.13398
12.06 5.13422
12.09 5.13445
12.12 5.13468
12.15 5.13492
12.18 5.13516
12.21 5.13539
12.24 5.13563
12.27 5.13587
12.3 5.13611
12.33 5.13635
12.36 5.1366
12.39 5.13684
12.42 5.13708
12.45 5.13733
12.48 5.13757
12.51 5.13782
12.54 5.13807
12.57 5.13831
12.6 5.13856
12.63 5.13881
12.66 5.13907
12.69 5.13932
12.72 5.13957
12.75 5.13982
12.78 5.14008
12.81 5.14034
12.84 5.14059
12.87 5.14085
12.9 5.14111
12.93 5.14137
12.96 5.14163
12.99 5.14189
13.02 5.14216
13.05 5.14242
13.08 5.14268
13.11 5.14295
13.14 5.14322
13.17 5.14349
13.2 5.14376
13.23 5.14403
13.26 5.1443
13.29 5.14457
13.32 5.14484
13.35 5.14512
13.38 5.14539
13.41 5.14567
13.44 5.14595
13.47 5.14623
13.5 5.14651
13.53 5.14679
13.56 5.14707
13.59 5.14735
13.62 5.14764
13.65 5.14793
13.68 5.14821
13.71 5.1485
13.74 5.14879
13.77 5.14908
13.8 5.14937
13.83 5.14967
13.86 5.14996
13.89 5.15026
13.92 5.15055
13.95 5.15085
13.98 5.15115
14.01 5.15145
14.04 5.15175
14.07 5.15205
14.1 5.15236
14.13 5.15266
14.16 5.15297
14.19 5.15328
14.22 5.15359
14.25 5.1539
14.28 5.15421
14.31 5.15452
14.34 5.15484
14.37 5.15515
14.4 5.15547
14.43 5.15579
14.46 5.15611
14.49 5.15643
14.52 5.15675
14.55 5.15708
14.58 5.1574
14.61 5.15773
14.64 5.15806
14.67 5.15839
14.7 5.15872
14.73 5.15905
14.76 5.15939
14.79 5.15972
14.82 5.16006
14.85 5.1604
14.88 5.16074
14.91 5.16108
14.94 5.16142
14.97 5.16177
15 5.16211
15.03 5.16246
15.06 5.16281
15.09 5.16316
15.12 5.16352
15.15 5.16387
15.18 5.16422
15.21 5.16458
15.24 5.16494
15.27 5.1653
15.3 5.16566
15.33 5.16603
15.36 5.16639
15.39 5.16676
15.42 5.16713
15.45 5.1675
15.48 5.16787
15.51 5.16825
15.54 5.16862
15.57 5.169
15.6 5.16938
15.63 5.16976
15.66 5.17014
15.69 5.17053
15.72 5.17092
15.75 5.1713
15.78 5.17169
15.81 5.17209
15.84 5.17248
15.87 5.17288
15.9 5.17327
15.93 5.17367
15.96 5.17408
15.99 5.17448
16.02 5.17489
16.05 5.17529
16.08 5.1757
16.11 5.17611
16.14 5.17653
16.17 5.17694
16.2 5.17736
16.23 5.17778
16.26 5.1782
16.29 5.17863
16.32 5.17905
16.35 5.17948
16.38 5.17991
16.41 5.18034
16.44 5.18078
16.47 5.18122
16.5 5.18165
16.53 5.1821
16.56 5.18254
16.59 5.18299
16.62 5.18343
16.65 5.18388
16.68 5.18434
16.71 5.18479
16.74 5.18525
16.77 5.18571
16.8 5.18617
16.83 5.18664
16.86 5.1871
16.89 5.18757
16.92 5.18805
16.95 5.18852
16.98 5.189
17.01 5.18948
17.04 5.18996
17.07 5.19045
17.1 5.19093
17.13 5.19143
17.16 5.19192
17.19 5.19241
17.22 5.19291
17.25 5.19341
17.28 5.19392
17.31 5.19443
17.34 5.19494
17.37 5.19545
17.4 5.19596
17.43 5.19648
17.46 5.197
17.49 5.19753
17.52 5.19806
17.55 5.19859
17.58 5.19912
17.61 5.19966
17.64 5.2002
17.67 5.20074
17.7 5.20129
17.73 5.20184
17.76 5.20239
17.79 5.20295
17.82 5.20351
17.85 5.20407
17.88 5.20464
17.91 5.20521
17.94 5.20578
17.97 5.20636
18 5.20694
18.03 5.20752
18.06 5.20811
18.09 5.2087
18.12 5.2093
18.15 5.20989
18.18 5.2105
18.21 5.2111
18.24 5.21172
18.27 5.21233
18.3 5.21295
18.33 5.21357
18.36 5.2142
18.39 5.21483
18.42 5.21546
18.45 5.2161
18.48 5.21675
18.51 5.2174
18.54 5.21805
18.57 5.21871
18.6 5.21937
18.63 5.22003
18.66 5.2207
18.69 5.22138
18.72 5.22206
18.75 5.22275
18.78 5.22344
18.81 5.22413
18.84 5.22483
18.87 5.22554
18.9 5.22625
18.93 5.22696
18.96 5.22768
18.99 5.22841
19.02 5.22914
19.05 5.22988
19.08 5.23062
19.11 5.23137
19.14 5.23213
19.17 5.23289
19.2 5.23365
19.23 5.23442
19.26 5.2352
19.29 5.23599
19.32 5.23678
19.35 5.23757
19.38 5.23838
19.41 5.23919
19.44 5.24
19.47 5.24083
19.5 5.24166
19.53 5.2425
19.56 5.24334
19.59 5.24419
19.62 5.24505
19.65 5.24591
19.68 5.24679
19.71 5.24767
19.74 5.24856
19.77 5.24945
19.8 5.25036
19.83 5.25127
19.86 5.25219
19.89 5.25312
19.92 5.25406
19.95 5.255
19.98 5.25596
20.01 5.25692
20.04 5.25789
20.07 5.25887
20.1 5.25986
20.13 5.26086
20.16 5.26187
20.19 5.26289
20.22 5.26392
20.25 5.26496
20.28 5.26601
20.31 5.26706
20.34 5.26813
20.37 5.26921
20.4 5.2703
20.43 5.2714
20.46 5.27252
20.49 5.27364
20.52 5.27477
20.55 5.27592
20.58 5.27708
20.61 5.27825
20.64 5.27943
20.67 5.28062
20.7 5.28183
20.73 5.28305
20.76 5.28428
20.79 5.28553
20.82 5.28678
20.85 5.28806
20.88 5.28934
20.91 5.29064
20.94 5.29195
20.97 5.29328
21 5.29462
21.03 5.29597
21.06 5.29734
21.09 5.29873
21.12 5.30013
21.15 5.30154
21.18 5.30298
21.21 5.30442
21.24 5.30588
21.27 5.30736
21.3 5.30886
21.33 5.31037
21.36 5.3119
21.39 5.31344
21.42 5.315
21.45 5.31658
21.48 5.31818
21.51 5.31979
21.54 5.32143
21.57 5.32308
21.6 5.32475
21.63 5.32643
21.66 5.32814
21.69 5.32986
21.72 5.3316
21.75 5.33336
21.78 5.33514
21.81 5.33694
21.84 5.33876
21.87 5.3406
21.9 5.34246
21.93 5.34434
21.96 5.34623
21.99 5.34815
22.02 5.35009
22.05 5.35205
22.08 5.35402
22.11 5.35602
22.14 5.35804
22.17 5.36007
22.2 5.36213
22.23 5.3642
22.26 5.3663
22.29 5.36842
22.32 5.37055
22.35 5.37271
22.38 5.37488
22.41 5.37707
22.44 5.37929
22.47 5.38152
22.5 5.38377
22.53 5.38604
22.56 5.38832
22.59 5.39063
22.62 5.39295
22.65 5.39529
22.68 5.39764
22.71 5.40001
22.74 5.4024
22.77 5.4048
22.8 5.40722
22.83 5.40965
22.86 5.41209
22.89 5.41455
22.92 5.41702
22.95 5.4195
22.98 5.42199
23.01 5.42449
23.04 5.427
23.07 5.42952
23.1 5.43205
23.13 5.43458
23.16 5.43712
23.19 5.43967
23.22 5.44221
23.25 5.44476
23.28 5.44732
23.31 5.44987
23.34 5.45243
23.37 5.45498
23.4 5.45753
23.43 5.46007
23.46 5.46262
23.49 5.46515
23.52 5.46768
23.55 5.4702
23.58 5.47271
23.61 5.47521
23.64 5.4777
23.67 5.48017
23.7 5.48263
23.73 5.48508
23.76 5.48751
23.79 5.48992
23.82 5.49231
23.85 5.49468
23.88 5.49703
23.91 5.49935
23.94 5.50165
23.97 5.50393
24 5.50618
24.03 5.5084
24.06 5.5106
24.09 5.51276
24.12 5.5149
24.15 5.51701
24.18 5.51908
24.21 5.52112
24.24 5.52313
24.27 5.5251
24.3 5.52704
24.33 5.52894
24.36 5.53081
24.39 5.53264
24.42 5.53444
24.45 5.5362
24.48 5.53792
24.51 5.5396
24.54 5.54124
24.57 5.54285
24.6 5.54441
24.63 5.54594
24.66 5.54743
24.69 5.54888
24.72 5.5503
24.75 5.55167
24.78 5.55301
24.81 5.55431
24.84 5.55557
24.87 5.55679
24.9 5.55798
24.93 5.55912
24.96 5.56024
24.99 5.56131
25.02 5.56235
25.05 5.56336
25.08 5.56433
25.11 5.56527
25.14 5.56617
25.17 5.56704
25.2 5.56788
25.23 5.56868
25.26 5.56946
25.29 5.5702
25.32 5.57092
25.35 5.5716
25.38 5.57226
25.41 5.57289
25.44 5.57349
25.47 5.57406
25.5 5.57461
25.53 5.57514
25.56 5.57564
25.59 5.57611
25.62 5.57657
25.65 5.577
25.68 5.5774
25.71 5.57779
25.74 5.57816
25.77 5.5785
25.8 5.57883
25.83 5.57914
25.86 5.57943
25.89 5.5797
25.92 5.57996
25.95 5.5802
25.98 5.58042
26.01 5.58063
26.04 5.58082
26.07 5.581
26.1 5.58116
26.13 5.58131
26.16 5.58145
26.19 5.58158
26.22 5.58169
26.25 5.5818
26.28 5.58189
26.31 5.58197
26.34 5.58204
26.37 5.5821
26.4 5.58215
26.43 5.58219
26.46 5.58223
26.49 5.58225
26.52 5.58227
26.55 5.58228
26.58 5.58228
26.61 5.58227
26.64 5.58226
26.67 5.58224
26.7 5.58221
26.73 5.58218
26.76 5.58214
26.79 5.5821
26.82 5.58205
26.85 5.582
26.88 5.58194
26.91 5.58187
26.94 5.5818
26.97 5.58173
27 5.58165
27.03 5.58157
27.06 5.58149
27.09 5.5814
27.12 5.58131
27.15 5.58121
27.18 5.58111
27.21 5.58101
27.24 5.58091
27.27 5.5808
27.3 5.58069
27.33 5.58057
27.36 5.58046
27.39 5.58034
27.42 5.58022
27.45 5.5801
27.48 5.57997
27.51 5.57985
27.54 5.57972
27.57 5.57959
27.6 5.57946
27.63 5.57933
27.66 5.57919
27.69 5.57906
27.72 5.57892
27.75 5.57878
27.78 5.57864
27.81 5.5785
27.84 5.57836
27.87 5.57822
27.9 5.57808
27.93 5.57793
27.96 5.57779
27.99 5.57764
28.02 5.5775
28.05 5.57735
28.08 5.5772
28.11 5.57705
28.14 5.5769
28.17 5.57676
28.2 5.57661
28.23 5.57646
28.26 5.57631
28.29 5.57615
28.32 5.576
28.35 5.57585
28.38 5.5757
28.41 5.57555
28.44 5.5754
28.47 5.57525
28.5 5.5751
28.53 5.57494
28.56 5.57479
28.59 5.57464
28.62 5.57449
28.65 5.57434
28.68 5.57418
28.71 5.57403
28.74 5.57388
28.77 5.57373
28.8 5.57358
28.83 5.57343
28.86 5.57328
28.89 5.57312
28.92 5.57297
28.95 5.57282
28.98 5.57267
29.01 5.57252
29.04 5.57237
29.07 5.57222
29.1 5.57208
29.13 5.57193
29.16 5.57178
29.19 5.57163
29.22 5.57148
29.25 5.57134
29.28 5.57119
29.31 5.57104
29.34 5.5709
29.37 5.57075
29.4 5.5706
29.43 5.57046
29.46 5.57031
29.49 5.57017
29.52 5.57003
29.55 5.56988
29.58 5.56974
29.61 5.5696
29.64 5.56945
29.67 5.56931
29.7 5.56917
29.73 5.56903
29.76 5.56889
29.79 5.56875
29.82 5.56861
29.85 5.56847
29.88 5.56833
29.91 5.56819
29.94 5.56806
29.97 5.56792
30 5.56778
30.001 5
