0 -10
0.03 -8.67061
0.06 -8.6705
0.09 -8.6704
0.12 -8.67029
0.15 -8.67018
0.18 -8.67007
0.21 -8.66996
0.24 -8.66985
0.27 -8.66974
0.3 -8.66963
0.33 -8.66952
0.36 -8.66941
0.39 -8.66931
0.42 -8.6692
0.45 -8.66909
0.48 -8.66898
0.51 -8.66887
0.54 -8.66876
0.57 -8.66865
0.6 -8.66854
0.63 -8.66843
0.66 -8.66833
0.69 -8.66822
0.72 -8.66811
0.75 -8.668
0.78 -8.66789
0.81 -8.66778
0.84 -8.66767
0.87 -8.66756
0.9 -8.66745
0.93 -8.66734
0.96 -8.66724
0.99 -8.66713
1.02 -8.66702
1.05 -8.66691
1.08 -8.6668
1.11 -8.66669
1.14 -8.66658
1.17 -8.66647
1.2 -8.66636
1.23 -8.66625
1.26 -8.66615
1.29 -8.66604
1.32 -8.66593
1.35 -8.66582
1.38 -8.66571
1.41 -8.6656
1.44 -8.66549
1.47 -8.66538
1.5 -8.66527
1.53 -8.66516
1.56 -8.66506
1.59 -8.66495
1.62 -8.66484
1.65 -8.66473
1.68 -8.66462
1.71 -8.66451
1.74 -8.6644
1.77 -8.66429
1.8 -8.66418
1.83 -8.66407
1.86 -8.66397
1.89 -8.66386
1.92 -8.66375
1.95 -8.66364
1.98 -8.66353
2.01 -8.66342
2.04 -8.66331
2.07 -8.6632
2.1 -8.66309
2.13 -8.66298
2.16 -8.66287
2.19 -8.66277
2.22 -8.66266
2.25 -8.66255
2.28 -8.66244
2.31 -8.66233
2.34 -8.66222
2.37 -8.66211
2.4 -8.662
2.43 -8.66189
2.46 -8.66178
2.49 -8.66167
2.52 -8.66157
2.55 -8.66146
2.58 -8.66135
2.61 -8.66124
2.64 -8.66113
2.67 -8.66102
2.7 -8.66091
2.73 -8.6608
2.76 -8.66069
2.79 -8.66058
2.82 -8.66047
2.85 -8.66036
2.88 -8.66025
2.91 -8.66014
2.94 -8.66004
2.97 -8.65993
3 -8.65982
3.03 -8.65971
3.06 -8.6596
3.09 -8.65949
3.12 -8.65938
3.15 -8.65927
3.18 -8.65916
3.21 -8.65905
3.24 -8.65894
3.27 -8.65883
3.3 -8.65872
3.33 -8.65861
3.36 -8.6585
3.39 -8.65839
3.42 -8.65828
3.45 -8.65817
3.48 -8.65806
3.51 -8.65796
3.54 -8.65785
3.57 -8.65774
3.6 -8.65763
3.63 -8.65752
3.66 -8.65741
3.69 -8.6573
3.72 -8.65719
3.75 -8.65708
3.78 -8.65697
3.81 -8.65686
3.84 -8.65675
3.87 -8.65664
3.9 -8.65653
3.93 -8.65642
3.96 -8.65631
3.99 -8.6562
4.02 -8.65609
4.05 -8.65598
4.08 -8.65587
4.11 -8.65576
4.14 -8.65565
4.17 -8.65554
4.2 -8.65543
4.23 -8.65532
4.26 -8.65521
4.29 -8.6551
4.32 -8.65499
4.35 -8.65488
4.38 -8.65477
4.41 -8.65466
4.44 -8.65455
4.47 -8.65444
4.5 -8.65432
4.53 -8.65421
4.56 -8.6541
4.59 -8.65399
4.62 -8.65388
4.65 -8.65377
4.68 -8.65366
4.71 -8.65355
4.74 -8.65344
4.77 -8.65333
4.8 -8.65322
4.83 -8.65311
4.86 -8.653
4.89 -8.65289
4.92 -8.65278
4.95 -8.65266
4.98 -8.65255
5.01 -8.65244
5.04 -8.65233
5.07 -8.65222
5.1 -8.65211
5.13 -8.652
5.16 -8.65189
5.19 -8.65178
5.22 -8.65167
5.25 -8.65155
5.28 -8.65144
5.31 -8.65133
5.34 -8.65122
5.37 -8.65111
5.4 -8.651
5.43 -8.65089
5.46 -8.65077
5.49 -8.65066
5.52 -8.65055
5.55 -8.65044
5.58 -8.65033
5.61 -8.65022
5.64 -8.6501
5.67 -8.64999
5.7 -8.64988
5.73 -8.64977
5.76 -8.64966
5.79 -8.64954
5.82 -8.64943
5.85 -8.64932
5.88 -8.64921
5.91 -8.6491
5.94 -8.64898
5.97 -8.64887
6 -8.64876
6.03 -8.64865
6.06 -8.64853
6.09 -8.64842
6.12 -8.64831
6.15 -8.6482
6.18 -8.64808
6.21 -8.64797
6.24 -8.64786
6.27 -8.64774
6.3 -8.64763
6.33 -8.64752
6.36 -8.64741
6.39 -8.64729
6.42 -8.64718
6.45 -8.64707
6.48 -8.64695
6.51 -8.64684
6.54 -8.64673
6.57 -8.64661
6.6 -8.6465
6.63 -8.64639
6.66 -8.64627
6.69 -8.64616
6.72 -8.64605
6.75 -8.64593
6.78 -8.64582
6.81 -8.6457
6.84 -8.64559
6.87 -8.64548
6.9 -8.64536
6.93 -8.64525
6.96 -8.64513
6.99 -8.64502
7.02 -8.64491
7.05 -8.64479
7.08 -8.64468
7.11 -8.64456
7.14 -8.64445
7.17 -8.64433
7.2 -8.64422
7.23 -8.6441
7.26 -8.64399
7.29 -8.64387
7.32 -8.64376
7.35 -8.64364
7.38 -8.64353
7.41 -8.64341
7.44 -8.6433
7.47 -8.64318
7.5 -8.64307
7.53 -8.64295
7.56 -8.64284
7.59 -8.64272
7.62 -8.6426
7.65 -8.64249
7.68 -8.64237
7.71 -8.64226
7.74 -8.64214
7.77 -8.64202
7.8 -8.64191
7.83 -8.64179
7.86 -8.64168
7.89 -8.64156
7.92 -8.64144
7.95 -8.64133
7.98 -8.64121
8.01 -8.64109
8.04 -8.64098
8.07 -8.64086
8.1 -8.64074
8.13 -8.64063
8.16 -8.64051
8.19 -8.64039
8.22 -8.64027
8.25 -8.64016
8.28 -8.64004
8.31 -8.63992
8.34 -8.6398
8.37 -8.63969
8.4 -8.63957
8.43 -8.63945
8.46 -8.63933
8.49 -8.63921
8.52 -8.6391
8.55 -8.63898
8.58 -8.63886
8.61 -8.63874
8.64 -8.63862
8.67 -8.6385
8.7 -8.63838
8.73 -8.63826
8.76 -8.63815
8.79 -8.63803
8.82 -8.63791
8.85 -8.63779
8.88 -8.63767
8.91 -8.63755
8.94 -8.63743
8.97 -8.63731
9 -8.63719
9.03 -8.63707
9.06 -8.63695
9.09 -8.63683
9.12 -8.63671
9.15 -8.63659
9.18 -8.63647
9.21 -8.63635
9.24 -8.63623
9.27 -8.63611
9.3 -8.63599
9.33 -8.63587
9.36 -8.63575
9.39 -8.63563
9.42 -8.6355
9.45 -8.63538
9.48 -8.63526
9.51 -8.63514
9.54 -8.63502
9.57 -8.6349
9.6 -8.63477
9.63 -8.63465
9.66 -8.63453
9.69 -8.63441
9.72 -8.63429
9.75 -8.63416
9.78 -8.63404
9.81 -8.63392
9.84 -8.6338
9.87 -8.63367
9.9 -8.63355
9.93 -8.63343
9.96 -8.6333
9.99 -8.63318
10.02 -8.63306
10.05 -8.63293
10.08 -8.63281
10.11 -8.63269
10.14 -8.63256
10.17 -8.63244
10.2 -8.63232
10.23 -8.63219
10.26 -8.63207
10.29 -8.63194
10.32 -8.63182
10.35 -8.63169
10.38 -8.63157
10.41 -8.63144
10.44 -8.63132
10.47 -8.63119
10.5 -8.63107
10.53 -8.63094
10.56 -8.63082
10.59 -8.63069
10.62 -8.63057
10.65 -8.63044
10.68 -8.63032
10.71 -8.63019
10.74 -8.63006
10.77 -8.62994
10.8 -8.62981
10.83 -8.62968
10.86 -8.62956
10.89 -8.62943
10.92 -8.6293
10.95 -8.62918
10.98 -8.62905
11.01 -8.62892
11.04 -8.62879
11.07 -8.62867
11.1 -8.62854
11.13 -8.62841
11.16 -8.62828
11.19 -8.62816
11.22 -8.62803
11.25 -8.6279
11.28 -8.62777
11.31 -8.62764
11.34 -8.62751
11.37 -8.62738
11.4 -8.62726
11.43 -8.62713
11.46 -8.627
11.49 -8.62687
11.52 -8.62674
11.55 -8.62661
11.58 -8.62648
11.61 -8.62635
11.64 -8.62622
11.67 -8.62609
11.7 -8.62596
11.73 -8.62583
11.76 -8.6257
11.79 -8.62557
11.82 -8.62544
11.85 -8.62531
11.88 -8.62518
11.91 -8.62505
11.94 -8.62491
11.97 -8.62478
12 -8.62465
12.03 -8.62452
12.06 -8.62439
12.09 -8.62426
12.12 -8.62413
12.15 -8.62399
12.18 -8.62386
12.21 -8.62373
12.24 -8.6236
12.27 -8.62346
12.3 -8.62333
12.33 -8.6232
12.36 -8.62307
12.39 -8.62293
12.42 -8.6228
12.45 -8.62267
12.48 -8.62253
12.51 -8.6224
12.54 -8.62227
12.57 -8.62213
12.6 -8.622
12.63 -8.62186
12.66 -8.62173
12.69 -8.6216
12.72 -8.62146
12.75 -8.62133
12.78 -8.62119
12.81 -8.62106
12.84 -8.62092
12.87 -8.62079
12.9 -8.62065
12.93 -8.62052
12.96 -8.62038
12.99 -8.62025
13.02 -8.62011
13.05 -8.61998
13.08 -8.61984
13.11 -8.6197
13.14 -8.61957
13.17 -8.61943
13.2 -8.6193
13.23 -8.61916
13.26 -8.61902
13.29 -8.61889
13.32 -8.61875
13.35 -8.61861
13.38 -8.61848
13.41 -8.61834
13.44 -8.6182
13.47 -8.61807
13.5 -8.61793
13.53 -8.61779
13.56 -8.61766
13.59 -8.61752
13.62 -8.61738
13.65 -8.61724
13.68 -8.6171
13.71 -8.61697
13.74 -8.61683
13.77 -8.61669
13.8 -8.61655
13.83 -8.61641
13.86 -8.61628
13.89 -8.61614
13.92 -8.616
13.95 -8.61586
13.98 -8.61572
14.01 -8.61558
14.04 -8.61545
14.07 -8.61531
14.1 -8.61517
14.13 -8.61503
14.16 -8.61489
14.19 -8.61475
14.22 -8.61461
14.25 -8.61447
14.28 -8.61433
14.31 -8.61419
14.34 -8.61405
14.37 -8.61392
14.4 -8.61378
14.43 -8.61364
14.46 -8.6135
14.49 -8.61336
14.52 -8.61322
14.55 -8.61308
14.58 -8.61294
14.61 -8.6128
14.64 -8.61266
14.67 -8.61252
14.7 -8.61238
14.73 -8.61224
14.76 -8.6121
14.79 -8.61196
14.82 -8.61182
14.85 -8.61168
14.88 -8.61154
14.91 -8.6114
14.94 -8.61126
14.97 -8.61112
15 -8.61098
15.03 -8.61084
15.06 -8.6107
15.09 -8.61056
15.12 -8.61042
15.15 -8.61028
15.18 -8.61014
15.21 -8.61
15.24 -8.60986
15.27 -8.60972
15.3 -8.60958
15.33 -8.60944
15.36 -8.6093
15.39 -8.60916
15.42 -8.60902
15.45 -8.60888
15.48 -8.60874
15.51 -8.6086
15.54 -8.60846
15.57 -8.60832
15.6 -8.60818
15.63 -8.60804
15.66 -8.6079
15.69 -8.60776
15.72 -8.60762
15.75 -8.60748
15.78 -8.60735
15.81 -8.60721
15.84 -8.60707
15.87 -8.60693
15.9 -8.60679
15.93 -8.60665
15.96 -8.60651
15.99 -8.60637
16.02 -8.60624
16.05 -8.6061
16.08 -8.60596
16.11 -8.60582
16.14 -8.60569
16.17 -8.60555
16.2 -8.60541
16.23 -8.60527
16.26 -8.60514
16.29 -8.605
16.32 -8.60486
16.35 -8.60473
16.38 -8.60459
16.41 -8.60445
16.44 -8.60432
16.47 -8.60418
16.5 -8.60405
16.53 -8.60391
16.56 -8.60378
16.59 -8.60364
16.62 -8.60351
16.65 -8.60337
16.68 -8.60324
16.71 -8.60311
16.74 -8.60297
16.77 -8.60284
16.8 -8.60271
16.83 -8.60257
16.86 -8.60244
16.89 -8.60231
16.92 -8.60218
16.95 -8.60205
16.98 -8.60191
17.01 -8.60178
17.04 -8.60165
17.07 -8.60152
17.1 -8.60139
17.13 -8.60126
17.16 -8.60114
17.19 -8.60101
17.22 -8.60088
17.25 -8.60075
17.28 -8.60062
17.31 -8.6005
17.34 -8.60037
17.37 -8.60025
17.4 -8.60012
17.43 -8.6
17.46 -8.59987
17.49 -8.59975
17.52 -8.59962
17.55 -8.5995
17.58 -8.59938
17.61 -8.59926
17.64 -8.59914
17.67 -8.59902
17.7 -8.5989
17.73 -8.59878
17.76 -8.59866
17.79 -8.59854
17.82 -8.59842
17.85 -8.5983
17.88 -8.59819
17.91 -8.59807
17.94 -8.59796
17.97 -8.59784
18 -8.59773
18.03 -8.59762
18.06 -8.59751
18.09 -8.5974
18.12 -8.59729
18.15 -8.59718
18.18 -8.59707
18.21 -8.59696
18.24 -8.59685
18.27 -8.59675
18.3 -8.59664
18.33 -8.59654
18.36 -8.59644
18.39 -8.59633
18.42 -8.59623
18.45 -8.59613
18.48 -8.59603
18.51 -8.59594
18.54 -8.59584
18.57 -8.59574
18.6 -8.59565
18.63 -8.59555
18.66 -8.59546
18.69 -8.59537
18.72 -8.59528
18.75 -8.59519
18.78 -8.59511
18.81 -8.59502
18.84 -8.59494
18.87 -8.59485
18.9 -8.59477
18.93 -8.59469
18.96 -8.59461
18.99 -8.59453
19.02 -8.59446
19.05 -8.59438
19.08 -8.59431
19.11 -8.59424
19.14 -8.59417
19.17 -8.5941
19.2 -8.59404
19.23 -8.59397
19.26 -8.59391
19.29 -8.59385
19.32 -8.59379
19.35 -8.59373
19.38 -8.59368
19.41 -8.59363
19.44 -8.59358
19.47 -8.59353
19.5 -8.59348
19.53 -8.59344
19.56 -8.5934
19.59 -8.59336
19.62 -8.59332
19.65 -8.59328
19.68 -8.59325
19.71 -8.59322
19.74 -8.59319
19.77 -8.59317
19.8 -8.59315
19.83 -8.59313
19.86 -8.59311
19.89 -8.5931
19.92 -8.59309
19.95 -8.59308
19.98 -8.59308
20.01 -8.59308
20.04 -8.59308
20.07 -8.59309
20.1 -8.59309
20.13 -8.59311
20.16 -8.59312
20.19 -8.59314
20.22 -8.59317
20.25 -8.59319
20.28 -8.59322
20.31 -8.59326
20.34 -8.5933
20.37 -8.59334
20.4 -8.59339
20.43 -8.59344
20.46 -8.5935
20.49 -8.59356
20.52 -8.59362
20.55 -8.59369
20.58 -8.59377
20.61 -8.59385
20.64 -8.59393
20.67 -8.59402
20.7 -8.59412
20.73 -8.59422
20.76 -8.59433
20.79 -8.59444
20.82 -8.59456
20.85 -8.59469
20.88 -8.59482
20.91 -8.59495
20.94 -8.5951
20.97 -8.59525
21 -8.5954
21.03 -8.59557
21.06 -8.59574
21.09 -8.59592
21.12 -8.5961
21.15 -8.5963
21.18 -8.5965
21.21 -8.59671
21.24 -8.59693
21.27 -8.59715
21.3 -8.59738
21.33 -8.59763
21.36 -8.59788
21.39 -8.59814
21.42 -8.59841
21.45 -8.59869
21.48 -8.59898
21.51 -8.59928
21.54 -8.59959
21.57 -8.59991
21.6 -8.60024
21.63 -8.60058
21.66 -8.60094
21.69 -8.6013
21.72 -8.60168
21.75 -8.60206
21.78 -8.60247
21.81 -8.60288
21.84 -8.6033
21.87 -8.60374
21.9 -8.60419
21.93 -8.60466
21.96 -8.60514
21.99 -8.60563
22.02 -8.60614
22.05 -8.60666
22.08 -8.6072
22.11 -8.60776
22.14 -8.60833
22.17 -8.60891
22.2 -8.60951
22.23 -8.61013
22.26 -8.61077
22.29 -8.61142
22.32 -8.61209
22.35 -8.61278
22.38 -8.61349
22.41 -8.61421
22.44 -8.61496
22.47 -8.61572
22.5 -8.61651
22.53 -8.61731
22.56 -8.61814
22.59 -8.61898
22.62 -8.61985
22.65 -8.62074
22.68 -8.62165
22.71 -8.62258
22.74 -8.62354
22.77 -8.62452
22.8 -8.62552
22.83 -8.62654
22.86 -8.62759
22.89 -8.62867
22.92 -8.62977
22.95 -8.63089
22.98 -8.63204
23.01 -8.63321
23.04 -8.63441
23.07 -8.63564
23.1 -8.63689
23.13 -8.63817
23.16 -8.63948
23.19 -8.64081
23.22 -8.64217
23.25 -8.64356
23.28 -8.64498
23.31 -8.64643
23.34 -8.6479
23.37 -8.6494
23.4 -8.65093
23.43 -8.65249
23.46 -8.65408
23.49 -8.6557
23.52 -8.65734
23.55 -8.65902
23.58 -8.66072
23.61 -8.66246
23.64 -8.66422
23.67 -8.66601
23.7 -8.66783
23.73 -8.66968
23.76 -8.67156
23.79 -8.67346
23.82 -8.6754
23.85 -8.67736
23.88 -8.67935
23.91 -8.68137
23.94 -8.68341
23.97 -8.68548
24 -8.68758
24.03 -8.68971
24.06 -8.69186
24.09 -8.69404
24.12 -8.69624
24.15 -8.69846
24.18 -8.70071
24.21 -8.70298
24.24 -8.70528
24.27 -8.7076
24.3 -8.70994
24.33 -8.7123
24.36 -8.71468
24.39 -8.71708
24.42 -8.71949
24.45 -8.72193
24.48 -8.72438
24.51 -8.72685
24.54 -8.72934
24.57 -8.73184
24.6 -8.73435
24.63 -8.73688
24.66 -8.73942
24.69 -8.74197
24.72 -8.74453
24.75 -8.74711
24.78 -8.74969
24.81 -8.75227
24.84 -8.75487
24.87 -8.75747
24.9 -8.76008
24.93 -8.76269
24.96 -8.7653
24.99 -8.76792
25.02 -8.77054
25.05 -8.77316
25.08 -8.77578
25.11 -8.7784
25.14 -8.78102
25.17 -8.78363
25.2 -8.78625
25.23 -8.78885
25.26 -8.79146
25.29 -8.79405
25.32 -8.79665
25.35 -8.79923
25.38 -8.80181
25.41 -8.80438
25.44 -8.80694
25.47 -8.80949
25.5 -8.81203
25.53 -8.81456
25.56 -8.81708
25.59 -8.81958
25.62 -8.82208
25.65 -8.82456
25.68 -8.82702
25.71 -8.82948
25.74 -8.83192
25.77 -8.83434
25.8 -8.83675
25.83 -8.83914
25.86 -8.84152
25.89 -8.84388
25.92 -8.84623
25.95 -8.84856
25.98 -8.85087
26.01 -8.85316
26.04 -8.85544
26.07 -8.8577
26.1 -8.85994
26.13 -8.86216
26.16 -8.86437
26.19 -8.86655
26.22 -8.86872
26.25 -8.87087
26.28 -8.873
26.31 -8.87511
26.34 -8.8772
26.37 -8.87927
26.4 -8.88133
26.43 -8.88336
26.46 -8.88538
26.49 -8.88737
26.52 -8.88935
26.55 -8.8913
26.58 -8.89324
26.61 -8.89516
26.64 -8.89706
26.67 -8.89894
26.7 -8.9008
26.73 -8.90264
26.76 -8.90446
26.79 -8.90627
26.82 -8.90805
26.85 -8.90982
26.88 -8.91157
26.91 -8.91329
26.94 -8.915
26.97 -8.9167
27 -8.91837
27.03 -8.92002
27.06 -8.92166
27.09 -8.92328
27.12 -8.92488
27.15 -8.92646
27.18 -8.92803
27.21 -8.92957
27.24 -8.9311
27.27 -8.93262
27.3 -8.93411
27.33 -8.93559
27.36 -8.93705
27.39 -8.9385
27.42 -8.93993
27.45 -8.94134
27.48 -8.94273
27.51 -8.94411
27.54 -8.94548
27.57 -8.94682
27.6 -8.94816
27.63 -8.94947
27.66 -8.95077
27.69 -8.95206
27.72 -8.95333
27.75 -8.95459
27.78 -8.95583
27.81 -8.95705
27.84 -8.95827
27.87 -8.95946
27.9 -8.96065
27.93 -8.96182
27.96 -8.96297
27.99 -8.96411
28.02 -8.96524
28.05 -8.96636
28.08 -8.96746
28.11 -8.96855
28.14 -8.96962
28.17 -8.97069
28.2 -8.97174
28.23 -8.97278
28.26 -8.9738
28.29 -8.97482
28.32 -8.97582
28.35 -8.97681
28.38 -8.97778
28.41 -8.97875
28.44 -8.9797
28.47 -8.98065
28.5 -8.98158
28.53 -8.9825
28.56 -8.98341
28.59 -8.98431
28.62 -8.9852
28.65 -8.98608
28.68 -8.98695
28.71 -8.9878
28.74 -8.98865
28.77 -8.98949
28.8 -8.99032
28.83 -8.99114
28.86 -8.99194
28.89 -8.99274
28.92 -8.99353
28.95 -8.99431
28.98 -8.99508
29.01 -8.99585
29.04 -8.9966
29.07 -8.99735
29.1 -8.99808
29.13 -8.99881
29.16 -8.99953
29.19 -9.00024
29.22 -9.00094
29.25 -9.00164
29.28 -9.00233
29.31 -9.00301
29.34 -9.00368
29.37 -9.00434
29.4 -9.005
29.43 -9.00565
29.46 -9.00629
29.49 -9.00692
29.52 -9.00755
29.55 -9.00817
29.58 -9.00878
29.61 -9.00939
29.64 -9.00999
29.67 -9.01058
29.7 -9.01117
29.73 -9.01175
29.76 -9.01232
29.79 -9.01289
29.82 -9.01345
29.85 -9.01401
29.88 -9.01456
29.91 -9.0151
29.94 -9.01564
29.97 -9.01617
30 -9.0167
30.001 -10
