0 -10
0.001 -4.65017
0.002 -4.64841
0.003 -4.64664
0.004 -4.64486
0.005 -4.64307
0.006 -4.64127
0.007 -4.63946
0.008 -4.63763
0.009 -4.63579
0.01 -4.63394
0.011 -4.63208
0.012 -4.6302
0.013 -4.62831
0.014 -4.62642
0.015 -4.6245
0.016 -4.62258
0.017 -4.62064
0.018 -4.61869
0.019 -4.61673
0.02 -4.61476
0.021 -4.61277
0.022 -4.61077
0.023 -4.60875
0.024 -4.60672
0.025 -4.60468
0.026 -4.60263
0.027 -4.60056
0.028 -4.59848
0.029 -4.59638
0.03 -4.59427
0.031 -4.59215
0.032 -4.59001
0.033 -4.58786
0.034 -4.5857
0.035 -4.58352
0.036 -4.58132
0.037 -4.57912
0.038 -4.57689
0.039 -4.57465
0.04 -4.5724
0.041 -4.57013
0.042 -4.56785
0.043 -4.56555
0.044 -4.56324
0.045 -4.56091
0.046 -4.55857
0.047 -4.55621
0.048 -4.55383
0.049 -4.55144
0.05 -4.54903
0.051 -4.54661
0.052 -4.54417
0.053 -4.54171
0.054 -4.53924
0.055 -4.53675
0.056 -4.53425
0.057 -4.53173
0.058 -4.52919
0.059 -4.52663
0.06 -4.52406
0.061 -4.52147
0.062 -4.51886
0.063 -4.51624
0.064 -4.5136
0.065 -4.51094
0.066 -4.50826
0.067 -4.50556
0.068 -4.50285
0.069 -4.50012
0.07 -4.49737
0.071 -4.4946
0.072 -4.49182
0.073 -4.48901
0.074 -4.48619
0.075 -4.48334
0.076 -4.48048
0.077 -4.4776
0.078 -4.4747
0.079 -4.47178
0.08 -4.46884
0.081 -4.46588
0.082 -4.46291
0.083 -4.45991
0.084 -4.45689
0.085 -4.45385
0.086 -4.45079
0.087 -4.44771
0.088 -4.44461
0.089 -4.44149
0.09 -4.43835
0.091 -4.43519
0.092 -4.43201
0.093 -4.4288
0.094 -4.42558
0.095 -4.42233
0.096 -4.41906
0.097 -4.41577
0.098 -4.41246
0.099 -4.40912
0.1 -4.40576
0.101 -4.40239
0.102 -4.39898
0.103 -4.39556
0.104 -4.39211
0.105 -4.38864
0.106 -4.38515
0.107 -4.38164
0.108 -4.3781
0.109 -4.37454
0.11 -4.37095
0.111 -4.36734
0.112 -4.36371
0.113 -4.36005
0.114 -4.35637
0.115 -4.35267
0.116 -4.34894
0.117 -4.34518
0.118 -4.3414
0.119 -4.3376
0.12 -4.33377
0.121 -4.32992
0.122 -4.32604
0.123 -4.32214
0.124 -4.31821
0.125 -4.31426
0.126 -4.31028
0.127 -4.30627
0.128 -4.30224
0.129 -4.29818
0.13 -4.2941
0.131 -4.28999
0.132 -4.28585
0.133 -4.28169
0.134 -4.2775
0.135 -4.27328
0.136 -4.26904
0.137 -4.26476
0.138 -4.26047
0.139 -4.25614
0.14 -4.25179
0.141 -4.24741
0.142 -4.243
0.143 -4.23856
0.144 -4.2341
0.145 -4.22961
0.146 -4.22509
0.147 -4.22054
0.148 -4.21596
0.149 -4.21136
0.15 -4.20672
0.151 -4.20206
0.152 -4.19737
0.153 -4.19265
0.154 -4.1879
0.155 -4.18312
0.156 -4.17832
0.157 -4.17348
0.158 -4.16861
0.159 -4.16372
0.16 -4.15879
0.161 -4.15384
0.162 -4.14885
0.163 -4.14384
0.164 -4.13879
0.165 -4.13372
0.166 -4.12862
0.167 -4.12348
0.168 -4.11832
0.169 -4.11312
0.17 -4.1079
0.171 -4.10264
0.172 -4.09735
0.173 -4.09204
0.174 -4.08669
0.175 -4.08131
0.176 -4.07591
0.177 -4.07047
0.178 -4.065
0.179 -4.0595
0.18 -4.05397
0.181 -4.0484
0.182 -4.04281
0.183 -4.03719
0.184 -4.03153
0.185 -4.02585
0.186 -4.02013
0.187 -4.01439
0.188 -4.00861
0.189 -4.0028
0.19 -3.99696
0.191 -3.99109
0.192 -3.98519
0.193 -3.97926
0.194 -3.9733
0.195 -3.9673
0.196 -3.96128
0.197 -3.95523
0.198 -3.94914
0.199 -3.94303
0.2 -3.93688
0.201 -3.93071
0.202 -3.9245
0.203 -3.91827
0.204 -3.912
0.205 -3.90571
0.206 -3.89938
0.207 -3.89303
0.208 -3.88665
0.209 -3.88023
0.21 -3.87379
0.211 -3.86732
0.212 -3.86082
0.213 -3.85429
0.214 -3.84773
0.215 -3.84114
0.216 -3.83453
0.217 -3.82789
0.218 -3.82121
0.219 -3.81452
0.22 -3.80779
0.221 -3.80104
0.222 -3.79426
0.223 -3.78745
0.224 -3.78061
0.225 -3.77375
0.226 -3.76687
0.227 -3.75995
0.228 -3.75301
0.229 -3.74605
0.23 -3.73906
0.231 -3.73205
0.232 -3.72501
0.233 -3.71795
0.234 -3.71086
0.235 -3.70375
0.236 -3.69662
0.237 -3.68946
0.238 -3.68229
0.239 -3.67508
0.24 -3.66786
0.241 -3.66062
0.242 -3.65335
0.243 -3.64607
0.244 -3.63876
0.245 -3.63144
0.246 -3.62409
0.247 -3.61672
0.248 -3.60934
0.249 -3.60194
0.25 -3.59452
0.251 -3.58708
0.252 -3.57963
0.253 -3.57216
0.254 -3.56467
0.255 -3.55717
0.256 -3.54965
0.257 -3.54212
0.258 -3.53457
0.259 -3.52701
0.26 -3.51944
0.261 -3.51185
0.262 -3.50425
0.263 -3.49664
0.264 -3.48902
0.265 -3.48139
0.266 -3.47375
0.267 -3.4661
0.268 -3.45844
0.269 -3.45077
0.27 -3.44309
0.271 -3.43541
0.272 -3.42771
0.273 -3.42002
0.274 -3.41231
0.275 -3.4046
0.276 -3.39689
0.277 -3.38917
0.278 -3.38145
0.279 -3.37373
0.28 -3.366
0.281 -3.35827
0.282 -3.35054
0.283 -3.34281
0.284 -3.33508
0.285 -3.32735
0.286 -3.31963
0.287 -3.3119
0.288 -3.30417
0.289 -3.29645
0.29 -3.28873
0.291 -3.28102
0.292 -3.27331
0.293 -3.2656
0.294 -3.2579
0.295 -3.25021
0.296 -3.24252
0.297 -3.23484
0.298 -3.22717
0.299 -3.21951
0.3 -3.21185
0.301 -3.20421
0.302 -3.19658
0.303 -3.18895
0.304 -3.18134
0.305 -3.17374
0.306 -3.16615
0.307 -3.15857
0.308 -3.15101
0.309 -3.14346
0.31 -3.13592
0.311 -3.1284
0.312 -3.12089
0.313 -3.1134
0.314 -3.10593
0.315 -3.09847
0.316 -3.09103
0.317 -3.08361
0.318 -3.0762
0.319 -3.06881
0.32 -3.06145
0.321 -3.0541
0.322 -3.04677
0.323 -3.03946
0.324 -3.03217
0.325 -3.0249
0.326 -3.01765
0.327 -3.01042
0.328 -3.00321
0.329 -2.99603
0.33 -2.98887
0.331 -2.98173
0.332 -2.97462
0.333 -2.96752
0.334 -2.96046
0.335 -2.95341
0.336 -2.94639
0.337 -2.93939
0.338 -2.93242
0.339 -2.92547
0.34 -2.91855
0.341 -2.91166
0.342 -2.90479
0.343 -2.89794
0.344 -2.89112
0.345 -2.88433
0.346 -2.87756
0.347 -2.87082
0.348 -2.8641
0.349 -2.85742
0.35 -2.85076
0.351 -2.84412
0.352 -2.83751
0.353 -2.83093
0.354 -2.82438
0.355 -2.81786
0.356 -2.81136
0.357 -2.80489
0.358 -2.79844
0.359 -2.79203
0.36 -2.78564
0.361 -2.77928
0.362 -2.77294
0.363 -2.76664
0.364 -2.76036
0.365 -2.75411
0.366 -2.74788
0.367 -2.74169
0.368 -2.73552
0.369 -2.72938
0.37 -2.72326
0.371 -2.71718
0.372 -2.71112
0.373 -2.70508
0.374 -2.69908
0.375 -2.6931
0.376 -2.68715
0.377 -2.68122
0.378 -2.67533
0.379 -2.66945
0.38 -2.66361
0.381 -2.65779
0.382 -2.652
0.383 -2.64623
0.384 -2.64049
0.385 -2.63478
0.386 -2.62909
0.387 -2.62342
0.388 -2.61779
0.389 -2.61217
0.39 -2.60658
0.391 -2.60102
0.392 -2.59548
0.393 -2.58997
0.394 -2.58448
0.395 -2.57901
0.396 -2.57357
0.397 -2.56815
0.398 -2.56276
0.399 -2.55739
0.4 -2.55204
0.401 -2.54672
0.402 -2.54141
0.403 -2.53613
0.404 -2.53088
0.405 -2.52564
0.406 -2.52043
0.407 -2.51524
0.408 -2.51007
0.409 -2.50492
0.41 -2.4998
0.411 -2.49469
0.412 -2.48961
0.413 -2.48454
0.414 -2.4795
0.415 -2.47447
0.416 -2.46947
0.417 -2.46449
0.418 -2.45952
0.419 -2.45458
0.42 -2.44965
0.421 -2.44475
0.422 -2.43986
0.423 -2.43499
0.424 -2.43014
0.425 -2.42531
0.426 -2.42049
0.427 -2.4157
0.428 -2.41092
0.429 -2.40616
0.43 -2.40141
0.431 -2.39668
0.432 -2.39197
0.433 -2.38728
0.434 -2.3826
0.435 -2.37794
0.436 -2.3733
0.437 -2.36867
0.438 -2.36406
0.439 -2.35946
0.44 -2.35488
0.441 -2.35032
0.442 -2.34577
0.443 -2.34123
0.444 -2.33671
0.445 -2.3322
0.446 -2.32771
0.447 -2.32324
0.448 -2.31878
0.449 -2.31433
0.45 -2.3099
0.451 -2.30548
0.452 -2.30107
0.453 -2.29668
0.454 -2.2923
0.455 -2.28794
0.456 -2.28359
0.457 -2.27925
0.458 -2.27493
0.459 -2.27062
0.46 -2.26632
0.461 -2.26203
0.462 -2.25776
0.463 -2.2535
0.464 -2.24926
0.465 -2.24502
0.466 -2.2408
0.467 -2.2366
0.468 -2.2324
0.469 -2.22822
0.47 -2.22405
0.471 -2.21989
0.472 -2.21575
0.473 -2.21161
0.474 -2.20749
0.475 -2.20338
0.476 -2.19929
0.477 -2.1952
0.478 -2.19113
0.479 -2.18707
0.48 -2.18303
0.481 -2.17899
0.482 -2.17497
0.483 -2.17096
0.484 -2.16696
0.485 -2.16298
0.486 -2.159
0.487 -2.15504
0.488 -2.15109
0.489 -2.14716
0.49 -2.14323
0.491 -2.13932
0.492 -2.13542
0.493 -2.13154
0.494 -2.12766
0.495 -2.1238
0.496 -2.11995
0.497 -2.11612
0.498 -2.1123
0.499 -2.10849
0.5 -2.10469
0.501 -2.10091
0.502 -2.09714
0.503 -2.09338
0.504 -2.08964
0.505 -2.08591
0.506 -2.08219
0.507 -2.07849
0.508 -2.0748
0.509 -2.07113
0.51 -2.06746
0.511 -2.06382
0.512 -2.06019
0.513 -2.05657
0.514 -2.05296
0.515 -2.04938
0.516 -2.0458
0.517 -2.04224
0.518 -2.0387
0.519 -2.03517
0.52 -2.03166
0.521 -2.02816
0.522 -2.02468
0.523 -2.02121
0.524 -2.01776
0.525 -2.01433
0.526 -2.01091
0.527 -2.00751
0.528 -2.00412
0.529 -2.00076
0.53 -1.99741
0.531 -1.99407
0.532 -1.99076
0.533 -1.98746
0.534 -1.98418
0.535 -1.98092
0.536 -1.97767
0.537 -1.97445
0.538 -1.97124
0.539 -1.96805
0.54 -1.96488
0.541 -1.96173
0.542 -1.9586
0.543 -1.95549
0.544 -1.9524
0.545 -1.94933
0.546 -1.94628
0.547 -1.94325
0.548 -1.94024
0.549 -1.93725
0.55 -1.93428
0.551 -1.93134
0.552 -1.92841
0.553 -1.92551
0.554 -1.92263
0.555 -1.91977
0.556 -1.91694
0.557 -1.91413
0.558 -1.91134
0.559 -1.90857
0.56 -1.90583
0.561 -1.90311
0.562 -1.90041
0.563 -1.89774
0.564 -1.8951
0.565 -1.89248
0.566 -1.88988
0.567 -1.88731
0.568 -1.88476
0.569 -1.88224
0.57 -1.87975
0.571 -1.87728
0.572 -1.87484
0.573 -1.87243
0.574 -1.87004
0.575 -1.86768
0.576 -1.86535
0.577 -1.86304
0.578 -1.86077
0.579 -1.85852
0.58 -1.8563
0.581 -1.85411
0.582 -1.85194
0.583 -1.84981
0.584 -1.84771
0.585 -1.84563
0.586 -1.84359
0.587 -1.84157
0.588 -1.83959
0.589 -1.83764
0.59 -1.83572
0.591 -1.83383
0.592 -1.83197
0.593 -1.83014
0.594 -1.82834
0.595 -1.82658
0.596 -1.82485
0.597 -1.82315
0.598 -1.82148
0.599 -1.81985
0.6 -1.81825
0.601 -1.81669
0.602 -1.81516
0.603 -1.81366
0.604 -1.81219
0.605 -1.81077
0.606 -1.80937
0.607 -1.80801
0.608 -1.80669
0.609 -1.8054
0.61 -1.80415
0.611 -1.80293
0.612 -1.80175
0.613 -1.8006
0.614 -1.79949
0.615 -1.79842
0.616 -1.79738
0.617 -1.79639
0.618 -1.79543
0.619 -1.7945
0.62 -1.79362
0.621 -1.79277
0.622 -1.79196
0.623 -1.79118
0.624 -1.79045
0.625 -1.78976
0.626 -1.7891
0.627 -1.78848
0.628 -1.7879
0.629 -1.78737
0.63 -1.78687
0.631 -1.78641
0.632 -1.78599
0.633 -1.7856
0.634 -1.78526
0.635 -1.78496
0.636 -1.78471
0.637 -1.78449
0.638 -1.78431
0.639 -1.78417
0.64 -1.78407
0.641 -1.78402
0.642 -1.784
0.643 -1.78403
0.644 -1.7841
0.645 -1.78421
0.646 -1.78436
0.647 -1.78456
0.648 -1.78479
0.649 -1.78507
0.65 -1.78539
0.651 -1.78575
0.652 -1.78616
0.653 -1.7866
0.654 -1.78709
0.655 -1.78762
0.656 -1.7882
0.657 -1.78882
0.658 -1.78948
0.659 -1.79018
0.66 -1.79093
0.661 -1.79172
0.662 -1.79255
0.663 -1.79343
0.664 -1.79435
0.665 -1.79531
0.666 -1.79631
0.667 -1.79736
0.668 -1.79846
0.669 -1.79959
0.67 -1.80077
0.671 -1.802
0.672 -1.80327
0.673 -1.80458
0.674 -1.80593
0.675 -1.80733
0.676 -1.80877
0.677 -1.81026
0.678 -1.81179
0.679 -1.81336
0.68 -1.81498
0.681 -1.81664
0.682 -1.81834
0.683 -1.82009
0.684 -1.82188
0.685 -1.82372
0.686 -1.82559
0.687 -1.82752
0.688 -1.82948
0.689 -1.83149
0.69 -1.83355
0.691 -1.83564
0.692 -1.83778
0.693 -1.83996
0.694 -1.84219
0.695 -1.84446
0.696 -1.84677
0.697 -1.84913
0.698 -1.85153
0.699 -1.85397
0.7 -1.85646
0.701 -1.85899
0.702 -1.86156
0.703 -1.86417
0.704 -1.86683
0.705 -1.86953
0.706 -1.87227
0.707 -1.87505
0.708 -1.87788
0.709 -1.88075
0.71 -1.88366
0.711 -1.88661
0.712 -1.8896
0.713 -1.89264
0.714 -1.89572
0.715 -1.89883
0.716 -1.902
0.717 -1.9052
0.718 -1.90844
0.719 -1.91172
0.72 -1.91505
0.721 -1.91841
0.722 -1.92182
0.723 -1.92527
0.724 -1.92875
0.725 -1.93228
0.726 -1.93585
0.727 -1.93946
0.728 -1.9431
0.729 -1.94679
0.73 -1.95052
0.731 -1.95428
0.732 -1.95809
0.733 -1.96193
0.734 -1.96581
0.735 -1.96973
0.736 -1.97369
0.737 -1.97769
0.738 -1.98172
0.739 -1.9858
0.74 -1.98991
0.741 -1.99406
0.742 -1.99824
0.743 -2.00247
0.744 -2.00673
0.745 -2.01102
0.746 -2.01536
0.747 -2.01973
0.748 -2.02413
0.749 -2.02858
0.75 -2.03306
0.751 -2.03757
0.752 -2.04212
0.753 -2.0467
0.754 -2.05132
0.755 -2.05598
0.756 -2.06066
0.757 -2.06539
0.758 -2.07015
0.759 -2.07494
0.76 -2.07976
0.761 -2.08462
0.762 -2.08951
0.763 -2.09444
0.764 -2.09939
0.765 -2.10438
0.766 -2.10941
0.767 -2.11446
0.768 -2.11955
0.769 -2.12466
0.77 -2.12981
0.771 -2.13499
0.772 -2.14021
0.773 -2.14545
0.774 -2.15072
0.775 -2.15602
0.776 -2.16136
0.777 -2.16672
0.778 -2.17211
0.779 -2.17754
0.78 -2.18299
0.781 -2.18847
0.782 -2.19398
0.783 -2.19951
0.784 -2.20508
0.785 -2.21067
0.786 -2.21629
0.787 -2.22194
0.788 -2.22761
0.789 -2.23331
0.79 -2.23904
0.791 -2.2448
0.792 -2.25058
0.793 -2.25638
0.794 -2.26222
0.795 -2.26807
0.796 -2.27396
0.797 -2.27986
0.798 -2.28579
0.799 -2.29175
0.8 -2.29773
0.801 -2.30374
0.802 -2.30976
0.803 -2.31581
0.804 -2.32189
0.805 -2.32798
0.806 -2.3341
0.807 -2.34025
0.808 -2.34641
0.809 -2.35259
0.81 -2.3588
0.811 -2.36503
0.812 -2.37128
0.813 -2.37755
0.814 -2.38384
0.815 -2.39015
0.816 -2.39648
0.817 -2.40283
0.818 -2.4092
0.819 -2.41559
0.82 -2.422
0.821 -2.42842
0.822 -2.43487
0.823 -2.44133
0.824 -2.44781
0.825 -2.45431
0.826 -2.46083
0.827 -2.46736
0.828 -2.47391
0.829 -2.48047
0.83 -2.48706
0.831 -2.49366
0.832 -2.50027
0.833 -2.5069
0.834 -2.51355
0.835 -2.52021
0.836 -2.52688
0.837 -2.53357
0.838 -2.54028
0.839 -2.54699
0.84 -2.55373
0.841 -2.56047
0.842 -2.56723
0.843 -2.574
0.844 -2.58079
0.845 -2.58758
0.846 -2.59439
0.847 -2.60122
0.848 -2.60805
0.849 -2.61489
0.85 -2.62175
0.851 -2.62862
0.852 -2.6355
0.853 -2.64238
0.854 -2.64928
0.855 -2.65619
0.856 -2.66311
0.857 -2.67004
0.858 -2.67698
0.859 -2.68392
0.86 -2.69088
0.861 -2.69784
0.862 -2.70482
0.863 -2.7118
0.864 -2.71878
0.865 -2.72578
0.866 -2.73278
0.867 -2.7398
0.868 -2.74681
0.869 -2.75384
0.87 -2.76087
0.871 -2.76791
0.872 -2.77495
0.873 -2.782
0.874 -2.78905
0.875 -2.79611
0.876 -2.80318
0.877 -2.81025
0.878 -2.81732
0.879 -2.8244
0.88 -2.83149
0.881 -2.83857
0.882 -2.84566
0.883 -2.85276
0.884 -2.85986
0.885 -2.86696
0.886 -2.87406
0.887 -2.88117
0.888 -2.88828
0.889 -2.89539
0.89 -2.9025
0.891 -2.90962
0.892 -2.91674
0.893 -2.92386
0.894 -2.93098
0.895 -2.9381
0.896 -2.94522
0.897 -2.95234
0.898 -2.95946
0.899 -2.96659
0.9 -2.97371
0.901 -2.98083
0.902 -2.98796
0.903 -2.99508
0.904 -3.0022
0.905 -3.00932
0.906 -3.01644
0.907 -3.02356
0.908 -3.03067
0.909 -3.03779
0.91 -3.0449
0.911 -3.05201
0.912 -3.05912
0.913 -3.06623
0.914 -3.07333
0.915 -3.08043
0.916 -3.08753
0.917 -3.09462
0.918 -3.10171
0.919 -3.1088
0.92 -3.11589
0.921 -3.12297
0.922 -3.13004
0.923 -3.13711
0.924 -3.14418
0.925 -3.15125
0.926 -3.1583
0.927 -3.16536
0.928 -3.17241
0.929 -3.17945
0.93 -3.18649
0.931 -3.19352
0.932 -3.20055
0.933 -3.20757
0.934 -3.21459
0.935 -3.2216
0.936 -3.2286
0.937 -3.2356
0.938 -3.24259
0.939 -3.24957
0.94 -3.25655
0.941 -3.26352
0.942 -3.27048
0.943 -3.27744
0.944 -3.28438
0.945 -3.29132
0.946 -3.29826
0.947 -3.30518
0.948 -3.3121
0.949 -3.31901
0.95 -3.32591
0.951 -3.33281
0.952 -3.33969
0.953 -3.34657
0.954 -3.35343
0.955 -3.36029
0.956 -3.36714
0.957 -3.37398
0.958 -3.38082
0.959 -3.38764
0.96 -3.39445
0.961 -3.40126
0.962 -3.40805
0.963 -3.41484
0.964 -3.42161
0.965 -3.42837
0.966 -3.43513
0.967 -3.44187
0.968 -3.44861
0.969 -3.45533
0.97 -3.46205
0.971 -3.46875
0.972 -3.47544
0.973 -3.48212
0.974 -3.4888
0.975 -3.49546
0.976 -3.50211
0.977 -3.50874
0.978 -3.51537
0.979 -3.52199
0.98 -3.52859
0.981 -3.53518
0.982 -3.54177
0.983 -3.54834
0.984 -3.55489
0.985 -3.56144
0.986 -3.56797
0.987 -3.5745
0.988 -3.58101
0.989 -3.58751
0.99 -3.59399
0.991 -3.60047
0.992 -3.60693
0.993 -3.61338
0.994 -3.61982
0.995 -3.62624
0.996 -3.63265
0.997 -3.63905
0.998 -3.64544
0.999 -3.65181
1 -3.65817
1.001 -10
