0 0
0.001 1.53454
0.002 1.53553
0.003 1.53652
0.004 1.53752
0.005 1.53853
0.006 1.53954
0.007 1.54056
0.008 1.54158
0.009 1.54262
0.01 1.54366
0.011 1.5447
0.012 1.54576
0.013 1.54682
0.014 1.54788
0.015 1.54895
0.016 1.55004
0.017 1.55112
0.018 1.55222
0.019 1.55332
0.02 1.55443
0.021 1.55554
0.022 1.55666
0.023 1.5578
0.024 1.55893
0.025 1.56008
0.026 1.56123
0.027 1.56239
0.028 1.56356
0.029 1.56473
0.03 1.56592
0.031 1.56711
0.032 1.5683
0.033 1.56951
0.034 1.57072
0.035 1.57195
0.036 1.57318
0.037 1.57441
0.038 1.57566
0.039 1.57691
0.04 1.57818
0.041 1.57945
0.042 1.58073
0.043 1.58201
0.044 1.58331
0.045 1.58461
0.046 1.58593
0.047 1.58725
0.048 1.58858
0.049 1.58992
0.05 1.59127
0.051 1.59262
0.052 1.59399
0.053 1.59536
0.054 1.59675
0.055 1.59814
0.056 1.59954
0.057 1.60096
0.058 1.60238
0.059 1.60381
0.06 1.60525
0.061 1.6067
0.062 1.60816
0.063 1.60962
0.064 1.6111
0.065 1.61259
0.066 1.61409
0.067 1.6156
0.068 1.61712
0.069 1.61864
0.07 1.62018
0.071 1.62173
0.072 1.62329
0.073 1.62486
0.074 1.62644
0.075 1.62803
0.076 1.62963
0.077 1.63124
0.078 1.63286
0.079 1.63449
0.08 1.63614
0.081 1.63779
0.082 1.63946
0.083 1.64113
0.084 1.64282
0.085 1.64452
0.086 1.64623
0.087 1.64795
0.088 1.64969
0.089 1.65143
0.09 1.65319
0.091 1.65496
0.092 1.65674
0.093 1.65853
0.094 1.66033
0.095 1.66215
0.096 1.66397
0.097 1.66581
0.098 1.66767
0.099 1.66953
0.1 1.67141
0.101 1.6733
0.102 1.6752
0.103 1.67711
0.104 1.67904
0.105 1.68098
0.106 1.68293
0.107 1.6849
0.108 1.68687
0.109 1.68887
0.11 1.69087
0.111 1.69289
0.112 1.69492
0.113 1.69696
0.114 1.69902
0.115 1.70109
0.116 1.70318
0.117 1.70528
0.118 1.70739
0.119 1.70952
0.12 1.71166
0.121 1.71382
0.122 1.71599
0.123 1.71817
0.124 1.72037
0.125 1.72258
0.126 1.72481
0.127 1.72705
0.128 1.7293
0.129 1.73157
0.13 1.73386
0.131 1.73616
0.132 1.73848
0.133 1.74081
0.134 1.74315
0.135 1.74551
0.136 1.74789
0.137 1.75028
0.138 1.75269
0.139 1.75511
0.14 1.75755
0.141 1.76
0.142 1.76247
0.143 1.76496
0.144 1.76746
0.145 1.76998
0.146 1.77251
0.147 1.77506
0.148 1.77763
0.149 1.78021
0.15 1.78281
0.151 1.78543
0.152 1.78806
0.153 1.79071
0.154 1.79337
0.155 1.79606
0.156 1.79876
0.157 1.80147
0.158 1.80421
0.159 1.80696
0.16 1.80973
0.161 1.81251
0.162 1.81531
0.163 1.81813
0.164 1.82097
0.165 1.82382
0.166 1.8267
0.167 1.82959
0.168 1.8325
0.169 1.83542
0.17 1.83836
0.171 1.84133
0.172 1.84431
0.173 1.8473
0.174 1.85032
0.175 1.85335
0.176 1.8564
0.177 1.85948
0.178 1.86256
0.179 1.86567
0.18 1.8688
0.181 1.87194
0.182 1.8751
0.183 1.87828
0.184 1.88148
0.185 1.8847
0.186 1.88794
0.187 1.89119
0.188 1.89447
0.189 1.89776
0.19 1.90107
0.191 1.90441
0.192 1.90776
0.193 1.91112
0.194 1.91451
0.195 1.91792
0.196 1.92134
0.197 1.92479
0.198 1.92825
0.199 1.93174
0.2 1.93524
0.201 1.93876
0.202 1.9423
0.203 1.94586
0.204 1.94944
0.205 1.95303
0.206 1.95665
0.207 1.96029
0.208 1.96394
0.209 1.96761
0.21 1.97131
0.211 1.97502
0.212 1.97875
0.213 1.9825
0.214 1.98627
0.215 1.99005
0.216 1.99386
0.217 1.99769
0.218 2.00153
0.219 2.00539
0.22 2.00927
0.221 2.01317
0.222 2.01709
0.223 2.02103
0.224 2.02499
0.225 2.02896
0.226 2.03295
0.227 2.03696
0.228 2.04099
0.229 2.04504
0.23 2.0491
0.231 2.05319
0.232 2.05729
0.233 2.06141
0.234 2.06554
0.235 2.0697
0.236 2.07387
0.237 2.07806
0.238 2.08226
0.239 2.08649
0.24 2.09073
0.241 2.09498
0.242 2.09926
0.243 2.10355
0.244 2.10785
0.245 2.11218
0.246 2.11652
0.247 2.12087
0.248 2.12524
0.249 2.12963
0.25 2.13403
0.251 2.13845
0.252 2.14288
0.253 2.14733
0.254 2.15179
0.255 2.15627
0.256 2.16076
0.257 2.16527
0.258 2.16979
0.259 2.17432
0.26 2.17887
0.261 2.18343
0.262 2.18801
0.263 2.19259
0.264 2.19719
0.265 2.20181
0.266 2.20643
0.267 2.21107
0.268 2.21572
0.269 2.22038
0.27 2.22505
0.271 2.22974
0.272 2.23443
0.273 2.23914
0.274 2.24385
0.275 2.24858
0.276 2.25332
0.277 2.25806
0.278 2.26282
0.279 2.26758
0.28 2.27236
0.281 2.27714
0.282 2.28193
0.283 2.28673
0.284 2.29154
0.285 2.29635
0.286 2.30117
0.287 2.306
0.288 2.31084
0.289 2.31568
0.29 2.32053
0.291 2.32538
0.292 2.33024
0.293 2.33511
0.294 2.33998
0.295 2.34485
0.296 2.34973
0.297 2.35462
0.298 2.35951
0.299 2.3644
0.3 2.36929
0.301 2.37419
0.302 2.37909
0.303 2.384
0.304 2.3889
0.305 2.39381
0.306 2.39872
0.307 2.40363
0.308 2.40854
0.309 2.41346
0.31 2.41837
0.311 2.42329
0.312 2.4282
0.313 2.43312
0.314 2.43803
0.315 2.44295
0.316 2.44786
0.317 2.45277
0.318 2.45768
0.319 2.46259
0.32 2.4675
0.321 2.47241
0.322 2.47731
0.323 2.48221
0.324 2.48711
0.325 2.492
0.326 2.49689
0.327 2.50178
0.328 2.50667
0.329 2.51155
0.33 2.51643
0.331 2.5213
0.332 2.52617
0.333 2.53104
0.334 2.53589
0.335 2.54075
0.336 2.5456
0.337 2.55045
0.338 2.55528
0.339 2.56012
0.34 2.56495
0.341 2.56977
0.342 2.57459
0.343 2.5794
0.344 2.5842
0.345 2.589
0.346 2.59379
0.347 2.59858
0.348 2.60336
0.349 2.60813
0.35 2.6129
0.351 2.61766
0.352 2.62241
0.353 2.62715
0.354 2.63189
0.355 2.63662
0.356 2.64134
0.357 2.64606
0.358 2.65077
0.359 2.65547
0.36 2.66017
0.361 2.66485
0.362 2.66953
0.363 2.67421
0.364 2.67887
0.365 2.68353
0.366 2.68818
0.367 2.69282
0.368 2.69746
0.369 2.70208
0.37 2.7067
0.371 2.71132
0.372 2.71592
0.373 2.72052
0.374 2.72511
0.375 2.7297
0.376 2.73427
0.377 2.73884
0.378 2.7434
0.379 2.74796
0.38 2.75251
0.381 2.75705
0.382 2.76159
0.383 2.76611
0.384 2.77064
0.385 2.77515
0.386 2.77966
0.387 2.78416
0.388 2.78866
0.389 2.79315
0.39 2.79763
0.391 2.80211
0.392 2.80658
0.393 2.81105
0.394 2.81551
0.395 2.81997
0.396 2.82442
0.397 2.82886
0.398 2.8333
0.399 2.83774
0.4 2.84217
0.401 2.84659
0.402 2.85101
0.403 2.85543
0.404 2.85984
0.405 2.86425
0.406 2.86865
0.407 2.87305
0.408 2.87745
0.409 2.88184
0.41 2.88623
0.411 2.89062
0.412 2.895
0.413 2.89938
0.414 2.90376
0.415 2.90813
0.416 2.9125
0.417 2.91687
0.418 2.92124
0.419 2.92561
0.42 2.92997
0.421 2.93433
0.422 2.93869
0.423 2.94305
0.424 2.94741
0.425 2.95176
0.426 2.95612
0.427 2.96048
0.428 2.96483
0.429 2.96918
0.43 2.97354
0.431 2.97789
0.432 2.98225
0.433 2.9866
0.434 2.99095
0.435 2.99531
0.436 2.99966
0.437 3.00402
0.438 3.00838
0.439 3.01274
0.44 3.01709
0.441 3.02146
0.442 3.02582
0.443 3.03018
0.444 3.03455
0.445 3.03892
0.446 3.04329
0.447 3.04766
0.448 3.05203
0.449 3.05641
0.45 3.06079
0.451 3.06518
0.452 3.06956
0.453 3.07395
0.454 3.07834
0.455 3.08274
0.456 3.08714
0.457 3.09154
0.458 3.09595
0.459 3.10036
0.46 3.10477
0.461 3.10919
0.462 3.11361
0.463 3.11804
0.464 3.12247
0.465 3.1269
0.466 3.13134
0.467 3.13579
0.468 3.14024
0.469 3.14469
0.47 3.14915
0.471 3.15362
0.472 3.15809
0.473 3.16256
0.474 3.16704
0.475 3.17153
0.476 3.17602
0.477 3.18051
0.478 3.18501
0.479 3.18952
0.48 3.19404
0.481 3.19856
0.482 3.20308
0.483 3.20761
0.484 3.21215
0.485 3.21669
0.486 3.22124
0.487 3.2258
0.488 3.23036
0.489 3.23493
0.49 3.2395
0.491 3.24408
0.492 3.24867
0.493 3.25326
0.494 3.25786
0.495 3.26246
0.496 3.26708
0.497 3.2717
0.498 3.27632
0.499 3.28095
0.5 3.28559
0.501 3.29023
0.502 3.29489
0.503 3.29954
0.504 3.30421
0.505 3.30888
0.506 3.31356
0.507 3.31824
0.508 3.32293
0.509 3.32763
0.51 3.33233
0.511 3.33704
0.512 3.34175
0.513 3.34648
0.514 3.35121
0.515 3.35594
0.516 3.36068
0.517 3.36543
0.518 3.37018
0.519 3.37494
0.52 3.37971
0.521 3.38448
0.522 3.38926
0.523 3.39405
0.524 3.39884
0.525 3.40363
0.526 3.40843
0.527 3.41324
0.528 3.41806
0.529 3.42288
0.53 3.4277
0.531 3.43253
0.532 3.43737
0.533 3.44221
0.534 3.44705
0.535 3.45191
0.536 3.45676
0.537 3.46162
0.538 3.46649
0.539 3.47136
0.54 3.47624
0.541 3.48112
0.542 3.48601
0.543 3.4909
0.544 3.49579
0.545 3.50069
0.546 3.5056
0.547 3.5105
0.548 3.51541
0.549 3.52033
0.55 3.52525
0.551 3.53017
0.552 3.5351
0.553 3.54003
0.554 3.54496
0.555 3.5499
0.556 3.55484
0.557 3.55978
0.558 3.56473
0.559 3.56968
0.56 3.57463
0.561 3.57958
0.562 3.58454
0.563 3.5895
0.564 3.59446
0.565 3.59942
0.566 3.60438
0.567 3.60935
0.568 3.61432
0.569 3.61929
0.57 3.62426
0.571 3.62923
0.572 3.6342
0.573 3.63918
0.574 3.64415
0.575 3.64913
0.576 3.6541
0.577 3.65908
0.578 3.66406
0.579 3.66903
0.58 3.67401
0.581 3.67899
0.582 3.68396
0.583 3.68894
0.584 3.69392
0.585 3.69889
0.586 3.70386
0.587 3.70884
0.588 3.71381
0.589 3.71878
0.59 3.72375
0.591 3.72872
0.592 3.73368
0.593 3.73864
0.594 3.74361
0.595 3.74857
0.596 3.75352
0.597 3.75848
0.598 3.76343
0.599 3.76838
0.6 3.77333
0.601 3.77827
0.602 3.78321
0.603 3.78815
0.604 3.79308
0.605 3.79801
0.606 3.80293
0.607 3.80786
0.608 3.81277
0.609 3.81769
0.61 3.8226
0.611 3.8275
0.612 3.8324
0.613 3.83729
0.614 3.84218
0.615 3.84707
0.616 3.85195
0.617 3.85682
0.618 3.86169
0.619 3.86656
0.62 3.87141
0.621 3.87626
0.622 3.88111
0.623 3.88595
0.624 3.89078
0.625 3.89561
0.626 3.90043
0.627 3.90524
0.628 3.91004
0.629 3.91484
0.63 3.91963
0.631 3.92442
0.632 3.92919
0.633 3.93396
0.634 3.93872
0.635 3.94348
0.636 3.94822
0.637 3.95296
0.638 3.95769
0.639 3.96241
0.64 3.96712
0.641 3.97182
0.642 3.97652
0.643 3.9812
0.644 3.98588
0.645 3.99054
0.646 3.9952
0.647 3.99985
0.648 4.00449
0.649 4.00912
0.65 4.01374
0.651 4.01834
0.652 4.02294
0.653 4.02753
0.654 4.03211
0.655 4.03668
0.656 4.04123
0.657 4.04578
0.658 4.05032
0.659 4.05484
0.66 4.05935
0.661 4.06386
0.662 4.06835
0.663 4.07283
0.664 4.07729
0.665 4.08175
0.666 4.08619
0.667 4.09063
0.668 4.09505
0.669 4.09945
0.67 4.10385
0.671 4.10823
0.672 4.1126
0.673 4.11696
0.674 4.12131
0.675 4.12564
0.676 4.12996
0.677 4.13427
0.678 4.13856
0.679 4.14284
0.68 4.14711
0.681 4.15136
0.682 4.1556
0.683 4.15983
0.684 4.16404
0.685 4.16824
0.686 4.17242
0.687 4.17659
0.688 4.18075
0.689 4.18489
0.69 4.18901
0.691 4.19312
0.692 4.19722
0.693 4.2013
0.694 4.20537
0.695 4.20942
0.696 4.21346
0.697 4.21748
0.698 4.22149
0.699 4.22548
0.7 4.22946
0.701 4.23342
0.702 4.23736
0.703 4.24129
0.704 4.2452
0.705 4.2491
0.706 4.25298
0.707 4.25684
0.708 4.26069
0.709 4.26452
0.71 4.26833
0.711 4.27213
0.712 4.27591
0.713 4.27968
0.714 4.28342
0.715 4.28715
0.716 4.29087
0.717 4.29456
0.718 4.29824
0.719 4.3019
0.72 4.30554
0.721 4.30917
0.722 4.31278
0.723 4.31637
0.724 4.31994
0.725 4.3235
0.726 4.32703
0.727 4.33055
0.728 4.33405
0.729 4.33753
0.73 4.341
0.731 4.34444
0.732 4.34787
0.733 4.35127
0.734 4.35466
0.735 4.35803
0.736 4.36139
0.737 4.36472
0.738 4.36803
0.739 4.37133
0.74 4.3746
0.741 4.37786
0.742 4.38109
0.743 4.38431
0.744 4.38751
0.745 4.39069
0.746 4.39384
0.747 4.39698
0.748 4.4001
0.749 4.4032
0.75 4.40628
0.751 4.40934
0.752 4.41238
0.753 4.4154
0.754 4.4184
0.755 4.42138
0.756 4.42433
0.757 4.42727
0.758 4.43019
0.759 4.43309
0.76 4.43597
0.761 4.43882
0.762 4.44166
0.763 4.44448
0.764 4.44727
0.765 4.45005
0.766 4.4528
0.767 4.45553
0.768 4.45824
0.769 4.46094
0.77 4.46361
0.771 4.46626
0.772 4.46888
0.773 4.47149
0.774 4.47408
0.775 4.47665
0.776 4.47919
0.777 4.48171
0.778 4.48422
0.779 4.4867
0.78 4.48916
0.781 4.4916
0.782 4.49401
0.783 4.49641
0.784 4.49879
0.785 4.50114
0.786 4.50348
0.787 4.50579
0.788 4.50808
0.789 4.51035
0.79 4.5126
0.791 4.51482
0.792 4.51703
0.793 4.51921
0.794 4.52138
0.795 4.52352
0.796 4.52564
0.797 4.52774
0.798 4.52982
0.799 4.53188
0.8 4.53391
0.801 4.53593
0.802 4.53792
0.803 4.53989
0.804 4.54185
0.805 4.54378
0.806 4.54569
0.807 4.54758
0.808 4.54944
0.809 4.55129
0.81 4.55312
0.811 4.55492
0.812 4.5567
0.813 4.55847
0.814 4.56021
0.815 4.56193
0.816 4.56363
0.817 4.56531
0.818 4.56697
0.819 4.56861
0.82 4.57023
0.821 4.57183
0.822 4.57341
0.823 4.57496
0.824 4.5765
0.825 4.57802
0.826 4.57951
0.827 4.58099
0.828 4.58245
0.829 4.58388
0.83 4.5853
0.831 4.5867
0.832 4.58807
0.833 4.58943
0.834 4.59077
0.835 4.59208
0.836 4.59338
0.837 4.59466
0.838 4.59592
0.839 4.59716
0.84 4.59838
0.841 4.59958
0.842 4.60076
0.843 4.60193
0.844 4.60307
0.845 4.60419
0.846 4.6053
0.847 4.60639
0.848 4.60746
0.849 4.60851
0.85 4.60954
0.851 4.61055
0.852 4.61155
0.853 4.61253
0.854 4.61348
0.855 4.61443
0.856 4.61535
0.857 4.61625
0.858 4.61714
0.859 4.61801
0.86 4.61886
0.861 4.6197
0.862 4.62051
0.863 4.62131
0.864 4.6221
0.865 4.62286
0.866 4.62361
0.867 4.62434
0.868 4.62506
0.869 4.62576
0.87 4.62644
0.871 4.6271
0.872 4.62775
0.873 4.62838
0.874 4.629
0.875 4.6296
0.876 4.63019
0.877 4.63075
0.878 4.63131
0.879 4.63184
0.88 4.63237
0.881 4.63287
0.882 4.63336
0.883 4.63384
0.884 4.6343
0.885 4.63474
0.886 4.63517
0.887 4.63559
0.888 4.63599
0.889 4.63638
0.89 4.63675
0.891 4.63711
0.892 4.63745
0.893 4.63778
0.894 4.63809
0.895 4.63839
0.896 4.63868
0.897 4.63896
0.898 4.63922
0.899 4.63946
0.9 4.63969
0.901 4.63991
0.902 4.64012
0.903 4.64031
0.904 4.6405
0.905 4.64066
0.906 4.64082
0.907 4.64096
0.908 4.64109
0.909 4.64121
0.91 4.64131
0.911 4.64141
0.912 4.64149
0.913 4.64156
0.914 4.64161
0.915 4.64166
0.916 4.64169
0.917 4.64171
0.918 4.64172
0.919 4.64172
0.92 4.64171
0.921 4.64169
0.922 4.64165
0.923 4.64161
0.924 4.64155
0.925 4.64149
0.926 4.64141
0.927 4.64132
0.928 4.64122
0.929 4.64112
0.93 4.641
0.931 4.64087
0.932 4.64073
0.933 4.64058
0.934 4.64042
0.935 4.64026
0.936 4.64008
0.937 4.63989
0.938 4.6397
0.939 4.63949
0.94 4.63928
0.941 4.63905
0.942 4.63882
0.943 4.63858
0.944 4.63833
0.945 4.63807
0.946 4.6378
0.947 4.63752
0.948 4.63724
0.949 4.63695
0.95 4.63665
0.951 4.63634
0.952 4.63602
0.953 4.6357
0.954 4.63536
0.955 4.63502
0.956 4.63467
0.957 4.63432
0.958 4.63395
0.959 4.63358
0.96 4.63321
0.961 4.63282
0.962 4.63243
0.963 4.63203
0.964 4.63162
0.965 4.63121
0.966 4.63079
0.967 4.63036
0.968 4.62993
0.969 4.62949
0.97 4.62905
0.971 4.62859
0.972 4.62814
0.973 4.62767
0.974 4.6272
0.975 4.62672
0.976 4.62624
0.977 4.62575
0.978 4.62526
0.979 4.62476
0.98 4.62425
0.981 4.62374
0.982 4.62323
0.983 4.6227
0.984 4.62218
0.985 4.62164
0.986 4.62111
0.987 4.62056
0.988 4.62002
0.989 4.61946
0.99 4.61891
0.991 4.61834
0.992 4.61778
0.993 4.6172
0.994 4.61663
0.995 4.61605
0.996 4.61546
0.997 4.61487
0.998 4.61428
0.999 4.61368
1 4.61308
1.001 0
