0 5
0.001 2.949
0.002 2.949
0.003 2.949
0.004 2.949
0.005 2.949
0.006 2.949
0.007 2.949
0.008 2.949
0.009 2.949
0.01 2.949
0.011 2.949
0.012 2.94899
0.013 2.94899
0.014 2.94899
0.015 2.94898
0.016 2.94898
0.017 2.94897
0.018 2.94896
0.019 2.94895
0.02 2.94894
0.021 2.94894
0.022 2.94892
0.023 2.94891
0.024 2.9489
0.025 2.94889
0.026 2.94888
0.027 2.94886
0.028 2.94885
0.029 2.94883
0.03 2.94882
0.031 2.9488
0.032 2.94878
0.033 2.94876
0.034 2.94874
0.035 2.94872
0.036 2.9487
0.037 2.94868
0.038 2.94865
0.039 2.94863
0.04 2.94861
0.041 2.94858
0.042 2.94855
0.043 2.94852
0.044 2.9485
0.045 2.94847
0.046 2.94844
0.047 2.9484
0.048 2.94837
0.049 2.94834
0.05 2.9483
0.051 2.94827
0.052 2.94823
0.053 2.94819
0.054 2.94815
0.055 2.94811
0.056 2.94807
0.057 2.94803
0.058 2.94798
0.059 2.94794
0.06 2.94789
0.061 2.94784
0.062 2.94779
0.063 2.94774
0.064 2.94769
0.065 2.94764
0.066 2.94759
0.067 2.94753
0.068 2.94748
0.069 2.94742
0.07 2.94736
0.071 2.9473
0.072 2.94724
0.073 2.94717
0.074 2.94711
0.075 2.94704
0.076 2.94698
0.077 2.94691
0.078 2.94684
0.079 2.94677
0.08 2.94669
0.081 2.94662
0.082 2.94654
0.083 2.94646
0.084 2.94638
0.085 2.9463
0.086 2.94622
0.087 2.94614
0.088 2.94605
0.089 2.94596
0.09 2.94587
0.091 2.94578
0.092 2.94569
0.093 2.9456
0.094 2.9455
0.095 2.9454
0.096 2.9453
0.097 2.9452
0.098 2.9451
0.099 2.94499
0.1 2.94489
0.101 2.94478
0.102 2.94467
0.103 2.94455
0.104 2.94444
0.105 2.94432
0.106 2.9442
0.107 2.94408
0.108 2.94396
0.109 2.94384
0.11 2.94371
0.111 2.94358
0.112 2.94345
0.113 2.94332
0.114 2.94318
0.115 2.94304
0.116 2.9429
0.117 2.94276
0.118 2.94262
0.119 2.94247
0.12 2.94232
0.121 2.94217
0.122 2.94202
0.123 2.94186
0.124 2.94171
0.125 2.94154
0.126 2.94138
0.127 2.94122
0.128 2.94105
0.129 2.94088
0.13 2.94071
0.131 2.94053
0.132 2.94036
0.133 2.94018
0.134 2.93999
0.135 2.93981
0.136 2.93962
0.137 2.93943
0.138 2.93924
0.139 2.93904
0.14 2.93884
0.141 2.93864
0.142 2.93844
0.143 2.93823
0.144 2.93803
0.145 2.93781
0.146 2.9376
0.147 2.93738
0.148 2.93716
0.149 2.93694
0.15 2.93671
0.151 2.93649
0.152 2.93626
0.153 2.93602
0.154 2.93578
0.155 2.93554
0.156 2.9353
0.157 2.93506
0.158 2.93481
0.159 2.93456
0.16 2.9343
0.161 2.93404
0.162 2.93378
0.163 2.93352
0.164 2.93325
0.165 2.93299
0.166 2.93271
0.167 2.93244
0.168 2.93216
0.169 2.93188
0.17 2.93159
0.171 2.93131
0.172 2.93102
0.173 2.93072
0.174 2.93042
0.175 2.93013
0.176 2.92982
0.177 2.92952
0.178 2.92921
0.179 2.9289
0.18 2.92858
0.181 2.92826
0.182 2.92794
0.183 2.92762
0.184 2.92729
0.185 2.92696
0.186 2.92663
0.187 2.92629
0.188 2.92595
0.189 2.92561
0.19 2.92526
0.191 2.92492
0.192 2.92456
0.193 2.92421
0.194 2.92385
0.195 2.92349
0.196 2.92313
0.197 2.92276
0.198 2.9224
0.199 2.92202
0.2 2.92165
0.201 2.92127
0.202 2.92089
0.203 2.92051
0.204 2.92012
0.205 2.91974
0.206 2.91934
0.207 2.91895
0.208 2.91856
0.209 2.91816
0.21 2.91776
0.211 2.91735
0.212 2.91694
0.213 2.91654
0.214 2.91613
0.215 2.91571
0.216 2.9153
0.217 2.91488
0.218 2.91446
0.219 2.91403
0.22 2.91361
0.221 2.91318
0.222 2.91275
0.223 2.91232
0.224 2.91189
0.225 2.91146
0.226 2.91102
0.227 2.91058
0.228 2.91014
0.229 2.9097
0.23 2.90926
0.231 2.90881
0.232 2.90836
0.233 2.90792
0.234 2.90747
0.235 2.90702
0.236 2.90656
0.237 2.90611
0.238 2.90566
0.239 2.9052
0.24 2.90475
0.241 2.90429
0.242 2.90383
0.243 2.90337
0.244 2.90291
0.245 2.90245
0.246 2.90199
0.247 2.90153
0.248 2.90107
0.249 2.90061
0.25 2.90014
0.251 2.89968
0.252 2.89922
0.253 2.89876
0.254 2.89829
0.255 2.89783
0.256 2.89737
0.257 2.89691
0.258 2.89645
0.259 2.89599
0.26 2.89553
0.261 2.89507
0.262 2.89461
0.263 2.89415
0.264 2.89369
0.265 2.89324
0.266 2.89278
0.267 2.89233
0.268 2.89187
0.269 2.89142
0.27 2.89097
0.271 2.89052
0.272 2.89007
0.273 2.88963
0.274 2.88919
0.275 2.88874
0.276 2.8883
0.277 2.88786
0.278 2.88743
0.279 2.88699
0.28 2.88656
0.281 2.88613
0.282 2.88571
0.283 2.88528
0.284 2.88486
0.285 2.88444
0.286 2.88402
0.287 2.88361
0.288 2.88319
0.289 2.88279
0.29 2.88238
0.291 2.88198
0.292 2.88158
0.293 2.88118
0.294 2.88079
0.295 2.8804
0.296 2.88001
0.297 2.87963
0.298 2.87925
0.299 2.87887
0.3 2.8785
0.301 2.87813
0.302 2.87776
0.303 2.8774
0.304 2.87704
0.305 2.87669
0.306 2.87634
0.307 2.87599
0.308 2.87565
0.309 2.87531
0.31 2.87498
0.311 2.87465
0.312 2.87432
0.313 2.874
0.314 2.87368
0.315 2.87337
0.316 2.87306
0.317 2.87275
0.318 2.87245
0.319 2.87216
0.32 2.87186
0.321 2.87158
0.322 2.87129
0.323 2.87102
0.324 2.87074
0.325 2.87047
0.326 2.87021
0.327 2.86995
0.328 2.86969
0.329 2.86944
0.33 2.86919
0.331 2.86895
0.332 2.86871
0.333 2.86848
0.334 2.86825
0.335 2.86803
0.336 2.86781
0.337 2.86759
0.338 2.86738
0.339 2.86718
0.34 2.86698
0.341 2.86678
0.342 2.86659
0.343 2.8664
0.344 2.86622
0.345 2.86604
0.346 2.86587
0.347 2.8657
0.348 2.86553
0.349 2.86537
0.35 2.86521
0.351 2.86506
0.352 2.86492
0.353 2.86477
0.354 2.86463
0.355 2.8645
0.356 2.86437
0.357 2.86424
0.358 2.86412
0.359 2.86401
0.36 2.86389
0.361 2.86378
0.362 2.86368
0.363 2.86358
0.364 2.86348
0.365 2.86339
0.366 2.8633
0.367 2.86322
0.368 2.86314
0.369 2.86306
0.37 2.86299
0.371 2.86292
0.372 2.86286
0.373 2.86279
0.374 2.86274
0.375 2.86268
0.376 2.86263
0.377 2.86259
0.378 2.86254
0.379 2.86251
0.38 2.86247
0.381 2.86244
0.382 2.86241
0.383 2.86238
0.384 2.86236
0.385 2.86234
0.386 2.86233
0.387 2.86231
0.388 2.86231
0.389 2.8623
0.39 2.8623
0.391 2.8623
0.392 2.8623
0.393 2.86231
0.394 2.86232
0.395 2.86233
0.396 2.86235
0.397 2.86236
0.398 2.86238
0.399 2.86241
0.4 2.86244
0.401 2.86246
0.402 2.8625
0.403 2.86253
0.404 2.86257
0.405 2.86261
0.406 2.86265
0.407 2.8627
0.408 2.86274
0.409 2.86279
0.41 2.86284
0.411 2.8629
0.412 2.86295
0.413 2.86301
0.414 2.86307
0.415 2.86314
0.416 2.8632
0.417 2.86327
0.418 2.86334
0.419 2.86341
0.42 2.86349
0.421 2.86356
0.422 2.86364
0.423 2.86372
0.424 2.8638
0.425 2.86388
0.426 2.86397
0.427 2.86405
0.428 2.86414
0.429 2.86423
0.43 2.86433
0.431 2.86442
0.432 2.86451
0.433 2.86461
0.434 2.86471
0.435 2.86481
0.436 2.86491
0.437 2.86501
0.438 2.86512
0.439 2.86522
0.44 2.86533
0.441 2.86544
0.442 2.86555
0.443 2.86566
0.444 2.86577
0.445 2.86589
0.446 2.866
0.447 2.86612
0.448 2.86624
0.449 2.86635
0.45 2.86647
0.451 2.86659
0.452 2.86672
0.453 2.86684
0.454 2.86696
0.455 2.86709
0.456 2.86721
0.457 2.86734
0.458 2.86747
0.459 2.86759
0.46 2.86772
0.461 2.86785
0.462 2.86798
0.463 2.86812
0.464 2.86825
0.465 2.86838
0.466 2.86851
0.467 2.86865
0.468 2.86878
0.469 2.86892
0.47 2.86906
0.471 2.86919
0.472 2.86933
0.473 2.86947
0.474 2.86961
0.475 2.86975
0.476 2.86989
0.477 2.87003
0.478 2.87017
0.479 2.87031
0.48 2.87045
0.481 2.87059
0.482 2.87073
0.483 2.87087
0.484 2.87101
0.485 2.87116
0.486 2.8713
0.487 2.87144
0.488 2.87159
0.489 2.87173
0.49 2.87187
0.491 2.87202
0.492 2.87216
0.493 2.8723
0.494 2.87245
0.495 2.87259
0.496 2.87274
0.497 2.87288
0.498 2.87302
0.499 2.87317
0.5 2.87331
0.501 2.87345
0.502 2.8736
0.503 2.87374
0.504 2.87388
0.505 2.87403
0.506 2.87417
0.507 2.87431
0.508 2.87445
0.509 2.8746
0.51 2.87474
0.511 2.87488
0.512 2.87502
0.513 2.87516
0.514 2.8753
0.515 2.87544
0.516 2.87558
0.517 2.87572
0.518 2.87585
0.519 2.87599
0.52 2.87613
0.521 2.87627
0.522 2.8764
0.523 2.87654
0.524 2.87667
0.525 2.8768
0.526 2.87694
0.527 2.87707
0.528 2.8772
0.529 2.87733
0.53 2.87746
0.531 2.87759
0.532 2.87772
0.533 2.87785
0.534 2.87798
0.535 2.8781
0.536 2.87823
0.537 2.87835
0.538 2.87847
0.539 2.8786
0.54 2.87872
0.541 2.87884
0.542 2.87896
0.543 2.87907
0.544 2.87919
0.545 2.87931
0.546 2.87942
0.547 2.87953
0.548 2.87965
0.549 2.87976
0.55 2.87987
0.551 2.87997
0.552 2.88008
0.553 2.88019
0.554 2.88029
0.555 2.88039
0.556 2.8805
0.557 2.8806
0.558 2.8807
0.559 2.88079
0.56 2.88089
0.561 2.88098
0.562 2.88108
0.563 2.88117
0.564 2.88126
0.565 2.88135
0.566 2.88143
0.567 2.88152
0.568 2.8816
0.569 2.88168
0.57 2.88176
0.571 2.88184
0.572 2.88192
0.573 2.88199
0.574 2.88207
0.575 2.88214
0.576 2.88221
0.577 2.88228
0.578 2.88235
0.579 2.88241
0.58 2.88247
0.581 2.88254
0.582 2.88259
0.583 2.88265
0.584 2.88271
0.585 2.88276
0.586 2.88281
0.587 2.88286
0.588 2.88291
0.589 2.88296
0.59 2.883
0.591 2.88305
0.592 2.88309
0.593 2.88313
0.594 2.88316
0.595 2.8832
0.596 2.88323
0.597 2.88326
0.598 2.88329
0.599 2.88332
0.6 2.88335
0.601 2.88337
0.602 2.88339
0.603 2.88341
0.604 2.88343
0.605 2.88345
0.606 2.88346
0.607 2.88347
0.608 2.88348
0.609 2.88349
0.61 2.8835
0.611 2.8835
0.612 2.88351
0.613 2.88351
0.614 2.88351
0.615 2.88351
0.616 2.8835
0.617 2.8835
0.618 2.88349
0.619 2.88348
0.62 2.88347
0.621 2.88346
0.622 2.88344
0.623 2.88343
0.624 2.88341
0.625 2.88339
0.626 2.88337
0.627 2.88335
0.628 2.88332
0.629 2.8833
0.63 2.88327
0.631 2.88324
0.632 2.88321
0.633 2.88318
0.634 2.88315
0.635 2.88312
0.636 2.88308
0.637 2.88305
0.638 2.88301
0.639 2.88297
0.64 2.88293
0.641 2.88289
0.642 2.88285
0.643 2.88281
0.644 2.88277
0.645 2.88273
0.646 2.88268
0.647 2.88264
0.648 2.88259
0.649 2.88255
0.65 2.8825
0.651 2.88245
0.652 2.88241
0.653 2.88236
0.654 2.88231
0.655 2.88226
0.656 2.88221
0.657 2.88217
0.658 2.88212
0.659 2.88207
0.66 2.88202
0.661 2.88197
0.662 2.88193
0.663 2.88188
0.664 2.88183
0.665 2.88178
0.666 2.88174
0.667 2.88169
0.668 2.88165
0.669 2.88161
0.67 2.88156
0.671 2.88152
0.672 2.88148
0.673 2.88144
0.674 2.88141
0.675 2.88137
0.676 2.88133
0.677 2.8813
0.678 2.88127
0.679 2.88124
0.68 2.88121
0.681 2.88119
0.682 2.88116
0.683 2.88114
0.684 2.88112
0.685 2.8811
0.686 2.88109
0.687 2.88108
0.688 2.88107
0.689 2.88106
0.69 2.88106
0.691 2.88105
0.692 2.88106
0.693 2.88106
0.694 2.88107
0.695 2.88108
0.696 2.8811
0.697 2.88112
0.698 2.88114
0.699 2.88117
0.7 2.8812
0.701 2.88124
0.702 2.88128
0.703 2.88132
0.704 2.88137
0.705 2.88142
0.706 2.88148
0.707 2.88154
0.708 2.88161
0.709 2.88168
0.71 2.88176
0.711 2.88184
0.712 2.88193
0.713 2.88203
0.714 2.88213
0.715 2.88223
0.716 2.88235
0.717 2.88246
0.718 2.88259
0.719 2.88272
0.72 2.88286
0.721 2.883
0.722 2.88315
0.723 2.88331
0.724 2.88347
0.725 2.88364
0.726 2.88382
0.727 2.88401
0.728 2.8842
0.729 2.8844
0.73 2.88461
0.731 2.88482
0.732 2.88505
0.733 2.88528
0.734 2.88552
0.735 2.88577
0.736 2.88603
0.737 2.88629
0.738 2.88656
0.739 2.88685
0.74 2.88714
0.741 2.88744
0.742 2.88775
0.743 2.88807
0.744 2.8884
0.745 2.88873
0.746 2.88908
0.747 2.88944
0.748 2.8898
0.749 2.89018
0.75 2.89057
0.751 2.89096
0.752 2.89137
0.753 2.89179
0.754 2.89221
0.755 2.89265
0.756 2.8931
0.757 2.89356
0.758 2.89403
0.759 2.89451
0.76 2.895
0.761 2.8955
0.762 2.89602
0.763 2.89654
0.764 2.89708
0.765 2.89762
0.766 2.89818
0.767 2.89875
0.768 2.89934
0.769 2.89993
0.77 2.90054
0.771 2.90115
0.772 2.90178
0.773 2.90243
0.774 2.90308
0.775 2.90375
0.776 2.90442
0.777 2.90512
0.778 2.90582
0.779 2.90653
0.78 2.90726
0.781 2.908
0.782 2.90876
0.783 2.90952
0.784 2.9103
0.785 2.91109
0.786 2.9119
0.787 2.91271
0.788 2.91354
0.789 2.91439
0.79 2.91524
0.791 2.91611
0.792 2.91699
0.793 2.91789
0.794 2.9188
0.795 2.91972
0.796 2.92065
0.797 2.9216
0.798 2.92256
0.799 2.92354
0.8 2.92453
0.801 2.92553
0.802 2.92654
0.803 2.92757
0.804 2.92861
0.805 2.92967
0.806 2.93074
0.807 2.93182
0.808 2.93291
0.809 2.93402
0.81 2.93514
0.811 2.93628
0.812 2.93743
0.813 2.93859
0.814 2.93977
0.815 2.94095
0.816 2.94216
0.817 2.94337
0.818 2.9446
0.819 2.94584
0.82 2.9471
0.821 2.94837
0.822 2.94965
0.823 2.95095
0.824 2.95226
0.825 2.95358
0.826 2.95492
0.827 2.95626
0.828 2.95763
0.829 2.959
0.83 2.96039
0.831 2.96179
0.832 2.9632
0.833 2.96463
0.834 2.96607
0.835 2.96752
0.836 2.96899
0.837 2.97047
0.838 2.97196
0.839 2.97346
0.84 2.97498
0.841 2.97651
0.842 2.97805
0.843 2.9796
0.844 2.98117
0.845 2.98275
0.846 2.98434
0.847 2.98594
0.848 2.98756
0.849 2.98919
0.85 2.99082
0.851 2.99248
0.852 2.99414
0.853 2.99581
0.854 2.9975
0.855 2.9992
0.856 3.00091
0.857 3.00263
0.858 3.00437
0.859 3.00611
0.86 3.00787
0.861 3.00963
0.862 3.01141
0.863 3.0132
0.864 3.015
0.865 3.01681
0.866 3.01864
0.867 3.02047
0.868 3.02231
0.869 3.02417
0.87 3.02603
0.871 3.02791
0.872 3.02979
0.873 3.03169
0.874 3.03359
0.875 3.03551
0.876 3.03744
0.877 3.03937
0.878 3.04132
0.879 3.04327
0.88 3.04524
0.881 3.04721
0.882 3.04919
0.883 3.05119
0.884 3.05319
0.885 3.0552
0.886 3.05722
0.887 3.05925
0.888 3.06129
0.889 3.06333
0.89 3.06539
0.891 3.06745
0.892 3.06953
0.893 3.07161
0.894 3.0737
0.895 3.07579
0.896 3.0779
0.897 3.08001
0.898 3.08213
0.899 3.08426
0.9 3.08639
0.901 3.08854
0.902 3.09069
0.903 3.09285
0.904 3.09501
0.905 3.09719
0.906 3.09936
0.907 3.10155
0.908 3.10374
0.909 3.10594
0.91 3.10815
0.911 3.11036
0.912 3.11258
0.913 3.11481
0.914 3.11704
0.915 3.11928
0.916 3.12152
0.917 3.12377
0.918 3.12603
0.919 3.12829
0.92 3.13056
0.921 3.13283
0.922 3.13511
0.923 3.13739
0.924 3.13968
0.925 3.14197
0.926 3.14427
0.927 3.14657
0.928 3.14888
0.929 3.15119
0.93 3.15351
0.931 3.15583
0.932 3.15816
0.933 3.16049
0.934 3.16282
0.935 3.16516
0.936 3.16751
0.937 3.16985
0.938 3.1722
0.939 3.17456
0.94 3.17691
0.941 3.17928
0.942 3.18164
0.943 3.18401
0.944 3.18638
0.945 3.18875
0.946 3.19113
0.947 3.19351
0.948 3.1959
0.949 3.19828
0.95 3.20067
0.951 3.20306
0.952 3.20546
0.953 3.20785
0.954 3.21025
0.955 3.21265
0.956 3.21505
0.957 3.21746
0.958 3.21987
0.959 3.22228
0.96 3.22469
0.961 3.2271
0.962 3.22951
0.963 3.23193
0.964 3.23435
0.965 3.23676
0.966 3.23918
0.967 3.24161
0.968 3.24403
0.969 3.24645
0.97 3.24888
0.971 3.2513
0.972 3.25373
0.973 3.25615
0.974 3.25858
0.975 3.26101
0.976 3.26344
0.977 3.26587
0.978 3.2683
0.979 3.27073
0.98 3.27316
0.981 3.27559
0.982 3.27802
0.983 3.28045
0.984 3.28288
0.985 3.28531
0.986 3.28774
0.987 3.29017
0.988 3.2926
0.989 3.29502
0.99 3.29745
0.991 3.29988
0.992 3.30231
0.993 3.30473
0.994 3.30716
0.995 3.30958
0.996 3.31201
0.997 3.31443
0.998 3.31685
0.999 3.31928
1 3.3217
1.001 5
