0 -10
0.03 -8.81536
0.06 -8.81519
0.09 -8.81503
0.12 -8.81487
0.15 -8.81471
0.18 -8.81454
0.21 -8.81438
0.24 -8.81422
0.27 -8.81406
0.3 -8.81389
0.33 -8.81373
0.36 -8.81357
0.39 -8.81341
0.42 -8.81324
0.45 -8.81308
0.48 -8.81292
0.51 -8.81276
0.54 -8.81259
0.57 -8.81243
0.6 -8.81227
0.63 -8.8121
0.66 -8.81194
0.69 -8.81178
0.72 -8.81162
0.75 -8.81145
0.78 -8.81129
0.81 -8.81113
0.84 -8.81096
0.87 -8.8108
0.9 -8.81064
0.93 -8.81047
0.96 -8.81031
0.99 -8.81015
1.02 -8.80998
1.05 -8.80982
1.08 -8.80966
1.11 -8.80949
1.14 -8.80933
1.17 -8.80917
1.2 -8.809
1.23 -8.80884
1.26 -8.80868
1.29 -8.80851
1.32 -8.80835
1.35 -8.80819
1.38 -8.80802
1.41 -8.80786
1.44 -8.8077
1.47 -8.80753
1.5 -8.80737
1.53 -8.8072
1.56 -8.80704
1.59 -8.80688
1.62 -8.80671
1.65 -8.80655
1.68 -8.80638
1.71 -8.80622
1.74 -8.80606
1.77 -8.80589
1.8 -8.80573
1.83 -8.80556
1.86 -8.8054
1.89 -8.80524
1.92 -8.80507
1.95 -8.80491
1.98 -8.80474
2.01 -8.80458
2.04 -8.80442
2.07 -8.80425
2.1 -8.80409
2.13 -8.80392
2.16 -8.80376
2.19 -8.80359
2.22 -8.80343
2.25 -8.80327
2.28 -8.8031
2.31 -8.80294
2.34 -8.80277
2.37 -8.80261
2.4 -8.80244
2.43 -8.80228
2.46 -8.80211
2.49 -8.80195
2.52 -8.80178
2.55 -8.80162
2.58 -8.80146
2.61 -8.80129
2.64 -8.80113
2.67 -8.80096
2.7 -8.8008
2.73 -8.80063
2.76 -8.80047
2.79 -8.8003
2.82 -8.80014
2.85 -8.79997
2.88 -8.79981
2.91 -8.79964
2.94 -8.79948
2.97 -8.79931
3 -8.79915
3.03 -8.79898
3.06 -8.79882
3.09 -8.79865
3.12 -8.79849
3.15 -8.79832
3.18 -8.79816
3.21 -8.79799
3.24 -8.79783
3.27 -8.79766
3.3 -8.7975
3.33 -8.79733
3.36 -8.79717
3.39 -8.797
3.42 -8.79684
3.45 -8.79667
3.48 -8.79651
3.51 -8.79634
3.54 -8.79618
3.57 -8.79601
3.6 -8.79585
3.63 -8.79568
3.66 -8.79552
3.69 -8.79535
3.72 -8.79519
3.75 -8.79502
3.78 -8.79485
3.81 -8.79469
3.84 -8.79452
3.87 -8.79436
3.9 -8.79419
3.93 -8.79403
3.96 -8.79386
3.99 -8.7937
4.02 -8.79353
4.05 -8.79337
4.08 -8.7932
4.11 -8.79303
4.14 -8.79287
4.17 -8.7927
4.2 -8.79254
4.23 -8.79237
4.26 -8.79221
4.29 -8.79204
4.32 -8.79188
4.35 -8.79171
4.38 -8.79154
4.41 -8.79138
4.44 -8.79121
4.47 -8.79105
4.5 -8.79088
4.53 -8.79072
4.56 -8.79055
4.59 -8.79039
4.62 -8.79022
4.65 -8.79005
4.68 -8.78989
4.71 -8.78972
4.74 -8.78956
4.77 -8.78939
4.8 -8.78923
4.83 -8.78906
4.86 -8.78889
4.89 -8.78873
4.92 -8.78856
4.95 -8.7884
4.98 -8.78823
5.01 -8.78806
5.04 -8.7879
5.07 -8.78773
5.1 -8.78757
5.13 -8.7874
5.16 -8.78724
5.19 -8.78707
5.22 -8.7869
5.25 -8.78674
5.28 -8.78657
5.31 -8.78641
5.34 -8.78624
5.37 -8.78607
5.4 -8.78591
5.43 -8.78574
5.46 -8.78558
5.49 -8.78541
5.52 -8.78524
5.55 -8.78508
5.58 -8.78491
5.61 -8.78475
5.64 -8.78458
5.67 -8.78441
5.7 -8.78425
5.73 -8.78408
5.76 -8.78392
5.79 -8.78375
5.82 -8.78358
5.85 -8.78342
5.88 -8.78325
5.91 -8.78309
5.94 -8.78292
5.97 -8.78275
6 -8.78259
6.03 -8.78242
6.06 -8.78225
6.09 -8.78209
6.12 -8.78192
6.15 -8.78176
6.18 -8.78159
6.21 -8.78142
6.24 -8.78126
6.27 -8.78109
6.3 -8.78093
6.33 -8.78076
6.36 -8.78059
6.39 -8.78043
6.42 -8.78026
6.45 -8.78009
6.48 -8.77993
6.51 -8.77976
6.54 -8.7796
6.57 -8.77943
6.6 -8.77926
6.63 -8.7791
6.66 -8.77893
6.69 -8.77876
6.72 -8.7786
6.75 -8.77843
6.78 -8.77826
6.81 -8.7781
6.84 -8.77793
6.87 -8.77777
6.9 -8.7776
6.93 -8.77743
6.96 -8.77727
6.99 -8.7771
7.02 -8.77693
7.05 -8.77677
7.08 -8.7766
7.11 -8.77643
7.14 -8.77627
7.17 -8.7761
7.2 -8.77593
7.23 -8.77577
7.26 -8.7756
7.29 -8.77544
7.32 -8.77527
7.35 -8.7751
7.38 -8.77494
7.41 -8.77477
7.44 -8.7746
7.47 -8.77444
7.5 -8.77427
7.53 -8.7741
7.56 -8.77394
7.59 -8.77377
7.62 -8.7736
7.65 -8.77344
7.68 -8.77327
7.71 -8.7731
7.74 -8.77294
7.77 -8.77277
7.8 -8.7726
7.83 -8.77244
7.86 -8.77227
7.89 -8.7721
7.92 -8.77194
7.95 -8.77177
7.98 -8.7716
8.01 -8.77144
8.04 -8.77127
8.07 -8.7711
8.1 -8.77094
8.13 -8.77077
8.16 -8.7706
8.19 -8.77044
8.22 -8.77027
8.25 -8.7701
8.28 -8.76994
8.31 -8.76977
8.34 -8.7696
8.37 -8.76944
8.4 -8.76927
8.43 -8.7691
8.46 -8.76893
8.49 -8.76877
8.52 -8.7686
8.55 -8.76843
8.58 -8.76827
8.61 -8.7681
8.64 -8.76793
8.67 -8.76777
8.7 -8.7676
8.73 -8.76743
8.76 -8.76726
8.79 -8.7671
8.82 -8.76693
8.85 -8.76676
8.88 -8.7666
8.91 -8.76643
8.94 -8.76626
8.97 -8.76609
9 -8.76593
9.03 -8.76576
9.06 -8.76559
9.09 -8.76543
9.12 -8.76526
9.15 -8.76509
9.18 -8.76492
9.21 -8.76476
9.24 -8.76459
9.27 -8.76442
9.3 -8.76425
9.33 -8.76409
9.36 -8.76392
9.39 -8.76375
9.42 -8.76358
9.45 -8.76342
9.48 -8.76325
9.51 -8.76308
9.54 -8.76291
9.57 -8.76275
9.6 -8.76258
9.63 -8.76241
9.66 -8.76224
9.69 -8.76208
9.72 -8.76191
9.75 -8.76174
9.78 -8.76157
9.81 -8.76141
9.84 -8.76124
9.87 -8.76107
9.9 -8.7609
9.93 -8.76073
9.96 -8.76057
9.99 -8.7604
10.02 -8.76023
10.05 -8.76006
10.08 -8.75989
10.11 -8.75973
10.14 -8.75956
10.17 -8.75939
10.2 -8.75922
10.23 -8.75905
10.26 -8.75889
10.29 -8.75872
10.32 -8.75855
10.35 -8.75838
10.38 -8.75821
10.41 -8.75804
10.44 -8.75788
10.47 -8.75771
10.5 -8.75754
10.53 -8.75737
10.56 -8.7572
10.59 -8.75703
10.62 -8.75687
10.65 -8.7567
10.68 -8.75653
10.71 -8.75636
10.74 -8.75619
10.77 -8.75602
10.8 -8.75585
10.83 -8.75569
10.86 -8.75552
10.89 -8.75535
10.92 -8.75518
10.95 -8.75501
10.98 -8.75484
11.01 -8.75467
11.04 -8.7545
11.07 -8.75433
11.1 -8.75416
11.13 -8.754
11.16 -8.75383
11.19 -8.75366
11.22 -8.75349
11.25 -8.75332
11.28 -8.75315
11.31 -8.75298
11.34 -8.75281
11.37 -8.75264
11.4 -8.75247
11.43 -8.7523
11.46 -8.75213
11.49 -8.75196
11.52 -8.75179
11.55 -8.75162
11.58 -8.75145
11.61 -8.75128
11.64 -8.75111
11.67 -8.75094
11.7 -8.75077
11.73 -8.7506
11.76 -8.75043
11.79 -8.75026
11.82 -8.75009
11.85 -8.74992
11.88 -8.74975
11.91 -8.74958
11.94 -8.74941
11.97 -8.74924
12 -8.74907
12.03 -8.7489
12.06 -8.74873
12.09 -8.74856
12.12 -8.74839
12.15 -8.74822
12.18 -8.74805
12.21 -8.74788
12.24 -8.7477
12.27 -8.74753
12.3 -8.74736
12.33 -8.74719
12.36 -8.74702
12.39 -8.74685
12.42 -8.74668
12.45 -8.74651
12.48 -8.74633
12.51 -8.74616
12.54 -8.74599
12.57 -8.74582
12.6 -8.74565
12.63 -8.74548
12.66 -8.7453
12.69 -8.74513
12.72 -8.74496
12.75 -8.74479
12.78 -8.74462
12.81 -8.74444
12.84 -8.74427
12.87 -8.7441
12.9 -8.74393
12.93 -8.74376
12.96 -8.74358
12.99 -8.74341
13.02 -8.74324
13.05 -8.74306
13.08 -8.74289
13.11 -8.74272
13.14 -8.74255
13.17 -8.74237
13.2 -8.7422
13.23 -8.74203
13.26 -8.74185
13.29 -8.74168
13.32 -8.74151
13.35 -8.74133
13.38 -8.74116
13.41 -8.74099
13.44 -8.74081
13.47 -8.74064
13.5 -8.74047
13.53 -8.74029
13.56 -8.74012
13.59 -8.73994
13.62 -8.73977
13.65 -8.7396
13.68 -8.73942
13.71 -8.73925
13.74 -8.73907
13.77 -8.7389
13.8 -8.73872
13.83 -8.73855
13.86 -8.73837
13.89 -8.7382
13.92 -8.73802
13.95 -8.73785
13.98 -8.73767
14.01 -8.7375
14.04 -8.73732
14.07 -8.73715
14.1 -8.73697
14.13 -8.7368
14.16 -8.73662
14.19 -8.73644
14.22 -8.73627
14.25 -8.73609
14.28 -8.73592
14.31 -8.73574
14.34 -8.73556
14.37 -8.73539
14.4 -8.73521
14.43 -8.73503
14.46 -8.73486
14.49 -8.73468
14.52 -8.7345
14.55 -8.73433
14.58 -8.73415
14.61 -8.73397
14.64 -8.7338
14.67 -8.73362
14.7 -8.73344
14.73 -8.73326
14.76 -8.73309
14.79 -8.73291
14.82 -8.73273
14.85 -8.73255
14.88 -8.73237
14.91 -8.7322
14.94 -8.73202
14.97 -8.73184
15 -8.73166
15.03 -8.73148
15.06 -8.7313
15.09 -8.73113
15.12 -8.73095
15.15 -8.73077
15.18 -8.73059
15.21 -8.73041
15.24 -8.73023
15.27 -8.73005
15.3 -8.72987
15.33 -8.72969
15.36 -8.72951
15.39 -8.72933
15.42 -8.72915
15.45 -8.72897
15.48 -8.72879
15.51 -8.72861
15.54 -8.72843
15.57 -8.72825
15.6 -8.72807
15.63 -8.72789
15.66 -8.72771
15.69 -8.72753
15.72 -8.72735
15.75 -8.72717
15.78 -8.72699
15.81 -8.7268
15.84 -8.72662
15.87 -8.72644
15.9 -8.72626
15.93 -8.72608
15.96 -8.7259
15.99 -8.72571
16.02 -8.72553
16.05 -8.72535
16.08 -8.72517
16.11 -8.72499
16.14 -8.7248
16.17 -8.72462
16.2 -8.72444
16.23 -8.72426
16.26 -8.72407
16.29 -8.72389
16.32 -8.72371
16.35 -8.72352
16.38 -8.72334
16.41 -8.72316
16.44 -8.72297
16.47 -8.72279
16.5 -8.72261
16.53 -8.72242
16.56 -8.72224
16.59 -8.72205
16.62 -8.72187
16.65 -8.72169
16.68 -8.7215
16.71 -8.72132
16.74 -8.72113
16.77 -8.72095
16.8 -8.72076
16.83 -8.72058
16.86 -8.72039
16.89 -8.72021
16.92 -8.72002
16.95 -8.71984
16.98 -8.71965
17.01 -8.71947
17.04 -8.71928
17.07 -8.7191
17.1 -8.71891
17.13 -8.71872
17.16 -8.71854
17.19 -8.71835
17.22 -8.71817
17.25 -8.71798
17.28 -8.71779
17.31 -8.71761
17.34 -8.71742
17.37 -8.71723
17.4 -8.71705
17.43 -8.71686
17.46 -8.71667
17.49 -8.71649
17.52 -8.7163
17.55 -8.71611
17.58 -8.71593
17.61 -8.71574
17.64 -8.71555
17.67 -8.71536
17.7 -8.71518
17.73 -8.71499
17.76 -8.7148
17.79 -8.71461
17.82 -8.71443
17.85 -8.71424
17.88 -8.71405
17.91 -8.71386
17.94 -8.71367
17.97 -8.71349
18 -8.7133
18.03 -8.71311
18.06 -8.71292
18.09 -8.71273
18.12 -8.71255
18.15 -8.71236
18.18 -8.71217
18.21 -8.71198
18.24 -8.71179
18.27 -8.7116
18.3 -8.71141
18.33 -8.71123
18.36 -8.71104
18.39 -8.71085
18.42 -8.71066
18.45 -8.71047
18.48 -8.71028
18.51 -8.71009
18.54 -8.70991
18.57 -8.70972
18.6 -8.70953
18.63 -8.70934
18.66 -8.70915
18.69 -8.70896
18.72 -8.70877
18.75 -8.70858
18.78 -8.7084
18.81 -8.70821
18.84 -8.70802
18.87 -8.70783
18.9 -8.70764
18.93 -8.70745
18.96 -8.70726
18.99 -8.70707
19.02 -8.70689
19.05 -8.7067
19.08 -8.70651
19.11 -8.70632
19.14 -8.70613
19.17 -8.70594
19.2 -8.70575
19.23 -8.70557
19.26 -8.70538
19.29 -8.70519
19.32 -8.705
19.35 -8.70481
19.38 -8.70463
19.41 -8.70444
19.44 -8.70425
19.47 -8.70406
19.5 -8.70387
19.53 -8.70369
19.56 -8.7035
19.59 -8.70331
19.62 -8.70313
19.65 -8.70294
19.68 -8.70275
19.71 -8.70256
19.74 -8.70238
19.77 -8.70219
19.8 -8.702
19.83 -8.70182
19.86 -8.70163
19.89 -8.70145
19.92 -8.70126
19.95 -8.70107
19.98 -8.70089
20.01 -8.7007
20.04 -8.70052
20.07 -8.70033
20.1 -8.70015
20.13 -8.69997
20.16 -8.69978
20.19 -8.6996
20.22 -8.69941
20.25 -8.69923
20.28 -8.69905
20.31 -8.69886
20.34 -8.69868
20.37 -8.6985
20.4 -8.69832
20.43 -8.69813
20.46 -8.69795
20.49 -8.69777
20.52 -8.69759
20.55 -8.69741
20.58 -8.69723
20.61 -8.69705
20.64 -8.69687
20.67 -8.69669
20.7 -8.69651
20.73 -8.69633
20.76 -8.69615
20.79 -8.69597
20.82 -8.69579
20.85 -8.69562
20.88 -8.69544
20.91 -8.69526
20.94 -8.69509
20.97 -8.69491
21 -8.69473
21.03 -8.69456
21.06 -8.69439
21.09 -8.69421
21.12 -8.69404
21.15 -8.69386
21.18 -8.69369
21.21 -8.69352
21.24 -8.69335
21.27 -8.69318
21.3 -8.69301
21.33 -8.69283
21.36 -8.69267
21.39 -8.6925
21.42 -8.69233
21.45 -8.69216
21.48 -8.69199
21.51 -8.69182
21.54 -8.69166
21.57 -8.69149
21.6 -8.69133
21.63 -8.69116
21.66 -8.691
21.69 -8.69084
21.72 -8.69067
21.75 -8.69051
21.78 -8.69035
21.81 -8.69019
21.84 -8.69003
21.87 -8.68987
21.9 -8.68971
21.93 -8.68956
21.96 -8.6894
21.99 -8.68924
22.02 -8.68909
22.05 -8.68893
22.08 -8.68878
22.11 -8.68863
22.14 -8.68847
22.17 -8.68832
22.2 -8.68817
22.23 -8.68802
22.26 -8.68788
22.29 -8.68773
22.32 -8.68758
22.35 -8.68744
22.38 -8.68729
22.41 -8.68715
22.44 -8.687
22.47 -8.68686
22.5 -8.68672
22.53 -8.68658
22.56 -8.68644
22.59 -8.68631
22.62 -8.68617
22.65 -8.68603
22.68 -8.6859
22.71 -8.68577
22.74 -8.68563
22.77 -8.6855
22.8 -8.68537
22.83 -8.68524
22.86 -8.68512
22.89 -8.68499
22.92 -8.68487
22.95 -8.68474
22.98 -8.68462
23.01 -8.6845
23.04 -8.68438
23.07 -8.68426
23.1 -8.68414
23.13 -8.68403
23.16 -8.68391
23.19 -8.6838
23.22 -8.68369
23.25 -8.68358
23.28 -8.68347
23.31 -8.68336
23.34 -8.68326
23.37 -8.68316
23.4 -8.68305
23.43 -8.68295
23.46 -8.68285
23.49 -8.68276
23.52 -8.68266
23.55 -8.68257
23.58 -8.68248
23.61 -8.68239
23.64 -8.6823
23.67 -8.68221
23.7 -8.68213
23.73 -8.68204
23.76 -8.68196
23.79 -8.68188
23.82 -8.6818
23.85 -8.68173
23.88 -8.68166
23.91 -8.68158
23.94 -8.68152
23.97 -8.68145
24 -8.68138
24.03 -8.68132
24.06 -8.68126
24.09 -8.6812
24.12 -8.68115
24.15 -8.68109
24.18 -8.68104
24.21 -8.68099
24.24 -8.68095
24.27 -8.6809
24.3 -8.68086
24.33 -8.68082
24.36 -8.68078
24.39 -8.68075
24.42 -8.68072
24.45 -8.68069
24.48 -8.68066
24.51 -8.68064
24.54 -8.68062
24.57 -8.6806
24.6 -8.68059
24.63 -8.68058
24.66 -8.68057
24.69 -8.68056
24.72 -8.68056
24.75 -8.68056
24.78 -8.68057
24.81 -8.68058
24.84 -8.68059
24.87 -8.6806
24.9 -8.68062
24.93 -8.68064
24.96 -8.68067
24.99 -8.68069
25.02 -8.68073
25.05 -8.68076
25.08 -8.6808
25.11 -8.68085
25.14 -8.6809
25.17 -8.68095
25.2 -8.681
25.23 -8.68106
25.26 -8.68113
25.29 -8.6812
25.32 -8.68127
25.35 -8.68135
25.38 -8.68143
25.41 -8.68152
25.44 -8.68161
25.47 -8.68171
25.5 -8.68181
25.53 -8.68192
25.56 -8.68203
25.59 -8.68215
25.62 -8.68228
25.65 -8.68241
25.68 -8.68254
25.71 -8.68268
25.74 -8.68283
25.77 -8.68298
25.8 -8.68314
25.83 -8.6833
25.86 -8.68347
25.89 -8.68365
25.92 -8.68383
25.95 -8.68403
25.98 -8.68422
26.01 -8.68443
26.04 -8.68464
26.07 -8.68486
26.1 -8.68509
26.13 -8.68532
26.16 -8.68556
26.19 -8.68581
26.22 -8.68607
26.25 -8.68634
26.28 -8.68661
26.31 -8.6869
26.34 -8.68719
26.37 -8.68749
26.4 -8.6878
26.43 -8.68812
26.46 -8.68845
26.49 -8.68879
26.52 -8.68914
26.55 -8.6895
26.58 -8.68987
26.61 -8.69025
26.64 -8.69064
26.67 -8.69104
26.7 -8.69146
26.73 -8.69188
26.76 -8.69232
26.79 -8.69277
26.82 -8.69323
26.85 -8.69371
26.88 -8.69419
26.91 -8.69469
26.94 -8.69521
26.97 -8.69573
27 -8.69627
27.03 -8.69683
27.06 -8.6974
27.09 -8.69798
27.12 -8.69858
27.15 -8.6992
27.18 -8.69983
27.21 -8.70047
27.24 -8.70114
27.27 -8.70181
27.3 -8.70251
27.33 -8.70322
27.36 -8.70395
27.39 -8.7047
27.42 -8.70547
27.45 -8.70625
27.48 -8.70706
27.51 -8.70788
27.54 -8.70872
27.57 -8.70958
27.6 -8.71047
27.63 -8.71137
27.66 -8.71229
27.69 -8.71324
27.72 -8.7142
27.75 -8.71519
27.78 -8.7162
27.81 -8.71723
27.84 -8.71828
27.87 -8.71936
27.9 -8.72046
27.93 -8.72158
27.96 -8.72273
27.99 -8.7239
28.02 -8.7251
28.05 -8.72632
28.08 -8.72756
28.11 -8.72883
28.14 -8.73013
28.17 -8.73145
28.2 -8.7328
28.23 -8.73417
28.26 -8.73557
28.29 -8.73699
28.32 -8.73844
28.35 -8.73992
28.38 -8.74143
28.41 -8.74296
28.44 -8.74451
28.47 -8.7461
28.5 -8.74771
28.53 -8.74935
28.56 -8.75101
28.59 -8.7527
28.62 -8.75442
28.65 -8.75617
28.68 -8.75794
28.71 -8.75973
28.74 -8.76156
28.77 -8.7634
28.8 -8.76528
28.83 -8.76718
28.86 -8.7691
28.89 -8.77105
28.92 -8.77302
28.95 -8.77502
28.98 -8.77704
29.01 -8.77908
29.04 -8.78114
29.07 -8.78323
29.1 -8.78534
29.13 -8.78747
29.16 -8.78962
29.19 -8.79178
29.22 -8.79397
29.25 -8.79618
29.28 -8.7984
29.31 -8.80064
29.34 -8.80289
29.37 -8.80516
29.4 -8.80744
29.43 -8.80974
29.46 -8.81205
29.49 -8.81437
29.52 -8.8167
29.55 -8.81905
29.58 -8.8214
29.61 -8.82376
29.64 -8.82612
29.67 -8.82849
29.7 -8.83087
29.73 -8.83325
29.76 -8.83563
29.79 -8.83802
29.82 -8.84041
29.85 -8.8428
29.88 -8.84519
29.91 -8.84757
29.94 -8.84996
29.97 -8.85234
30 -8.85471
30.001 -10
