0 0
0.03 0.375925
0.06 0.376768
0.09 0.377611
0.12 0.378455
0.15 0.379299
0.18 0.380145
0.21 0.380991
0.24 0.381838
0.27 0.382685
0.3 0.383533
0.33 0.384382
0.36 0.385232
0.39 0.386082
0.42 0.386934
0.45 0.387785
0.48 0.388638
0.51 0.389491
0.54 0.390346
0.57 0.3912
0.6 0.392056
0.63 0.392912
0.66 0.393769
0.69 0.394627
0.72 0.395485
0.75 0.396344
0.78 0.397204
0.81 0.398065
0.84 0.398926
0.87 0.399788
0.9 0.400651
0.93 0.401515
0.96 0.402379
0.99 0.403244
1.02 0.40411
1.05 0.404976
1.08 0.405844
1.11 0.406712
1.14 0.40758
1.17 0.40845
1.2 0.40932
1.23 0.410191
1.26 0.411062
1.29 0.411935
1.32 0.412808
1.35 0.413682
1.38 0.414556
1.41 0.415431
1.44 0.416307
1.47 0.417184
1.5 0.418062
1.53 0.41894
1.56 0.419819
1.59 0.420699
1.62 0.421579
1.65 0.42246
1.68 0.423342
1.71 0.424225
1.74 0.425108
1.77 0.425992
1.8 0.426877
1.83 0.427763
1.86 0.428649
1.89 0.429536
1.92 0.430424
1.95 0.431313
1.98 0.432202
2.01 0.433092
2.04 0.433983
2.07 0.434874
2.1 0.435767
2.13 0.43666
2.16 0.437553
2.19 0.438448
2.22 0.439343
2.25 0.440239
2.28 0.441136
2.31 0.442033
2.34 0.442931
2.37 0.44383
2.4 0.44473
2.43 0.445631
2.46 0.446532
2.49 0.447434
2.52 0.448336
2.55 0.44924
2.58 0.450144
2.61 0.451049
2.64 0.451955
2.67 0.452861
2.7 0.453768
2.73 0.454676
2.76 0.455585
2.79 0.456494
2.82 0.457405
2.85 0.458316
2.88 0.459227
2.91 0.46014
2.94 0.461053
2.97 0.461967
3 0.462882
3.03 0.463797
3.06 0.464713
3.09 0.46563
3.12 0.466548
3.15 0.467467
3.18 0.468386
3.21 0.469306
3.24 0.470227
3.27 0.471148
3.3 0.472071
3.33 0.472994
3.36 0.473918
3.39 0.474842
3.42 0.475768
3.45 0.476694
3.48 0.477621
3.51 0.478548
3.54 0.479477
3.57 0.480406
3.6 0.481336
3.63 0.482267
3.66 0.483198
3.69 0.48413
3.72 0.485063
3.75 0.485997
3.78 0.486932
3.81 0.487867
3.84 0.488803
3.87 0.48974
3.9 0.490678
3.93 0.491616
3.96 0.492556
3.99 0.493496
4.02 0.494436
4.05 0.495378
4.08 0.49632
4.11 0.497264
4.14 0.498207
4.17 0.499152
4.2 0.500098
4.23 0.501044
4.26 0.501991
4.29 0.502939
4.32 0.503887
4.35 0.504837
4.38 0.505787
4.41 0.506738
4.44 0.50769
4.47 0.508642
4.5 0.509596
4.53 0.51055
4.56 0.511505
4.59 0.512461
4.62 0.513417
4.65 0.514375
4.68 0.515333
4.71 0.516292
4.74 0.517252
4.77 0.518212
4.8 0.519173
4.83 0.520136
4.86 0.521099
4.89 0.522062
4.92 0.523027
4.95 0.523992
4.98 0.524959
5.01 0.525926
5.04 0.526894
5.07 0.527862
5.1 0.528832
5.13 0.529802
5.16 0.530773
5.19 0.531745
5.22 0.532718
5.25 0.533691
5.28 0.534666
5.31 0.535641
5.34 0.536617
5.37 0.537594
5.4 0.538572
5.43 0.53955
5.46 0.54053
5.49 0.54151
5.52 0.542491
5.55 0.543473
5.58 0.544455
5.61 0.545439
5.64 0.546423
5.67 0.547409
5.7 0.548395
5.73 0.549382
5.76 0.55037
5.79 0.551358
5.82 0.552348
5.85 0.553338
5.88 0.554329
5.91 0.555321
5.94 0.556314
5.97 0.557308
6 0.558303
6.03 0.559298
6.06 0.560294
6.09 0.561292
6.12 0.56229
6.15 0.563289
6.18 0.564289
6.21 0.565289
6.24 0.566291
6.27 0.567293
6.3 0.568297
6.33 0.569301
6.36 0.570306
6.39 0.571312
6.42 0.572319
6.45 0.573327
6.48 0.574335
6.51 0.575345
6.54 0.576355
6.57 0.577367
6.6 0.578379
6.63 0.579392
6.66 0.580406
6.69 0.581421
6.72 0.582437
6.75 0.583454
6.78 0.584472
6.81 0.58549
6.84 0.58651
6.87 0.58753
6.9 0.588552
6.93 0.589574
6.96 0.590597
6.99 0.591621
7.02 0.592646
7.05 0.593673
7.08 0.5947
7.11 0.595727
7.14 0.596756
7.17 0.597786
7.2 0.598817
7.23 0.599849
7.26 0.600881
7.29 0.601915
7.32 0.602949
7.35 0.603985
7.38 0.605021
7.41 0.606059
7.44 0.607097
7.47 0.608137
7.5 0.609177
7.53 0.610219
7.56 0.611261
7.59 0.612304
7.62 0.613349
7.65 0.614394
7.68 0.61544
7.71 0.616488
7.74 0.617536
7.77 0.618585
7.8 0.619635
7.83 0.620687
7.86 0.621739
7.89 0.622792
7.92 0.623847
7.95 0.624902
7.98 0.625959
8.01 0.627016
8.04 0.628075
8.07 0.629134
8.1 0.630195
8.13 0.631256
8.16 0.632319
8.19 0.633383
8.22 0.634447
8.25 0.635513
8.28 0.63658
8.31 0.637648
8.34 0.638717
8.37 0.639787
8.4 0.640858
8.43 0.64193
8.46 0.643004
8.49 0.644078
8.52 0.645154
8.55 0.64623
8.58 0.647308
8.61 0.648387
8.64 0.649467
8.67 0.650548
8.7 0.65163
8.73 0.652713
8.76 0.653797
8.79 0.654883
8.82 0.655969
8.85 0.657057
8.88 0.658146
8.91 0.659236
8.94 0.660327
8.97 0.66142
9 0.662513
9.03 0.663608
9.06 0.664704
9.09 0.665801
9.12 0.666899
9.15 0.667998
9.18 0.669099
9.21 0.670201
9.24 0.671304
9.27 0.672408
9.3 0.673513
9.33 0.67462
9.36 0.675728
9.39 0.676837
9.42 0.677947
9.45 0.679058
9.48 0.680171
9.51 0.681285
9.54 0.6824
9.57 0.683517
9.6 0.684634
9.63 0.685753
9.66 0.686874
9.69 0.687995
9.72 0.689118
9.75 0.690242
9.78 0.691367
9.81 0.692494
9.84 0.693622
9.87 0.694751
9.9 0.695882
9.93 0.697014
9.96 0.698147
9.99 0.699282
10.02 0.700418
10.05 0.701555
10.08 0.702694
10.11 0.703834
10.14 0.704975
10.17 0.706118
10.2 0.707262
10.23 0.708407
10.26 0.709554
10.29 0.710702
10.32 0.711852
10.35 0.713003
10.38 0.714155
10.41 0.715309
10.44 0.716465
10.47 0.717621
10.5 0.718779
10.53 0.719939
10.56 0.7211
10.59 0.722263
10.62 0.723427
10.65 0.724592
10.68 0.725759
10.71 0.726928
10.74 0.728098
10.77 0.729269
10.8 0.730442
10.83 0.731617
10.86 0.732793
10.89 0.73397
10.92 0.735149
10.95 0.73633
10.98 0.737512
11.01 0.738696
11.04 0.739881
11.07 0.741068
11.1 0.742257
11.13 0.743447
11.16 0.744639
11.19 0.745832
11.22 0.747027
11.25 0.748224
11.28 0.749422
11.31 0.750622
11.34 0.751823
11.37 0.753026
11.4 0.754231
11.43 0.755438
11.46 0.756646
11.49 0.757856
11.52 0.759068
11.55 0.760281
11.58 0.761496
11.61 0.762713
11.64 0.763932
11.67 0.765152
11.7 0.766374
11.73 0.767598
11.76 0.768824
11.79 0.770051
11.82 0.77128
11.85 0.772511
11.88 0.773744
11.91 0.774979
11.94 0.776215
11.97 0.777454
12 0.778694
12.03 0.779936
12.06 0.78118
12.09 0.782426
12.12 0.783674
12.15 0.784924
12.18 0.786175
12.21 0.787429
12.24 0.788684
12.27 0.789942
12.3 0.791201
12.33 0.792463
12.36 0.793726
12.39 0.794991
12.42 0.796259
12.45 0.797528
12.48 0.7988
12.51 0.800073
12.54 0.801349
12.57 0.802626
12.6 0.803906
12.63 0.805188
12.66 0.806471
12.69 0.807757
12.72 0.809045
12.75 0.810336
12.78 0.811628
12.81 0.812923
12.84 0.814219
12.87 0.815518
12.9 0.816819
12.93 0.818122
12.96 0.819428
12.99 0.820736
13.02 0.822046
13.05 0.823358
13.08 0.824672
13.11 0.825989
13.14 0.827308
13.17 0.82863
13.2 0.829954
13.23 0.83128
13.26 0.832608
13.29 0.833939
13.32 0.835272
13.35 0.836608
13.38 0.837946
13.41 0.839286
13.44 0.840629
13.47 0.841974
13.5 0.843322
13.53 0.844672
13.56 0.846025
13.59 0.84738
13.62 0.848738
13.65 0.850098
13.68 0.851461
13.71 0.852826
13.74 0.854194
13.77 0.855564
13.8 0.856938
13.83 0.858313
13.86 0.859692
13.89 0.861073
13.92 0.862457
13.95 0.863843
13.98 0.865232
14.01 0.866624
14.04 0.868019
14.07 0.869416
14.1 0.870816
14.13 0.872219
14.16 0.873624
14.19 0.875033
14.22 0.876444
14.25 0.877858
14.28 0.879275
14.31 0.880695
14.34 0.882118
14.37 0.883544
14.4 0.884973
14.43 0.886404
14.46 0.887839
14.49 0.889276
14.52 0.890717
14.55 0.89216
14.58 0.893607
14.61 0.895057
14.64 0.896509
14.67 0.897965
14.7 0.899424
14.73 0.900886
14.76 0.902352
14.79 0.90382
14.82 0.905292
14.85 0.906766
14.88 0.908244
14.91 0.909726
14.94 0.91121
14.97 0.912698
15 0.914189
15.03 0.915683
15.06 0.917181
15.09 0.918682
15.12 0.920187
15.15 0.921694
15.18 0.923206
15.21 0.92472
15.24 0.926239
15.27 0.92776
15.3 0.929285
15.33 0.930814
15.36 0.932346
15.39 0.933882
15.42 0.935421
15.45 0.936964
15.48 0.938511
15.51 0.940061
15.54 0.941615
15.57 0.943172
15.6 0.944734
15.63 0.946299
15.66 0.947867
15.69 0.94944
15.72 0.951016
15.75 0.952596
15.78 0.95418
15.81 0.955768
15.84 0.95736
15.87 0.958955
15.9 0.960555
15.93 0.962158
15.96 0.963766
15.99 0.965377
16.02 0.966993
16.05 0.968612
16.08 0.970236
16.11 0.971864
16.14 0.973496
16.17 0.975131
16.2 0.976772
16.23 0.978416
16.26 0.980064
16.29 0.981717
16.32 0.983374
16.35 0.985035
16.38 0.986701
16.41 0.988371
16.44 0.990045
16.47 0.991724
16.5 0.993407
16.53 0.995095
16.56 0.996787
16.59 0.998483
16.62 1.00018
16.65 1.00189
16.68 1.0036
16.71 1.00531
16.74 1.00703
16.77 1.00876
16.8 1.01049
16.83 1.01222
16.86 1.01396
16.89 1.0157
16.92 1.01745
16.95 1.0192
16.98 1.02096
17.01 1.02272
17.04 1.02449
17.07 1.02626
17.1 1.02803
17.13 1.02982
17.16 1.0316
17.19 1.03339
17.22 1.03519
17.25 1.03699
17.28 1.0388
17.31 1.04061
17.34 1.04243
17.37 1.04425
17.4 1.04608
17.43 1.04791
17.46 1.04975
17.49 1.05159
17.52 1.05344
17.55 1.05529
17.58 1.05715
17.61 1.05902
17.64 1.06089
17.67 1.06276
17.7 1.06465
17.73 1.06653
17.76 1.06842
17.79 1.07032
17.82 1.07223
17.85 1.07413
17.88 1.07605
17.91 1.07797
17.94 1.0799
17.97 1.08183
18 1.08377
18.03 1.08571
18.06 1.08766
18.09 1.08961
18.12 1.09157
18.15 1.09354
18.18 1.09551
18.21 1.09749
18.24 1.09948
18.27 1.10147
18.3 1.10347
18.33 1.10547
18.36 1.10748
18.39 1.1095
18.42 1.11152
18.45 1.11355
18.48 1.11558
18.51 1.11762
18.54 1.11967
18.57 1.12172
18.6 1.12378
18.63 1.12585
18.66 1.12792
18.69 1.13
18.72 1.13209
18.75 1.13418
18.78 1.13628
18.81 1.13838
18.84 1.1405
18.87 1.14262
18.9 1.14474
18.93 1.14687
18.96 1.14901
18.99 1.15116
19.02 1.15331
19.05 1.15547
19.08 1.15764
19.11 1.15981
19.14 1.16199
19.17 1.16418
19.2 1.16638
19.23 1.16858
19.26 1.17079
19.29 1.173
19.32 1.17523
19.35 1.17746
19.38 1.1797
19.41 1.18194
19.44 1.18419
19.47 1.18645
19.5 1.18872
19.53 1.19099
19.56 1.19328
19.59 1.19557
19.62 1.19786
19.65 1.20017
19.68 1.20248
19.71 1.2048
19.74 1.20713
19.77 1.20946
19.8 1.2118
19.83 1.21416
19.86 1.21651
19.89 1.21888
19.92 1.22125
19.95 1.22364
19.98 1.22603
20.01 1.22842
20.04 1.23083
20.07 1.23324
20.1 1.23566
20.13 1.23809
20.16 1.24053
20.19 1.24298
20.22 1.24543
20.25 1.2479
20.28 1.25037
20.31 1.25285
20.34 1.25533
20.37 1.25783
20.4 1.26033
20.43 1.26285
20.46 1.26537
20.49 1.2679
20.52 1.27043
20.55 1.27298
20.58 1.27554
20.61 1.2781
20.64 1.28067
20.67 1.28325
20.7 1.28585
20.73 1.28844
20.76 1.29105
20.79 1.29367
20.82 1.29629
20.85 1.29893
20.88 1.30157
20.91 1.30422
20.94 1.30689
20.97 1.30956
21 1.31224
21.03 1.31492
21.06 1.31762
21.09 1.32033
21.12 1.32305
21.15 1.32577
21.18 1.32851
21.21 1.33125
21.24 1.33401
21.27 1.33677
21.3 1.33954
21.33 1.34232
21.36 1.34512
21.39 1.34792
21.42 1.35073
21.45 1.35355
21.48 1.35638
21.51 1.35922
21.54 1.36207
21.57 1.36493
21.6 1.3678
21.63 1.37068
21.66 1.37357
21.69 1.37647
21.72 1.37938
21.75 1.3823
21.78 1.38523
21.81 1.38817
21.84 1.39112
21.87 1.39409
21.9 1.39706
21.93 1.40004
21.96 1.40303
21.99 1.40604
22.02 1.40905
22.05 1.41207
22.08 1.41511
22.11 1.41816
22.14 1.42121
22.17 1.42428
22.2 1.42736
22.23 1.43045
22.26 1.43355
22.29 1.43666
22.32 1.43978
22.35 1.44292
22.38 1.44606
22.41 1.44922
22.44 1.45238
22.47 1.45556
22.5 1.45875
22.53 1.46196
22.56 1.46517
22.59 1.4684
22.62 1.47163
22.65 1.47488
22.68 1.47815
22.71 1.48142
22.74 1.4847
22.77 1.488
22.8 1.49131
22.83 1.49463
22.86 1.49797
22.89 1.50132
22.92 1.50468
22.95 1.50805
22.98 1.51143
23.01 1.51483
23.04 1.51824
23.07 1.52167
23.1 1.5251
23.13 1.52856
23.16 1.53202
23.19 1.5355
23.22 1.53899
23.25 1.54249
23.28 1.54601
23.31 1.54954
23.34 1.55309
23.37 1.55665
23.4 1.56023
23.43 1.56382
23.46 1.56742
23.49 1.57104
23.52 1.57468
23.55 1.57832
23.58 1.58199
23.61 1.58567
23.64 1.58936
23.67 1.59307
23.7 1.5968
23.73 1.60054
23.76 1.6043
23.79 1.60807
23.82 1.61186
23.85 1.61567
23.88 1.6195
23.91 1.62334
23.94 1.6272
23.97 1.63107
24 1.63496
24.03 1.63888
24.06 1.64281
24.09 1.64675
24.12 1.65072
24.15 1.6547
24.18 1.65871
24.21 1.66273
24.24 1.66677
24.27 1.67083
24.3 1.67491
24.33 1.67901
24.36 1.68313
24.39 1.68728
24.42 1.69144
24.45 1.69562
24.48 1.69983
24.51 1.70406
24.54 1.70831
24.57 1.71258
24.6 1.71687
24.63 1.72119
24.66 1.72553
24.69 1.72989
24.72 1.73428
24.75 1.7387
24.78 1.74313
24.81 1.7476
24.84 1.75208
24.87 1.7566
24.9 1.76114
24.93 1.7657
24.96 1.7703
24.99 1.77492
25.02 1.77957
25.05 1.78424
25.08 1.78895
25.11 1.79368
25.14 1.79845
25.17 1.80324
25.2 1.80807
25.23 1.81292
25.26 1.81781
25.29 1.82273
25.32 1.82768
25.35 1.83266
25.38 1.83768
25.41 1.84273
25.44 1.84782
25.47 1.85294
25.5 1.8581
25.53 1.86329
25.56 1.86852
25.59 1.87379
25.62 1.8791
25.65 1.88444
25.68 1.88983
25.71 1.89525
25.74 1.90071
25.77 1.90622
25.8 1.91177
25.83 1.91736
25.86 1.92299
25.89 1.92867
25.92 1.93439
25.95 1.94015
25.98 1.94597
26.01 1.95182
26.04 1.95773
26.07 1.96368
26.1 1.96969
26.13 1.97574
26.16 1.98184
26.19 1.988
26.22 1.9942
26.25 2.00046
26.28 2.00677
26.31 2.01314
26.34 2.01956
26.37 2.02604
26.4 2.03257
26.43 2.03916
26.46 2.04581
26.49 2.05252
26.52 2.05928
26.55 2.06611
26.58 2.073
26.61 2.07995
26.64 2.08697
26.67 2.09405
26.7 2.10119
26.73 2.1084
26.76 2.11567
26.79 2.12301
26.82 2.13042
26.85 2.1379
26.88 2.14544
26.91 2.15306
26.94 2.16075
26.97 2.16851
27 2.17634
27.03 2.18424
27.06 2.19222
27.09 2.20027
27.12 2.20839
27.15 2.21659
27.18 2.22487
27.21 2.23322
27.24 2.24165
27.27 2.25016
27.3 2.25874
27.33 2.2674
27.36 2.27615
27.39 2.28497
27.42 2.29387
27.45 2.30285
27.48 2.31191
27.51 2.32105
27.54 2.33026
27.57 2.33956
27.6 2.34894
27.63 2.3584
27.66 2.36794
27.69 2.37756
27.72 2.38726
27.75 2.39704
27.78 2.4069
27.81 2.41683
27.84 2.42685
27.87 2.43694
27.9 2.44711
27.93 2.45735
27.96 2.46767
27.99 2.47807
28.02 2.48853
28.05 2.49907
28.08 2.50969
28.11 2.52037
28.14 2.53112
28.17 2.54194
28.2 2.55282
28.23 2.56377
28.26 2.57478
28.29 2.58585
28.32 2.59698
28.35 2.60816
28.38 2.61941
28.41 2.6307
28.44 2.64205
28.47 2.65344
28.5 2.66488
28.53 2.67636
28.56 2.68789
28.59 2.69945
28.62 2.71104
28.65 2.72267
28.68 2.73433
28.71 2.74602
28.74 2.75773
28.77 2.76946
28.8 2.7812
28.83 2.79296
28.86 2.80473
28.89 2.81651
28.92 2.8283
28.95 2.84008
28.98 2.85186
29.01 2.86363
29.04 2.87539
29.07 2.88714
29.1 2.89887
29.13 2.91058
29.16 2.92227
29.19 2.93393
29.22 2.94555
29.25 2.95714
29.28 2.96869
29.31 2.9802
29.34 2.99166
29.37 3.00307
29.4 3.01443
29.43 3.02573
29.46 3.03698
29.49 3.04816
29.52 3.05927
29.55 3.07031
29.58 3.08128
29.61 3.09218
29.64 3.10299
29.67 3.11373
29.7 3.12438
29.73 3.13494
29.76 3.14541
29.79 3.15579
29.82 3.16608
29.85 3.17627
29.88 3.18636
29.91 3.19635
29.94 3.20624
29.97 3.21602
30 3.2257
30.001 0
