0 5
0.03 4.89554
0.06 4.89563
0.09 4.89572
0.12 4.89581
0.15 4.89589
0.18 4.89598
0.21 4.89607
0.24 4.89616
0.27 4.89625
0.3 4.89634
0.33 4.89643
0.36 4.89652
0.39 4.89661
0.42 4.8967
0.45 4.89678
0.48 4.89687
0.51 4.89696
0.54 4.89705
0.57 4.89715
0.6 4.89724
0.63 4.89733
0.66 4.89742
0.69 4.89751
0.72 4.8976
0.75 4.89769
0.78 4.89778
0.81 4.89787
0.84 4.89796
0.87 4.89806
0.9 4.89815
0.93 4.89824
0.96 4.89833
0.99 4.89842
1.02 4.89852
1.05 4.89861
1.08 4.8987
1.11 4.8988
1.14 4.89889
1.17 4.89898
1.2 4.89908
1.23 4.89917
1.26 4.89926
1.29 4.89936
1.32 4.89945
1.35 4.89955
1.38 4.89964
1.41 4.89973
1.44 4.89983
1.47 4.89992
1.5 4.90002
1.53 4.90011
1.56 4.90021
1.59 4.9003
1.62 4.9004
1.65 4.9005
1.68 4.90059
1.71 4.90069
1.74 4.90078
1.77 4.90088
1.8 4.90098
1.83 4.90107
1.86 4.90117
1.89 4.90127
1.92 4.90136
1.95 4.90146
1.98 4.90156
2.01 4.90166
2.04 4.90175
2.07 4.90185
2.1 4.90195
2.13 4.90205
2.16 4.90215
2.19 4.90225
2.22 4.90234
2.25 4.90244
2.28 4.90254
2.31 4.90264
2.34 4.90274
2.37 4.90284
2.4 4.90294
2.43 4.90304
2.46 4.90314
2.49 4.90324
2.52 4.90334
2.55 4.90344
2.58 4.90354
2.61 4.90364
2.64 4.90374
2.67 4.90384
2.7 4.90395
2.73 4.90405
2.76 4.90415
2.79 4.90425
2.82 4.90435
2.85 4.90445
2.88 4.90456
2.91 4.90466
2.94 4.90476
2.97 4.90486
3 4.90497
3.03 4.90507
3.06 4.90517
3.09 4.90528
3.12 4.90538
3.15 4.90548
3.18 4.90559
3.21 4.90569
3.24 4.9058
3.27 4.9059
3.3 4.90601
3.33 4.90611
3.36 4.90622
3.39 4.90632
3.42 4.90643
3.45 4.90653
3.48 4.90664
3.51 4.90674
3.54 4.90685
3.57 4.90696
3.6 4.90706
3.63 4.90717
3.66 4.90727
3.69 4.90738
3.72 4.90749
3.75 4.9076
3.78 4.9077
3.81 4.90781
3.84 4.90792
3.87 4.90803
3.9 4.90813
3.93 4.90824
3.96 4.90835
3.99 4.90846
4.02 4.90857
4.05 4.90868
4.08 4.90879
4.11 4.9089
4.14 4.90901
4.17 4.90912
4.2 4.90923
4.23 4.90934
4.26 4.90945
4.29 4.90956
4.32 4.90967
4.35 4.90978
4.38 4.90989
4.41 4.91
4.44 4.91011
4.47 4.91022
4.5 4.91033
4.53 4.91045
4.56 4.91056
4.59 4.91067
4.62 4.91078
4.65 4.91089
4.68 4.91101
4.71 4.91112
4.74 4.91123
4.77 4.91135
4.8 4.91146
4.83 4.91157
4.86 4.91169
4.89 4.9118
4.92 4.91192
4.95 4.91203
4.98 4.91215
5.01 4.91226
5.04 4.91238
5.07 4.91249
5.1 4.91261
5.13 4.91272
5.16 4.91284
5.19 4.91295
5.22 4.91307
5.25 4.91319
5.28 4.9133
5.31 4.91342
5.34 4.91354
5.37 4.91365
5.4 4.91377
5.43 4.91389
5.46 4.91401
5.49 4.91412
5.52 4.91424
5.55 4.91436
5.58 4.91448
5.61 4.9146
5.64 4.91472
5.67 4.91484
5.7 4.91495
5.73 4.91507
5.76 4.91519
5.79 4.91531
5.82 4.91543
5.85 4.91555
5.88 4.91568
5.91 4.9158
5.94 4.91592
5.97 4.91604
6 4.91616
6.03 4.91628
6.06 4.9164
6.09 4.91652
6.12 4.91665
6.15 4.91677
6.18 4.91689
6.21 4.91701
6.24 4.91714
6.27 4.91726
6.3 4.91738
6.33 4.91751
6.36 4.91763
6.39 4.91776
6.42 4.91788
6.45 4.918
6.48 4.91813
6.51 4.91825
6.54 4.91838
6.57 4.9185
6.6 4.91863
6.63 4.91875
6.66 4.91888
6.69 4.91901
6.72 4.91913
6.75 4.91926
6.78 4.91939
6.81 4.91951
6.84 4.91964
6.87 4.91977
6.9 4.9199
6.93 4.92002
6.96 4.92015
6.99 4.92028
7.02 4.92041
7.05 4.92054
7.08 4.92067
7.11 4.9208
7.14 4.92093
7.17 4.92106
7.2 4.92119
7.23 4.92132
7.26 4.92145
7.29 4.92158
7.32 4.92171
7.35 4.92184
7.38 4.92197
7.41 4.9221
7.44 4.92223
7.47 4.92236
7.5 4.9225
7.53 4.92263
7.56 4.92276
7.59 4.92289
7.62 4.92303
7.65 4.92316
7.68 4.92329
7.71 4.92343
7.74 4.92356
7.77 4.9237
7.8 4.92383
7.83 4.92397
7.86 4.9241
7.89 4.92424
7.92 4.92437
7.95 4.92451
7.98 4.92464
8.01 4.92478
8.04 4.92492
8.07 4.92505
8.1 4.92519
8.13 4.92533
8.16 4.92547
8.19 4.9256
8.22 4.92574
8.25 4.92588
8.28 4.92602
8.31 4.92616
8.34 4.9263
8.37 4.92644
8.4 4.92657
8.43 4.92671
8.46 4.92685
8.49 4.927
8.52 4.92714
8.55 4.92728
8.58 4.92742
8.61 4.92756
8.64 4.9277
8.67 4.92784
8.7 4.92798
8.73 4.92813
8.76 4.92827
8.79 4.92841
8.82 4.92856
8.85 4.9287
8.88 4.92884
8.91 4.92899
8.94 4.92913
8.97 4.92928
9 4.92942
9.03 4.92957
9.06 4.92971
9.09 4.92986
9.12 4.93
9.15 4.93015
9.18 4.9303
9.21 4.93044
9.24 4.93059
9.27 4.93074
9.3 4.93088
9.33 4.93103
9.36 4.93118
9.39 4.93133
9.42 4.93148
9.45 4.93163
9.48 4.93178
9.51 4.93193
9.54 4.93208
9.57 4.93223
9.6 4.93238
9.63 4.93253
9.66 4.93268
9.69 4.93283
9.72 4.93298
9.75 4.93313
9.78 4.93329
9.81 4.93344
9.84 4.93359
9.87 4.93375
9.9 4.9339
9.93 4.93405
9.96 4.93421
9.99 4.93436
10.02 4.93452
10.05 4.93467
10.08 4.93483
10.11 4.93498
10.14 4.93514
10.17 4.9353
10.2 4.93545
10.23 4.93561
10.26 4.93577
10.29 4.93592
10.32 4.93608
10.35 4.93624
10.38 4.9364
10.41 4.93656
10.44 4.93672
10.47 4.93688
10.5 4.93704
10.53 4.9372
10.56 4.93736
10.59 4.93752
10.62 4.93768
10.65 4.93784
10.68 4.938
10.71 4.93817
10.74 4.93833
10.77 4.93849
10.8 4.93866
10.83 4.93882
10.86 4.93898
10.89 4.93915
10.92 4.93931
10.95 4.93948
10.98 4.93964
11.01 4.93981
11.04 4.93998
11.07 4.94014
11.1 4.94031
11.13 4.94048
11.16 4.94064
11.19 4.94081
11.22 4.94098
11.25 4.94115
11.28 4.94132
11.31 4.94149
11.34 4.94166
11.37 4.94183
11.4 4.942
11.43 4.94217
11.46 4.94234
11.49 4.94251
11.52 4.94269
11.55 4.94286
11.58 4.94303
11.61 4.94321
11.64 4.94338
11.67 4.94355
11.7 4.94373
11.73 4.9439
11.76 4.94408
11.79 4.94426
11.82 4.94443
11.85 4.94461
11.88 4.94479
11.91 4.94496
11.94 4.94514
11.97 4.94532
12 4.9455
12.03 4.94568
12.06 4.94586
12.09 4.94604
12.12 4.94622
12.15 4.9464
12.18 4.94658
12.21 4.94676
12.24 4.94695
12.27 4.94713
12.3 4.94731
12.33 4.9475
12.36 4.94768
12.39 4.94786
12.42 4.94805
12.45 4.94823
12.48 4.94842
12.51 4.94861
12.54 4.94879
12.57 4.94898
12.6 4.94917
12.63 4.94936
12.66 4.94955
12.69 4.94973
12.72 4.94992
12.75 4.95011
12.78 4.95031
12.81 4.9505
12.84 4.95069
12.87 4.95088
12.9 4.95107
12.93 4.95127
12.96 4.95146
12.99 4.95165
13.02 4.95185
13.05 4.95204
13.08 4.95224
13.11 4.95244
13.14 4.95263
13.17 4.95283
13.2 4.95303
13.23 4.95323
13.26 4.95342
13.29 4.95362
13.32 4.95382
13.35 4.95402
13.38 4.95422
13.41 4.95443
13.44 4.95463
13.47 4.95483
13.5 4.95503
13.53 4.95524
13.56 4.95544
13.59 4.95565
13.62 4.95585
13.65 4.95606
13.68 4.95626
13.71 4.95647
13.74 4.95668
13.77 4.95689
13.8 4.9571
13.83 4.95731
13.86 4.95752
13.89 4.95773
13.92 4.95794
13.95 4.95815
13.98 4.95836
14.01 4.95858
14.04 4.95879
14.07 4.959
14.1 4.95922
14.13 4.95943
14.16 4.95965
14.19 4.95987
14.22 4.96008
14.25 4.9603
14.28 4.96052
14.31 4.96074
14.34 4.96096
14.37 4.96118
14.4 4.9614
14.43 4.96162
14.46 4.96185
14.49 4.96207
14.52 4.96229
14.55 4.96252
14.58 4.96274
14.61 4.96297
14.64 4.9632
14.67 4.96342
14.7 4.96365
14.73 4.96388
14.76 4.96411
14.79 4.96434
14.82 4.96457
14.85 4.9648
14.88 4.96504
14.91 4.96527
14.94 4.9655
14.97 4.96574
15 4.96597
15.03 4.96621
15.06 4.96645
15.09 4.96668
15.12 4.96692
15.15 4.96716
15.18 4.9674
15.21 4.96764
15.24 4.96788
15.27 4.96813
15.3 4.96837
15.33 4.96861
15.36 4.96886
15.39 4.9691
15.42 4.96935
15.45 4.9696
15.48 4.96984
15.51 4.97009
15.54 4.97034
15.57 4.97059
15.6 4.97084
15.63 4.9711
15.66 4.97135
15.69 4.9716
15.72 4.97186
15.75 4.97211
15.78 4.97237
15.81 4.97263
15.84 4.97288
15.87 4.97314
15.9 4.9734
15.93 4.97366
15.96 4.97393
15.99 4.97419
16.02 4.97445
16.05 4.97472
16.08 4.97498
16.11 4.97525
16.14 4.97551
16.17 4.97578
16.2 4.97605
16.23 4.97632
16.26 4.97659
16.29 4.97687
16.32 4.97714
16.35 4.97741
16.38 4.97769
16.41 4.97796
16.44 4.97824
16.47 4.97852
16.5 4.9788
16.53 4.97908
16.56 4.97936
16.59 4.97964
16.62 4.97992
16.65 4.98021
16.68 4.98049
16.71 4.98078
16.74 4.98107
16.77 4.98135
16.8 4.98164
16.83 4.98193
16.86 4.98223
16.89 4.98252
16.92 4.98281
16.95 4.98311
16.98 4.9834
17.01 4.9837
17.04 4.984
17.07 4.9843
17.1 4.9846
17.13 4.9849
17.16 4.9852
17.19 4.98551
17.22 4.98581
17.25 4.98612
17.28 4.98642
17.31 4.98673
17.34 4.98704
17.37 4.98735
17.4 4.98767
17.43 4.98798
17.46 4.98829
17.49 4.98861
17.52 4.98893
17.55 4.98925
17.58 4.98957
17.61 4.98989
17.64 4.99021
17.67 4.99053
17.7 4.99086
17.73 4.99118
17.76 4.99151
17.79 4.99184
17.82 4.99217
17.85 4.9925
17.88 4.99283
17.91 4.99317
17.94 4.9935
17.97 4.99384
18 4.99418
18.03 4.99452
18.06 4.99486
18.09 4.9952
18.12 4.99555
18.15 4.99589
18.18 4.99624
18.21 4.99659
18.24 4.99693
18.27 4.99729
18.3 4.99764
18.33 4.99799
18.36 4.99835
18.39 4.9987
18.42 4.99906
18.45 4.99942
18.48 4.99978
18.51 5.00015
18.54 5.00051
18.57 5.00088
18.6 5.00124
18.63 5.00161
18.66 5.00198
18.69 5.00235
18.72 5.00273
18.75 5.0031
18.78 5.00348
18.81 5.00386
18.84 5.00424
18.87 5.00462
18.9 5.005
18.93 5.00539
18.96 5.00577
18.99 5.00616
19.02 5.00655
19.05 5.00694
19.08 5.00734
19.11 5.00773
19.14 5.00813
19.17 5.00853
19.2 5.00893
19.23 5.00933
19.26 5.00973
19.29 5.01014
19.32 5.01054
19.35 5.01095
19.38 5.01136
19.41 5.01178
19.44 5.01219
19.47 5.01261
19.5 5.01302
19.53 5.01344
19.56 5.01387
19.59 5.01429
19.62 5.01471
19.65 5.01514
19.68 5.01557
19.71 5.016
19.74 5.01643
19.77 5.01687
19.8 5.01731
19.83 5.01774
19.86 5.01818
19.89 5.01863
19.92 5.01907
19.95 5.01952
19.98 5.01997
20.01 5.02042
20.04 5.02087
20.07 5.02132
20.1 5.02178
20.13 5.02224
20.16 5.0227
20.19 5.02316
20.22 5.02363
20.25 5.02409
20.28 5.02456
20.31 5.02503
20.34 5.0255
20.37 5.02598
20.4 5.02646
20.43 5.02694
20.46 5.02742
20.49 5.0279
20.52 5.02839
20.55 5.02887
20.58 5.02937
20.61 5.02986
20.64 5.03035
20.67 5.03085
20.7 5.03135
20.73 5.03185
20.76 5.03235
20.79 5.03286
20.82 5.03337
20.85 5.03388
20.88 5.03439
20.91 5.03491
20.94 5.03542
20.97 5.03594
21 5.03646
21.03 5.03699
21.06 5.03752
21.09 5.03804
21.12 5.03858
21.15 5.03911
21.18 5.03965
21.21 5.04019
21.24 5.04073
21.27 5.04127
21.3 5.04182
21.33 5.04237
21.36 5.04292
21.39 5.04347
21.42 5.04403
21.45 5.04458
21.48 5.04515
21.51 5.04571
21.54 5.04628
21.57 5.04684
21.6 5.04742
21.63 5.04799
21.66 5.04857
21.69 5.04915
21.72 5.04973
21.75 5.05031
21.78 5.0509
21.81 5.05149
21.84 5.05208
21.87 5.05268
21.9 5.05327
21.93 5.05388
21.96 5.05448
21.99 5.05508
22.02 5.05569
22.05 5.05631
22.08 5.05692
22.11 5.05754
22.14 5.05816
22.17 5.05878
22.2 5.05941
22.23 5.06003
22.26 5.06067
22.29 5.0613
22.32 5.06194
22.35 5.06258
22.38 5.06322
22.41 5.06387
22.44 5.06452
22.47 5.06517
22.5 5.06582
22.53 5.06648
22.56 5.06714
22.59 5.06781
22.62 5.06847
22.65 5.06914
22.68 5.06982
22.71 5.07049
22.74 5.07117
22.77 5.07185
22.8 5.07254
22.83 5.07323
22.86 5.07392
22.89 5.07462
22.92 5.07532
22.95 5.07602
22.98 5.07672
23.01 5.07743
23.04 5.07814
23.07 5.07886
23.1 5.07958
23.13 5.0803
23.16 5.08102
23.19 5.08175
23.22 5.08249
23.25 5.08322
23.28 5.08396
23.31 5.0847
23.34 5.08545
23.37 5.0862
23.4 5.08695
23.43 5.08771
23.46 5.08847
23.49 5.08924
23.52 5.09
23.55 5.09078
23.58 5.09155
23.61 5.09233
23.64 5.09312
23.67 5.0939
23.7 5.09469
23.73 5.09549
23.76 5.09629
23.79 5.09709
23.82 5.0979
23.85 5.09871
23.88 5.09953
23.91 5.10035
23.94 5.10117
23.97 5.102
24 5.10283
24.03 5.10367
24.06 5.10451
24.09 5.10535
24.12 5.1062
24.15 5.10706
24.18 5.10791
24.21 5.10878
24.24 5.10965
24.27 5.11052
24.3 5.1114
24.33 5.11228
24.36 5.11316
24.39 5.11406
24.42 5.11495
24.45 5.11585
24.48 5.11676
24.51 5.11767
24.54 5.11859
24.57 5.11951
24.6 5.12044
24.63 5.12137
24.66 5.12231
24.69 5.12325
24.72 5.1242
24.75 5.12516
24.78 5.12612
24.81 5.12708
24.84 5.12805
24.87 5.12903
24.9 5.13001
24.93 5.131
24.96 5.132
24.99 5.133
25.02 5.13401
25.05 5.13502
25.08 5.13604
25.11 5.13707
25.14 5.1381
25.17 5.13914
25.2 5.14019
25.23 5.14124
25.26 5.1423
25.29 5.14337
25.32 5.14445
25.35 5.14553
25.38 5.14662
25.41 5.14771
25.44 5.14882
25.47 5.14993
25.5 5.15105
25.53 5.15217
25.56 5.15331
25.59 5.15445
25.62 5.1556
25.65 5.15676
25.68 5.15793
25.71 5.1591
25.74 5.16029
25.77 5.16148
25.8 5.16268
25.83 5.16389
25.86 5.16511
25.89 5.16633
25.92 5.16757
25.95 5.16882
25.98 5.17007
26.01 5.17134
26.04 5.17261
26.07 5.1739
26.1 5.17519
26.13 5.17649
26.16 5.17781
26.19 5.17913
26.22 5.18046
26.25 5.18181
26.28 5.18316
26.31 5.18453
26.34 5.18591
26.37 5.18729
26.4 5.18869
26.43 5.1901
26.46 5.19152
26.49 5.19295
26.52 5.19439
26.55 5.19585
26.58 5.19731
26.61 5.19879
26.64 5.20027
26.67 5.20177
26.7 5.20329
26.73 5.20481
26.76 5.20634
26.79 5.20789
26.82 5.20945
26.85 5.21102
26.88 5.2126
26.91 5.2142
26.94 5.21581
26.97 5.21743
27 5.21906
27.03 5.2207
27.06 5.22236
27.09 5.22402
27.12 5.2257
27.15 5.2274
27.18 5.2291
27.21 5.23082
27.24 5.23254
27.27 5.23428
27.3 5.23603
27.33 5.2378
27.36 5.23957
27.39 5.24135
27.42 5.24315
27.45 5.24496
27.48 5.24678
27.51 5.24861
27.54 5.25044
27.57 5.25229
27.6 5.25415
27.63 5.25602
27.66 5.2579
27.69 5.25979
27.72 5.26168
27.75 5.26359
27.78 5.2655
27.81 5.26742
27.84 5.26935
27.87 5.27128
27.9 5.27322
27.93 5.27517
27.96 5.27712
27.99 5.27908
28.02 5.28104
28.05 5.28301
28.08 5.28498
28.11 5.28695
28.14 5.28893
28.17 5.2909
28.2 5.29288
28.23 5.29486
28.26 5.29684
28.29 5.29882
28.32 5.30079
28.35 5.30277
28.38 5.30474
28.41 5.30671
28.44 5.30867
28.47 5.31063
28.5 5.31259
28.53 5.31454
28.56 5.31648
28.59 5.31841
28.62 5.32034
28.65 5.32225
28.68 5.32416
28.71 5.32605
28.74 5.32794
28.77 5.32981
28.8 5.33167
28.83 5.33352
28.86 5.33535
28.89 5.33717
28.92 5.33897
28.95 5.34076
28.98 5.34253
29.01 5.34428
29.04 5.34602
29.07 5.34773
29.1 5.34943
29.13 5.35111
29.16 5.35277
29.19 5.35441
29.22 5.35603
29.25 5.35763
29.28 5.3592
29.31 5.36076
29.34 5.36229
29.37 5.3638
29.4 5.36529
29.43 5.36676
29.46 5.3682
29.49 5.36962
29.52 5.37102
29.55 5.3724
29.58 5.37375
29.61 5.37508
29.64 5.37639
29.67 5.37767
29.7 5.37893
29.73 5.38017
29.76 5.38139
29.79 5.38259
29.82 5.38376
29.85 5.38491
29.88 5.38604
29.91 5.38715
29.94 5.38824
29.97 5.38931
30 5.39036
30.001 5
