0 0
0.03 0.239054
0.06 0.239669
0.09 0.240289
0.12 0.240913
0.15 0.241543
0.18 0.242178
0.21 0.242818
0.24 0.243463
0.27 0.244114
0.3 0.24477
0.33 0.245431
0.36 0.246097
0.39 0.24677
0.42 0.247447
0.45 0.24813
0.48 0.248819
0.51 0.249514
0.54 0.250214
0.57 0.25092
0.6 0.251632
0.63 0.25235
0.66 0.253074
0.69 0.253804
0.72 0.25454
0.75 0.255282
0.78 0.25603
0.81 0.256785
0.84 0.257546
0.87 0.258313
0.9 0.259086
0.93 0.259866
0.96 0.260653
0.99 0.261446
1.02 0.262246
1.05 0.263053
1.08 0.263866
1.11 0.264686
1.14 0.265513
1.17 0.266348
1.2 0.267189
1.23 0.268037
1.26 0.268892
1.29 0.269755
1.32 0.270625
1.35 0.271502
1.38 0.272386
1.41 0.273278
1.44 0.274178
1.47 0.275085
1.5 0.276
1.53 0.276922
1.56 0.277852
1.59 0.27879
1.62 0.279736
1.65 0.28069
1.68 0.281652
1.71 0.282622
1.74 0.2836
1.77 0.284587
1.8 0.285581
1.83 0.286584
1.86 0.287596
1.89 0.288616
1.92 0.289644
1.95 0.290681
1.98 0.291727
2.01 0.292782
2.04 0.293845
2.07 0.294917
2.1 0.295998
2.13 0.297088
2.16 0.298187
2.19 0.299295
2.22 0.300413
2.25 0.301539
2.28 0.302675
2.31 0.303821
2.34 0.304975
2.37 0.30614
2.4 0.307313
2.43 0.308497
2.46 0.30969
2.49 0.310893
2.52 0.312105
2.55 0.313328
2.58 0.31456
2.61 0.315802
2.64 0.317055
2.67 0.318317
2.7 0.31959
2.73 0.320873
2.76 0.322166
2.79 0.32347
2.82 0.324783
2.85 0.326108
2.88 0.327442
2.91 0.328788
2.94 0.330144
2.97 0.33151
3 0.332888
3.03 0.334276
3.06 0.335675
3.09 0.337084
3.12 0.338505
3.15 0.339937
3.18 0.341379
3.21 0.342833
3.24 0.344298
3.27 0.345774
3.3 0.347261
3.33 0.348759
3.36 0.350269
3.39 0.35179
3.42 0.353322
3.45 0.354866
3.48 0.356421
3.51 0.357988
3.54 0.359566
3.57 0.361155
3.6 0.362757
3.63 0.36437
3.66 0.365994
3.69 0.367631
3.72 0.369279
3.75 0.370938
3.78 0.37261
3.81 0.374293
3.84 0.375988
3.87 0.377695
3.9 0.379414
3.93 0.381145
3.96 0.382887
3.99 0.384642
4.02 0.386408
4.05 0.388187
4.08 0.389977
4.11 0.39178
4.14 0.393594
4.17 0.395421
4.2 0.397259
4.23 0.39911
4.26 0.400972
4.29 0.402847
4.32 0.404734
4.35 0.406632
4.38 0.408543
4.41 0.410466
4.44 0.412401
4.47 0.414348
4.5 0.416306
4.53 0.418277
4.56 0.42026
4.59 0.422255
4.62 0.424262
4.65 0.426281
4.68 0.428312
4.71 0.430355
4.74 0.43241
4.77 0.434476
4.8 0.436555
4.83 0.438645
4.86 0.440748
4.89 0.442862
4.92 0.444987
4.95 0.447125
4.98 0.449274
5.01 0.451435
5.04 0.453608
5.07 0.455792
5.1 0.457988
5.13 0.460195
5.16 0.462414
5.19 0.464645
5.22 0.466886
5.25 0.46914
5.28 0.471404
5.31 0.47368
5.34 0.475967
5.37 0.478265
5.4 0.480574
5.43 0.482894
5.46 0.485225
5.49 0.487568
5.52 0.489921
5.55 0.492285
5.58 0.494659
5.61 0.497045
5.64 0.499441
5.67 0.501847
5.7 0.504265
5.73 0.506692
5.76 0.50913
5.79 0.511578
5.82 0.514037
5.85 0.516505
5.88 0.518984
5.91 0.521473
5.94 0.523971
5.97 0.52648
6 0.528998
6.03 0.531526
6.06 0.534063
6.09 0.53661
6.12 0.539167
6.15 0.541733
6.18 0.544308
6.21 0.546892
6.24 0.549485
6.27 0.552088
6.3 0.554699
6.33 0.557319
6.36 0.559948
6.39 0.562585
6.42 0.565231
6.45 0.567886
6.48 0.570549
6.51 0.57322
6.54 0.575899
6.57 0.578587
6.6 0.581282
6.63 0.583985
6.66 0.586696
6.69 0.589415
6.72 0.592142
6.75 0.594875
6.78 0.597617
6.81 0.600365
6.84 0.603121
6.87 0.605884
6.9 0.608654
6.93 0.611431
6.96 0.614215
6.99 0.617005
7.02 0.619802
7.05 0.622606
7.08 0.625416
7.11 0.628232
7.14 0.631054
7.17 0.633883
7.2 0.636718
7.23 0.639558
7.26 0.642405
7.29 0.645257
7.32 0.648114
7.35 0.650978
7.38 0.653846
7.41 0.65672
7.44 0.659599
7.47 0.662484
7.5 0.665373
7.53 0.668268
7.56 0.671167
7.59 0.674071
7.62 0.676979
7.65 0.679892
7.68 0.68281
7.71 0.685732
7.74 0.688658
7.77 0.691589
7.8 0.694523
7.83 0.697462
7.86 0.700404
7.89 0.703351
7.92 0.706301
7.95 0.709255
7.98 0.712212
8.01 0.715173
8.04 0.718137
8.07 0.721104
8.1 0.724075
8.13 0.727049
8.16 0.730026
8.19 0.733005
8.22 0.735988
8.25 0.738974
8.28 0.741962
8.31 0.744953
8.34 0.747947
8.37 0.750943
8.4 0.753941
8.43 0.756942
8.46 0.759945
8.49 0.762951
8.52 0.765958
8.55 0.768968
8.58 0.771979
8.61 0.774993
8.64 0.778008
8.67 0.781026
8.7 0.784045
8.73 0.787065
8.76 0.790088
8.79 0.793112
8.82 0.796137
8.85 0.799164
8.88 0.802192
8.91 0.805221
8.94 0.808252
8.97 0.811284
9 0.814318
9.03 0.817352
9.06 0.820387
9.09 0.823424
9.12 0.826461
9.15 0.829499
9.18 0.832539
9.21 0.835579
9.24 0.83862
9.27 0.841661
9.3 0.844703
9.33 0.847746
9.36 0.85079
9.39 0.853834
9.42 0.856879
9.45 0.859924
9.48 0.86297
9.51 0.866016
9.54 0.869062
9.57 0.872109
9.6 0.875157
9.63 0.878204
9.66 0.881252
9.69 0.884301
9.72 0.887349
9.75 0.890398
9.78 0.893447
9.81 0.896496
9.84 0.899545
9.87 0.902594
9.9 0.905644
9.93 0.908694
9.96 0.911743
9.99 0.914793
10.02 0.917843
10.05 0.920893
10.08 0.923942
10.11 0.926992
10.14 0.930042
10.17 0.933092
10.2 0.936142
10.23 0.939192
10.26 0.942241
10.29 0.945291
10.32 0.948341
10.35 0.95139
10.38 0.95444
10.41 0.957489
10.44 0.960539
10.47 0.963588
10.5 0.966637
10.53 0.969686
10.56 0.972736
10.59 0.975785
10.62 0.978834
10.65 0.981883
10.68 0.984931
10.71 0.98798
10.74 0.991029
10.77 0.994078
10.8 0.997126
10.83 1.00018
10.86 1.00322
10.89 1.00627
10.92 1.00932
10.95 1.01237
10.98 1.01542
11.01 1.01847
11.04 1.02152
11.07 1.02456
11.1 1.02761
11.13 1.03066
11.16 1.03371
11.19 1.03676
11.22 1.03981
11.25 1.04286
11.28 1.04591
11.31 1.04896
11.34 1.05201
11.37 1.05506
11.4 1.05811
11.43 1.06116
11.46 1.06421
11.49 1.06726
11.52 1.07031
11.55 1.07336
11.58 1.07642
11.61 1.07947
11.64 1.08252
11.67 1.08557
11.7 1.08863
11.73 1.09168
11.76 1.09473
11.79 1.09779
11.82 1.10084
11.85 1.1039
11.88 1.10696
11.91 1.11001
11.94 1.11307
11.97 1.11613
12 1.11919
12.03 1.12225
12.06 1.12531
12.09 1.12837
12.12 1.13143
12.15 1.13449
12.18 1.13756
12.21 1.14062
12.24 1.14368
12.27 1.14675
12.3 1.14982
12.33 1.15288
12.36 1.15595
12.39 1.15902
12.42 1.16209
12.45 1.16516
12.48 1.16823
12.51 1.17131
12.54 1.17438
12.57 1.17745
12.6 1.18053
12.63 1.18361
12.66 1.18669
12.69 1.18977
12.72 1.19285
12.75 1.19593
12.78 1.19901
12.81 1.2021
12.84 1.20518
12.87 1.20827
12.9 1.21136
12.93 1.21445
12.96 1.21754
12.99 1.22063
13.02 1.22372
13.05 1.22682
13.08 1.22992
13.11 1.23301
13.14 1.23611
13.17 1.23921
13.2 1.24232
13.23 1.24542
13.26 1.24853
13.29 1.25163
13.32 1.25474
13.35 1.25785
13.38 1.26097
13.41 1.26408
13.44 1.26719
13.47 1.27031
13.5 1.27343
13.53 1.27655
13.56 1.27967
13.59 1.2828
13.62 1.28592
13.65 1.28905
13.68 1.29218
13.71 1.29531
13.74 1.29844
13.77 1.30158
13.8 1.30471
13.83 1.30785
13.86 1.31099
13.89 1.31413
13.92 1.31728
13.95 1.32042
13.98 1.32357
14.01 1.32672
14.04 1.32987
14.07 1.33302
14.1 1.33618
14.13 1.33934
14.16 1.3425
14.19 1.34566
14.22 1.34882
14.25 1.35198
14.28 1.35515
14.31 1.35832
14.34 1.36149
14.37 1.36466
14.4 1.36784
14.43 1.37102
14.46 1.37419
14.49 1.37738
14.52 1.38056
14.55 1.38374
14.58 1.38693
14.61 1.39012
14.64 1.39331
14.67 1.3965
14.7 1.3997
14.73 1.40289
14.76 1.40609
14.79 1.40929
14.82 1.4125
14.85 1.4157
14.88 1.41891
14.91 1.42212
14.94 1.42533
14.97 1.42854
15 1.43175
15.03 1.43497
15.06 1.43819
15.09 1.44141
15.12 1.44463
15.15 1.44786
15.18 1.45108
15.21 1.45431
15.24 1.45754
15.27 1.46078
15.3 1.46401
15.33 1.46725
15.36 1.47048
15.39 1.47372
15.42 1.47696
15.45 1.48021
15.48 1.48345
15.51 1.4867
15.54 1.48995
15.57 1.4932
15.6 1.49645
15.63 1.49971
15.66 1.50297
15.69 1.50622
15.72 1.50948
15.75 1.51275
15.78 1.51601
15.81 1.51927
15.84 1.52254
15.87 1.52581
15.9 1.52908
15.93 1.53235
15.96 1.53563
15.99 1.5389
16.02 1.54218
16.05 1.54546
16.08 1.54874
16.11 1.55202
16.14 1.55531
16.17 1.55859
16.2 1.56188
16.23 1.56517
16.26 1.56846
16.29 1.57175
16.32 1.57504
16.35 1.57834
16.38 1.58163
16.41 1.58493
16.44 1.58823
16.47 1.59153
16.5 1.59484
16.53 1.59814
16.56 1.60145
16.59 1.60475
16.62 1.60806
16.65 1.61137
16.68 1.61468
16.71 1.61799
16.74 1.62131
16.77 1.62462
16.8 1.62794
16.83 1.63126
16.86 1.63458
16.89 1.6379
16.92 1.64122
16.95 1.64454
16.98 1.64787
17.01 1.6512
17.04 1.65452
17.07 1.65785
17.1 1.66118
17.13 1.66451
17.16 1.66785
17.19 1.67118
17.22 1.67452
17.25 1.67785
17.28 1.68119
17.31 1.68453
17.34 1.68787
17.37 1.69121
17.4 1.69456
17.43 1.6979
17.46 1.70125
17.49 1.70459
17.52 1.70794
17.55 1.71129
17.58 1.71464
17.61 1.71799
17.64 1.72135
17.67 1.7247
17.7 1.72806
17.73 1.73142
17.76 1.73477
17.79 1.73813
17.82 1.7415
17.85 1.74486
17.88 1.74822
17.91 1.75159
17.94 1.75496
17.97 1.75832
18 1.76169
18.03 1.76507
18.06 1.76844
18.09 1.77181
18.12 1.77519
18.15 1.77857
18.18 1.78195
18.21 1.78533
18.24 1.78871
18.27 1.79209
18.3 1.79548
18.33 1.79887
18.36 1.80225
18.39 1.80565
18.42 1.80904
18.45 1.81243
18.48 1.81583
18.51 1.81923
18.54 1.82263
18.57 1.82603
18.6 1.82943
18.63 1.83284
18.66 1.83625
18.69 1.83966
18.72 1.84307
18.75 1.84649
18.78 1.84991
18.81 1.85333
18.84 1.85675
18.87 1.86017
18.9 1.8636
18.93 1.86703
18.96 1.87046
18.99 1.8739
19.02 1.87734
19.05 1.88078
19.08 1.88422
19.11 1.88767
19.14 1.89112
19.17 1.89457
19.2 1.89803
19.23 1.90149
19.26 1.90496
19.29 1.90842
19.32 1.91189
19.35 1.91537
19.38 1.91885
19.41 1.92233
19.44 1.92582
19.47 1.92931
19.5 1.9328
19.53 1.9363
19.56 1.9398
19.59 1.94331
19.62 1.94683
19.65 1.95034
19.68 1.95387
19.71 1.95739
19.74 1.96093
19.77 1.96447
19.8 1.96801
19.83 1.97156
19.86 1.97511
19.89 1.97867
19.92 1.98224
19.95 1.98581
19.98 1.98939
20.01 1.99298
20.04 1.99657
20.07 2.00017
20.1 2.00377
20.13 2.00739
20.16 2.01101
20.19 2.01463
20.22 2.01827
20.25 2.02191
20.28 2.02556
20.31 2.02922
20.34 2.03288
20.37 2.03656
20.4 2.04024
20.43 2.04393
20.46 2.04764
20.49 2.05135
20.52 2.05507
20.55 2.05879
20.58 2.06253
20.61 2.06628
20.64 2.07004
20.67 2.07381
20.7 2.07759
20.73 2.08138
20.76 2.08518
20.79 2.089
20.82 2.09282
20.85 2.09666
20.88 2.1005
20.91 2.10436
20.94 2.10824
20.97 2.11212
21 2.11602
21.03 2.11993
21.06 2.12385
21.09 2.12779
21.12 2.13174
21.15 2.1357
21.18 2.13968
21.21 2.14368
21.24 2.14768
21.27 2.15171
21.3 2.15574
21.33 2.1598
21.36 2.16387
21.39 2.16795
21.42 2.17205
21.45 2.17617
21.48 2.1803
21.51 2.18445
21.54 2.18862
21.57 2.19281
21.6 2.19701
21.63 2.20123
21.66 2.20547
21.69 2.20972
21.72 2.214
21.75 2.21829
21.78 2.2226
21.81 2.22694
21.84 2.23129
21.87 2.23566
21.9 2.24005
21.93 2.24446
21.96 2.24889
21.99 2.25335
22.02 2.25782
22.05 2.26231
22.08 2.26683
22.11 2.27137
22.14 2.27593
22.17 2.28051
22.2 2.28511
22.23 2.28973
22.26 2.29438
22.29 2.29905
22.32 2.30375
22.35 2.30846
22.38 2.31321
22.41 2.31797
22.44 2.32276
22.47 2.32757
22.5 2.3324
22.53 2.33726
22.56 2.34215
22.59 2.34706
22.62 2.35199
22.65 2.35695
22.68 2.36193
22.71 2.36694
22.74 2.37197
22.77 2.37703
22.8 2.38211
22.83 2.38722
22.86 2.39236
22.89 2.39752
22.92 2.4027
22.95 2.40792
22.98 2.41315
23.01 2.41842
23.04 2.42371
23.07 2.42902
23.1 2.43436
23.13 2.43973
23.16 2.44512
23.19 2.45054
23.22 2.45599
23.25 2.46146
23.28 2.46696
23.31 2.47248
23.34 2.47803
23.37 2.4836
23.4 2.4892
23.43 2.49482
23.46 2.50048
23.49 2.50615
23.52 2.51185
23.55 2.51758
23.58 2.52333
23.61 2.5291
23.64 2.5349
23.67 2.54073
23.7 2.54658
23.73 2.55245
23.76 2.55835
23.79 2.56427
23.82 2.57021
23.85 2.57617
23.88 2.58216
23.91 2.58817
23.94 2.59421
23.97 2.60026
24 2.60634
24.03 2.61244
24.06 2.61856
24.09 2.6247
24.12 2.63086
24.15 2.63704
24.18 2.64324
24.21 2.64945
24.24 2.65569
24.27 2.66195
24.3 2.66822
24.33 2.67451
24.36 2.68081
24.39 2.68714
24.42 2.69348
24.45 2.69983
24.48 2.7062
24.51 2.71259
24.54 2.71898
24.57 2.7254
24.6 2.73182
24.63 2.73826
24.66 2.74471
24.69 2.75117
24.72 2.75764
24.75 2.76412
24.78 2.77061
24.81 2.77711
24.84 2.78362
24.87 2.79013
24.9 2.79665
24.93 2.80318
24.96 2.80972
24.99 2.81626
25.02 2.8228
25.05 2.82935
25.08 2.83591
25.11 2.84246
25.14 2.84902
25.17 2.85558
25.2 2.86214
25.23 2.8687
25.26 2.87526
25.29 2.88181
25.32 2.88837
25.35 2.89492
25.38 2.90147
25.41 2.90802
25.44 2.91456
25.47 2.9211
25.5 2.92763
25.53 2.93416
25.56 2.94067
25.59 2.94718
25.62 2.95368
25.65 2.96018
25.68 2.96666
25.71 2.97313
25.74 2.97959
25.77 2.98604
25.8 2.99248
25.83 2.9989
25.86 3.00531
25.89 3.01171
25.92 3.01809
25.95 3.02446
25.98 3.03081
26.01 3.03714
26.04 3.04346
26.07 3.04976
26.1 3.05604
26.13 3.0623
26.16 3.06854
26.19 3.07476
26.22 3.08096
26.25 3.08715
26.28 3.09331
26.31 3.09944
26.34 3.10556
26.37 3.11165
26.4 3.11772
26.43 3.12376
26.46 3.12978
26.49 3.13578
26.52 3.14175
26.55 3.14769
26.58 3.15361
26.61 3.1595
26.64 3.16537
26.67 3.17121
26.7 3.17702
26.73 3.1828
26.76 3.18855
26.79 3.19428
26.82 3.19997
26.85 3.20564
26.88 3.21128
26.91 3.21688
26.94 3.22246
26.97 3.22801
27 3.23352
27.03 3.23901
27.06 3.24446
27.09 3.24988
27.12 3.25527
27.15 3.26063
27.18 3.26596
27.21 3.27125
27.24 3.27652
27.27 3.28174
27.3 3.28694
27.33 3.2921
27.36 3.29723
27.39 3.30233
27.42 3.3074
27.45 3.31243
27.48 3.31742
27.51 3.32239
27.54 3.32732
27.57 3.33221
27.6 3.33707
27.63 3.3419
27.66 3.3467
27.69 3.35146
27.72 3.35619
27.75 3.36088
27.78 3.36554
27.81 3.37016
27.84 3.37475
27.87 3.37931
27.9 3.38383
27.93 3.38832
27.96 3.39278
27.99 3.3972
28.02 3.40159
28.05 3.40594
28.08 3.41026
28.11 3.41455
28.14 3.4188
28.17 3.42302
28.2 3.42721
28.23 3.43136
28.26 3.43548
28.29 3.43957
28.32 3.44363
28.35 3.44765
28.38 3.45164
28.41 3.45559
28.44 3.45952
28.47 3.46341
28.5 3.46727
28.53 3.47109
28.56 3.47489
28.59 3.47865
28.62 3.48239
28.65 3.48609
28.68 3.48976
28.71 3.49339
28.74 3.497
28.77 3.50058
28.8 3.50412
28.83 3.50764
28.86 3.51112
28.89 3.51458
28.92 3.518
28.95 3.5214
28.98 3.52476
29.01 3.5281
29.04 3.5314
29.07 3.53468
29.1 3.53793
29.13 3.54115
29.16 3.54434
29.19 3.54751
29.22 3.55064
29.25 3.55375
29.28 3.55683
29.31 3.55988
29.34 3.56291
29.37 3.5659
29.4 3.56887
29.43 3.57182
29.46 3.57474
29.49 3.57763
29.52 3.58049
29.55 3.58333
29.58 3.58614
29.61 3.58893
29.64 3.5917
29.67 3.59443
29.7 3.59715
29.73 3.59983
29.76 3.6025
29.79 3.60514
29.82 3.60775
29.85 3.61034
29.88 3.61291
29.91 3.61545
29.94 3.61797
29.97 3.62047
30 3.62295
30.001 0
