0 -10
0.03 -8.88475
0.06 -8.88453
0.09 -8.88432
0.12 -8.8841
0.15 -8.88388
0.18 -8.88366
0.21 -8.88344
0.24 -8.88322
0.27 -8.883
0.3 -8.88277
0.33 -8.88254
0.36 -8.88231
0.39 -8.88208
0.42 -8.88185
0.45 -8.88161
0.48 -8.88138
0.51 -8.88114
0.54 -8.8809
0.57 -8.88065
0.6 -8.88041
0.63 -8.88016
0.66 -8.87992
0.69 -8.87967
0.72 -8.87942
0.75 -8.87916
0.78 -8.87891
0.81 -8.87865
0.84 -8.87839
0.87 -8.87813
0.9 -8.87786
0.93 -8.8776
0.96 -8.87733
0.99 -8.87706
1.02 -8.87679
1.05 -8.87652
1.08 -8.87624
1.11 -8.87596
1.14 -8.87568
1.17 -8.8754
1.2 -8.87511
1.23 -8.87483
1.26 -8.87454
1.29 -8.87425
1.32 -8.87395
1.35 -8.87366
1.38 -8.87336
1.41 -8.87306
1.44 -8.87276
1.47 -8.87245
1.5 -8.87214
1.53 -8.87183
1.56 -8.87152
1.59 -8.87121
1.62 -8.87089
1.65 -8.87057
1.68 -8.87025
1.71 -8.86992
1.74 -8.8696
1.77 -8.86927
1.8 -8.86894
1.83 -8.8686
1.86 -8.86827
1.89 -8.86793
1.92 -8.86758
1.95 -8.86724
1.98 -8.86689
2.01 -8.86654
2.04 -8.86619
2.07 -8.86584
2.1 -8.86548
2.13 -8.86512
2.16 -8.86475
2.19 -8.86439
2.22 -8.86402
2.25 -8.86365
2.28 -8.86327
2.31 -8.8629
2.34 -8.86252
2.37 -8.86213
2.4 -8.86175
2.43 -8.86136
2.46 -8.86097
2.49 -8.86058
2.52 -8.86018
2.55 -8.85978
2.58 -8.85938
2.61 -8.85897
2.64 -8.85856
2.67 -8.85815
2.7 -8.85774
2.73 -8.85732
2.76 -8.8569
2.79 -8.85648
2.82 -8.85605
2.85 -8.85563
2.88 -8.85519
2.91 -8.85476
2.94 -8.85432
2.97 -8.85388
3 -8.85344
3.03 -8.85299
3.06 -8.85254
3.09 -8.85209
3.12 -8.85163
3.15 -8.85117
3.18 -8.85071
3.21 -8.85024
3.24 -8.84978
3.27 -8.8493
3.3 -8.84883
3.33 -8.84835
3.36 -8.84787
3.39 -8.84739
3.42 -8.8469
3.45 -8.84641
3.48 -8.84592
3.51 -8.84542
3.54 -8.84492
3.57 -8.84442
3.6 -8.84392
3.63 -8.84341
3.66 -8.8429
3.69 -8.84238
3.72 -8.84186
3.75 -8.84134
3.78 -8.84082
3.81 -8.84029
3.84 -8.83976
3.87 -8.83923
3.9 -8.83869
3.93 -8.83815
3.96 -8.83761
3.99 -8.83706
4.02 -8.83652
4.05 -8.83596
4.08 -8.83541
4.11 -8.83485
4.14 -8.83429
4.17 -8.83373
4.2 -8.83316
4.23 -8.83259
4.26 -8.83202
4.29 -8.83144
4.32 -8.83087
4.35 -8.83028
4.38 -8.8297
4.41 -8.82911
4.44 -8.82852
4.47 -8.82793
4.5 -8.82733
4.53 -8.82674
4.56 -8.82613
4.59 -8.82553
4.62 -8.82492
4.65 -8.82431
4.68 -8.8237
4.71 -8.82308
4.74 -8.82247
4.77 -8.82185
4.8 -8.82122
4.83 -8.8206
4.86 -8.81997
4.89 -8.81934
4.92 -8.8187
4.95 -8.81807
4.98 -8.81743
5.01 -8.81678
5.04 -8.81614
5.07 -8.81549
5.1 -8.81485
5.13 -8.81419
5.16 -8.81354
5.19 -8.81288
5.22 -8.81223
5.25 -8.81156
5.28 -8.8109
5.31 -8.81024
5.34 -8.80957
5.37 -8.8089
5.4 -8.80823
5.43 -8.80755
5.46 -8.80688
5.49 -8.8062
5.52 -8.80552
5.55 -8.80484
5.58 -8.80415
5.61 -8.80347
5.64 -8.80278
5.67 -8.80209
5.7 -8.8014
5.73 -8.8007
5.76 -8.80001
5.79 -8.79931
5.82 -8.79861
5.85 -8.79791
5.88 -8.79721
5.91 -8.7965
5.94 -8.7958
5.97 -8.79509
6 -8.79438
6.03 -8.79367
6.06 -8.79296
6.09 -8.79225
6.12 -8.79154
6.15 -8.79082
6.18 -8.7901
6.21 -8.78939
6.24 -8.78867
6.27 -8.78795
6.3 -8.78722
6.33 -8.7865
6.36 -8.78578
6.39 -8.78505
6.42 -8.78433
6.45 -8.7836
6.48 -8.78287
6.51 -8.78215
6.54 -8.78142
6.57 -8.78069
6.6 -8.77996
6.63 -8.77922
6.66 -8.77849
6.69 -8.77776
6.72 -8.77703
6.75 -8.77629
6.78 -8.77556
6.81 -8.77482
6.84 -8.77409
6.87 -8.77335
6.9 -8.77261
6.93 -8.77188
6.96 -8.77114
6.99 -8.7704
7.02 -8.76966
7.05 -8.76893
7.08 -8.76819
7.11 -8.76745
7.14 -8.76671
7.17 -8.76597
7.2 -8.76523
7.23 -8.7645
7.26 -8.76376
7.29 -8.76302
7.32 -8.76228
7.35 -8.76154
7.38 -8.7608
7.41 -8.76007
7.44 -8.75933
7.47 -8.75859
7.5 -8.75785
7.53 -8.75712
7.56 -8.75638
7.59 -8.75564
7.62 -8.75491
7.65 -8.75417
7.68 -8.75344
7.71 -8.7527
7.74 -8.75197
7.77 -8.75123
7.8 -8.7505
7.83 -8.74977
7.86 -8.74904
7.89 -8.74831
7.92 -8.74758
7.95 -8.74685
7.98 -8.74612
8.01 -8.74539
8.04 -8.74466
8.07 -8.74393
8.1 -8.74321
8.13 -8.74248
8.16 -8.74176
8.19 -8.74103
8.22 -8.74031
8.25 -8.73959
8.28 -8.73887
8.31 -8.73815
8.34 -8.73743
8.37 -8.73671
8.4 -8.736
8.43 -8.73528
8.46 -8.73457
8.49 -8.73385
8.52 -8.73314
8.55 -8.73243
8.58 -8.73172
8.61 -8.73101
8.64 -8.7303
8.67 -8.7296
8.7 -8.72889
8.73 -8.72819
8.76 -8.72748
8.79 -8.72678
8.82 -8.72608
8.85 -8.72538
8.88 -8.72469
8.91 -8.72399
8.94 -8.72329
8.97 -8.7226
9 -8.72191
9.03 -8.72122
9.06 -8.72053
9.09 -8.71984
9.12 -8.71915
9.15 -8.71847
9.18 -8.71778
9.21 -8.7171
9.24 -8.71642
9.27 -8.71574
9.3 -8.71506
9.33 -8.71438
9.36 -8.71371
9.39 -8.71303
9.42 -8.71236
9.45 -8.71169
9.48 -8.71102
9.51 -8.71035
9.54 -8.70968
9.57 -8.70902
9.6 -8.70835
9.63 -8.70769
9.66 -8.70703
9.69 -8.70637
9.72 -8.70571
9.75 -8.70506
9.78 -8.7044
9.81 -8.70375
9.84 -8.7031
9.87 -8.70245
9.9 -8.7018
9.93 -8.70115
9.96 -8.70051
9.99 -8.69986
10.02 -8.69922
10.05 -8.69858
10.08 -8.69794
10.11 -8.6973
10.14 -8.69667
10.17 -8.69603
10.2 -8.6954
10.23 -8.69477
10.26 -8.69414
10.29 -8.69351
10.32 -8.69288
10.35 -8.69226
10.38 -8.69163
10.41 -8.69101
10.44 -8.69039
10.47 -8.68977
10.5 -8.68915
10.53 -8.68854
10.56 -8.68792
10.59 -8.68731
10.62 -8.6867
10.65 -8.68609
10.68 -8.68548
10.71 -8.68487
10.74 -8.68427
10.77 -8.68366
10.8 -8.68306
10.83 -8.68246
10.86 -8.68186
10.89 -8.68126
10.92 -8.68066
10.95 -8.68007
10.98 -8.67947
11.01 -8.67888
11.04 -8.67829
11.07 -8.6777
11.1 -8.67711
11.13 -8.67653
11.16 -8.67594
11.19 -8.67536
11.22 -8.67478
11.25 -8.6742
11.28 -8.67362
11.31 -8.67304
11.34 -8.67246
11.37 -8.67189
11.4 -8.67131
11.43 -8.67074
11.46 -8.67017
11.49 -8.6696
11.52 -8.66903
11.55 -8.66847
11.58 -8.6679
11.61 -8.66734
11.64 -8.66678
11.67 -8.66621
11.7 -8.66565
11.73 -8.6651
11.76 -8.66454
11.79 -8.66398
11.82 -8.66343
11.85 -8.66288
11.88 -8.66232
11.91 -8.66177
11.94 -8.66122
11.97 -8.66068
12 -8.66013
12.03 -8.65958
12.06 -8.65904
12.09 -8.6585
12.12 -8.65796
12.15 -8.65742
12.18 -8.65688
12.21 -8.65634
12.24 -8.6558
12.27 -8.65527
12.3 -8.65473
12.33 -8.6542
12.36 -8.65367
12.39 -8.65314
12.42 -8.65261
12.45 -8.65208
12.48 -8.65155
12.51 -8.65103
12.54 -8.65051
12.57 -8.64998
12.6 -8.64946
12.63 -8.64894
12.66 -8.64842
12.69 -8.6479
12.72 -8.64738
12.75 -8.64687
12.78 -8.64635
12.81 -8.64584
12.84 -8.64533
12.87 -8.64482
12.9 -8.64431
12.93 -8.6438
12.96 -8.64329
12.99 -8.64278
13.02 -8.64228
13.05 -8.64177
13.08 -8.64127
13.11 -8.64077
13.14 -8.64027
13.17 -8.63977
13.2 -8.63927
13.23 -8.63877
13.26 -8.63827
13.29 -8.63778
13.32 -8.63728
13.35 -8.63679
13.38 -8.6363
13.41 -8.6358
13.44 -8.63531
13.47 -8.63483
13.5 -8.63434
13.53 -8.63385
13.56 -8.63337
13.59 -8.63288
13.62 -8.6324
13.65 -8.63191
13.68 -8.63143
13.71 -8.63095
13.74 -8.63047
13.77 -8.62999
13.8 -8.62952
13.83 -8.62904
13.86 -8.62857
13.89 -8.62809
13.92 -8.62762
13.95 -8.62715
13.98 -8.62668
14.01 -8.62621
14.04 -8.62574
14.07 -8.62527
14.1 -8.6248
14.13 -8.62434
14.16 -8.62387
14.19 -8.62341
14.22 -8.62295
14.25 -8.62248
14.28 -8.62202
14.31 -8.62156
14.34 -8.62111
14.37 -8.62065
14.4 -8.62019
14.43 -8.61974
14.46 -8.61928
14.49 -8.61883
14.52 -8.61838
14.55 -8.61792
14.58 -8.61747
14.61 -8.61703
14.64 -8.61658
14.67 -8.61613
14.7 -8.61568
14.73 -8.61524
14.76 -8.6148
14.79 -8.61435
14.82 -8.61391
14.85 -8.61347
14.88 -8.61303
14.91 -8.61259
14.94 -8.61215
14.97 -8.61172
15 -8.61128
15.03 -8.61085
15.06 -8.61041
15.09 -8.60998
15.12 -8.60955
15.15 -8.60912
15.18 -8.60869
15.21 -8.60826
15.24 -8.60784
15.27 -8.60741
15.3 -8.60698
15.33 -8.60656
15.36 -8.60614
15.39 -8.60572
15.42 -8.60529
15.45 -8.60487
15.48 -8.60446
15.51 -8.60404
15.54 -8.60362
15.57 -8.60321
15.6 -8.60279
15.63 -8.60238
15.66 -8.60197
15.69 -8.60156
15.72 -8.60115
15.75 -8.60074
15.78 -8.60033
15.81 -8.59992
15.84 -8.59952
15.87 -8.59911
15.9 -8.59871
15.93 -8.59831
15.96 -8.5979
15.99 -8.5975
16.02 -8.59711
16.05 -8.59671
16.08 -8.59631
16.11 -8.59591
16.14 -8.59552
16.17 -8.59513
16.2 -8.59473
16.23 -8.59434
16.26 -8.59395
16.29 -8.59356
16.32 -8.59317
16.35 -8.59279
16.38 -8.5924
16.41 -8.59202
16.44 -8.59163
16.47 -8.59125
16.5 -8.59087
16.53 -8.59049
16.56 -8.59011
16.59 -8.58973
16.62 -8.58936
16.65 -8.58898
16.68 -8.58861
16.71 -8.58823
16.74 -8.58786
16.77 -8.58749
16.8 -8.58712
16.83 -8.58675
16.86 -8.58638
16.89 -8.58602
16.92 -8.58565
16.95 -8.58529
16.98 -8.58493
17.01 -8.58457
17.04 -8.5842
17.07 -8.58385
17.1 -8.58349
17.13 -8.58313
17.16 -8.58278
17.19 -8.58242
17.22 -8.58207
17.25 -8.58172
17.28 -8.58136
17.31 -8.58101
17.34 -8.58067
17.37 -8.58032
17.4 -8.57997
17.43 -8.57963
17.46 -8.57928
17.49 -8.57894
17.52 -8.5786
17.55 -8.57826
17.58 -8.57792
17.61 -8.57758
17.64 -8.57725
17.67 -8.57691
17.7 -8.57658
17.73 -8.57625
17.76 -8.57591
17.79 -8.57558
17.82 -8.57526
17.85 -8.57493
17.88 -8.5746
17.91 -8.57428
17.94 -8.57395
17.97 -8.57363
18 -8.57331
18.03 -8.57299
18.06 -8.57267
18.09 -8.57235
18.12 -8.57203
18.15 -8.57172
18.18 -8.57141
18.21 -8.57109
18.24 -8.57078
18.27 -8.57047
18.3 -8.57016
18.33 -8.56985
18.36 -8.56955
18.39 -8.56924
18.42 -8.56894
18.45 -8.56864
18.48 -8.56834
18.51 -8.56804
18.54 -8.56774
18.57 -8.56744
18.6 -8.56714
18.63 -8.56685
18.66 -8.56656
18.69 -8.56626
18.72 -8.56597
18.75 -8.56568
18.78 -8.5654
18.81 -8.56511
18.84 -8.56482
18.87 -8.56454
18.9 -8.56426
18.93 -8.56397
18.96 -8.56369
18.99 -8.56342
19.02 -8.56314
19.05 -8.56286
19.08 -8.56259
19.11 -8.56231
19.14 -8.56204
19.17 -8.56177
19.2 -8.5615
19.23 -8.56123
19.26 -8.56097
19.29 -8.5607
19.32 -8.56044
19.35 -8.56017
19.38 -8.55991
19.41 -8.55965
19.44 -8.55939
19.47 -8.55914
19.5 -8.55888
19.53 -8.55863
19.56 -8.55837
19.59 -8.55812
19.62 -8.55787
19.65 -8.55762
19.68 -8.55737
19.71 -8.55713
19.74 -8.55688
19.77 -8.55664
19.8 -8.5564
19.83 -8.55615
19.86 -8.55592
19.89 -8.55568
19.92 -8.55544
19.95 -8.55521
19.98 -8.55497
20.01 -8.55474
20.04 -8.55451
20.07 -8.55428
20.1 -8.55405
20.13 -8.55382
20.16 -8.5536
20.19 -8.55337
20.22 -8.55315
20.25 -8.55293
20.28 -8.55271
20.31 -8.55249
20.34 -8.55228
20.37 -8.55206
20.4 -8.55185
20.43 -8.55164
20.46 -8.55142
20.49 -8.55122
20.52 -8.55101
20.55 -8.5508
20.58 -8.5506
20.61 -8.55039
20.64 -8.55019
20.67 -8.54999
20.7 -8.54979
20.73 -8.54959
20.76 -8.5494
20.79 -8.5492
20.82 -8.54901
20.85 -8.54882
20.88 -8.54863
20.91 -8.54844
20.94 -8.54825
20.97 -8.54806
21 -8.54788
21.03 -8.5477
21.06 -8.54752
21.09 -8.54734
21.12 -8.54716
21.15 -8.54698
21.18 -8.54681
21.21 -8.54663
21.24 -8.54646
21.27 -8.54629
21.3 -8.54612
21.33 -8.54596
21.36 -8.54579
21.39 -8.54563
21.42 -8.54547
21.45 -8.5453
21.48 -8.54515
21.51 -8.54499
21.54 -8.54483
21.57 -8.54468
21.6 -8.54453
21.63 -8.54437
21.66 -8.54423
21.69 -8.54408
21.72 -8.54393
21.75 -8.54379
21.78 -8.54364
21.81 -8.5435
21.84 -8.54336
21.87 -8.54323
21.9 -8.54309
21.93 -8.54296
21.96 -8.54283
21.99 -8.5427
22.02 -8.54257
22.05 -8.54244
22.08 -8.54231
22.11 -8.54219
22.14 -8.54207
22.17 -8.54195
22.2 -8.54183
22.23 -8.54172
22.26 -8.5416
22.29 -8.54149
22.32 -8.54138
22.35 -8.54127
22.38 -8.54116
22.41 -8.54106
22.44 -8.54096
22.47 -8.54086
22.5 -8.54076
22.53 -8.54066
22.56 -8.54056
22.59 -8.54047
22.62 -8.54038
22.65 -8.54029
22.68 -8.5402
22.71 -8.54012
22.74 -8.54004
22.77 -8.53996
22.8 -8.53988
22.83 -8.5398
22.86 -8.53973
22.89 -8.53965
22.92 -8.53958
22.95 -8.53952
22.98 -8.53945
23.01 -8.53939
23.04 -8.53933
23.07 -8.53927
23.1 -8.53921
23.13 -8.53916
23.16 -8.5391
23.19 -8.53905
23.22 -8.53901
23.25 -8.53896
23.28 -8.53892
23.31 -8.53888
23.34 -8.53884
23.37 -8.5388
23.4 -8.53877
23.43 -8.53874
23.46 -8.53871
23.49 -8.53869
23.52 -8.53866
23.55 -8.53864
23.58 -8.53862
23.61 -8.53861
23.64 -8.53859
23.67 -8.53858
23.7 -8.53857
23.73 -8.53857
23.76 -8.53857
23.79 -8.53857
23.82 -8.53857
23.85 -8.53857
23.88 -8.53858
23.91 -8.53859
23.94 -8.53861
23.97 -8.53862
24 -8.53864
24.03 -8.53866
24.06 -8.53869
24.09 -8.53871
24.12 -8.53874
24.15 -8.53878
24.18 -8.53881
24.21 -8.53885
24.24 -8.53889
24.27 -8.53894
24.3 -8.53898
24.33 -8.53903
24.36 -8.53909
24.39 -8.53914
24.42 -8.5392
24.45 -8.53926
24.48 -8.53933
24.51 -8.5394
24.54 -8.53947
24.57 -8.53954
24.6 -8.53962
24.63 -8.5397
24.66 -8.53978
24.69 -8.53987
24.72 -8.53996
24.75 -8.54005
24.78 -8.54015
24.81 -8.54024
24.84 -8.54035
24.87 -8.54045
24.9 -8.54056
24.93 -8.54067
24.96 -8.54078
24.99 -8.5409
25.02 -8.54102
25.05 -8.54115
25.08 -8.54127
25.11 -8.5414
25.14 -8.54153
25.17 -8.54167
25.2 -8.54181
25.23 -8.54195
25.26 -8.5421
25.29 -8.54225
25.32 -8.5424
25.35 -8.54255
25.38 -8.54271
25.41 -8.54287
25.44 -8.54304
25.47 -8.5432
25.5 -8.54337
25.53 -8.54355
25.56 -8.54372
25.59 -8.5439
25.62 -8.54409
25.65 -8.54427
25.68 -8.54446
25.71 -8.54465
25.74 -8.54485
25.77 -8.54505
25.8 -8.54525
25.83 -8.54545
25.86 -8.54566
25.89 -8.54587
25.92 -8.54608
25.95 -8.5463
25.98 -8.54652
26.01 -8.54674
26.04 -8.54696
26.07 -8.54719
26.1 -8.54742
26.13 -8.54766
26.16 -8.54789
26.19 -8.54813
26.22 -8.54837
26.25 -8.54862
26.28 -8.54886
26.31 -8.54911
26.34 -8.54937
26.37 -8.54962
26.4 -8.54988
26.43 -8.55014
26.46 -8.55041
26.49 -8.55067
26.52 -8.55094
26.55 -8.55121
26.58 -8.55148
26.61 -8.55176
26.64 -8.55204
26.67 -8.55232
26.7 -8.5526
26.73 -8.55289
26.76 -8.55318
26.79 -8.55347
26.82 -8.55376
26.85 -8.55405
26.88 -8.55435
26.91 -8.55465
26.94 -8.55495
26.97 -8.55526
27 -8.55556
27.03 -8.55587
27.06 -8.55618
27.09 -8.55649
27.12 -8.55681
27.15 -8.55712
27.18 -8.55744
27.21 -8.55776
27.24 -8.55808
27.27 -8.5584
27.3 -8.55873
27.33 -8.55905
27.36 -8.55938
27.39 -8.55971
27.42 -8.56004
27.45 -8.56038
27.48 -8.56071
27.51 -8.56105
27.54 -8.56139
27.57 -8.56173
27.6 -8.56207
27.63 -8.56241
27.66 -8.56275
27.69 -8.5631
27.72 -8.56344
27.75 -8.56379
27.78 -8.56414
27.81 -8.56449
27.84 -8.56484
27.87 -8.56519
27.9 -8.56555
27.93 -8.5659
27.96 -8.56626
27.99 -8.56661
28.02 -8.56697
28.05 -8.56733
28.08 -8.56769
28.11 -8.56805
28.14 -8.56841
28.17 -8.56877
28.2 -8.56913
28.23 -8.5695
28.26 -8.56986
28.29 -8.57023
28.32 -8.57059
28.35 -8.57096
28.38 -8.57132
28.41 -8.57169
28.44 -8.57206
28.47 -8.57243
28.5 -8.57279
28.53 -8.57316
28.56 -8.57353
28.59 -8.5739
28.62 -8.57427
28.65 -8.57464
28.68 -8.57501
28.71 -8.57538
28.74 -8.57575
28.77 -8.57613
28.8 -8.5765
28.83 -8.57687
28.86 -8.57724
28.89 -8.57761
28.92 -8.57798
28.95 -8.57836
28.98 -8.57873
29.01 -8.5791
29.04 -8.57947
29.07 -8.57984
29.1 -8.58022
29.13 -8.58059
29.16 -8.58096
29.19 -8.58133
29.22 -8.5817
29.25 -8.58207
29.28 -8.58245
29.31 -8.58282
29.34 -8.58319
29.37 -8.58356
29.4 -8.58393
29.43 -8.5843
29.46 -8.58467
29.49 -8.58503
29.52 -8.5854
29.55 -8.58577
29.58 -8.58614
29.61 -8.58651
29.64 -8.58687
29.67 -8.58724
29.7 -8.58761
29.73 -8.58797
29.76 -8.58834
29.79 -8.5887
29.82 -8.58907
29.85 -8.58943
29.88 -8.58979
29.91 -8.59015
29.94 -8.59052
29.97 -8.59088
30 -8.59124
30.001 -10
