0 5
0.03 4.9678
0.06 4.96795
0.09 4.9681
0.12 4.96825
0.15 4.9684
0.18 4.96855
0.21 4.9687
0.24 4.96886
0.27 4.96902
0.3 4.96917
0.33 4.96933
0.36 4.96949
0.39 4.96965
0.42 4.96981
0.45 4.96998
0.48 4.97014
0.51 4.9703
0.54 4.97047
0.57 4.97064
0.6 4.97081
0.63 4.97098
0.66 4.97115
0.69 4.97132
0.72 4.9715
0.75 4.97167
0.78 4.97185
0.81 4.97203
0.84 4.97221
0.87 4.97239
0.9 4.97257
0.93 4.97275
0.96 4.97294
0.99 4.97312
1.02 4.97331
1.05 4.9735
1.08 4.97369
1.11 4.97388
1.14 4.97407
1.17 4.97427
1.2 4.97446
1.23 4.97466
1.26 4.97486
1.29 4.97506
1.32 4.97526
1.35 4.97547
1.38 4.97567
1.41 4.97588
1.44 4.97609
1.47 4.9763
1.5 4.97651
1.53 4.97672
1.56 4.97694
1.59 4.97716
1.62 4.97737
1.65 4.97759
1.68 4.97782
1.71 4.97804
1.74 4.97827
1.77 4.97849
1.8 4.97872
1.83 4.97895
1.86 4.97918
1.89 4.97942
1.92 4.97965
1.95 4.97989
1.98 4.98013
2.01 4.98037
2.04 4.98062
2.07 4.98086
2.1 4.98111
2.13 4.98136
2.16 4.98161
2.19 4.98186
2.22 4.98212
2.25 4.98237
2.28 4.98263
2.31 4.98289
2.34 4.98316
2.37 4.98342
2.4 4.98369
2.43 4.98396
2.46 4.98423
2.49 4.9845
2.52 4.98478
2.55 4.98506
2.58 4.98534
2.61 4.98562
2.64 4.9859
2.67 4.98619
2.7 4.98648
2.73 4.98677
2.76 4.98706
2.79 4.98736
2.82 4.98766
2.85 4.98796
2.88 4.98826
2.91 4.98857
2.94 4.98887
2.97 4.98918
3 4.98949
3.03 4.98981
3.06 4.99013
3.09 4.99044
3.12 4.99077
3.15 4.99109
3.18 4.99142
3.21 4.99175
3.24 4.99208
3.27 4.99241
3.3 4.99275
3.33 4.99309
3.36 4.99343
3.39 4.99377
3.42 4.99412
3.45 4.99447
3.48 4.99482
3.51 4.99517
3.54 4.99553
3.57 4.99589
3.6 4.99625
3.63 4.99662
3.66 4.99699
3.69 4.99736
3.72 4.99773
3.75 4.99811
3.78 4.99849
3.81 4.99887
3.84 4.99925
3.87 4.99964
3.9 5.00003
3.93 5.00042
3.96 5.00082
3.99 5.00121
4.02 5.00161
4.05 5.00202
4.08 5.00242
4.11 5.00283
4.14 5.00325
4.17 5.00366
4.2 5.00408
4.23 5.0045
4.26 5.00492
4.29 5.00535
4.32 5.00578
4.35 5.00621
4.38 5.00665
4.41 5.00709
4.44 5.00753
4.47 5.00797
4.5 5.00842
4.53 5.00887
4.56 5.00932
4.59 5.00978
4.62 5.01023
4.65 5.0107
4.68 5.01116
4.71 5.01163
4.74 5.0121
4.77 5.01257
4.8 5.01305
4.83 5.01353
4.86 5.01401
4.89 5.0145
4.92 5.01499
4.95 5.01548
4.98 5.01597
5.01 5.01647
5.04 5.01697
5.07 5.01747
5.1 5.01798
5.13 5.01849
5.16 5.019
5.19 5.01952
5.22 5.02004
5.25 5.02056
5.28 5.02108
5.31 5.02161
5.34 5.02214
5.37 5.02267
5.4 5.02321
5.43 5.02375
5.46 5.02429
5.49 5.02484
5.52 5.02539
5.55 5.02594
5.58 5.02649
5.61 5.02705
5.64 5.02761
5.67 5.02817
5.7 5.02874
5.73 5.02931
5.76 5.02988
5.79 5.03045
5.82 5.03103
5.85 5.03161
5.88 5.03219
5.91 5.03278
5.94 5.03337
5.97 5.03396
6 5.03455
6.03 5.03515
6.06 5.03575
6.09 5.03635
6.12 5.03696
6.15 5.03757
6.18 5.03818
6.21 5.03879
6.24 5.03941
6.27 5.04003
6.3 5.04065
6.33 5.04127
6.36 5.0419
6.39 5.04253
6.42 5.04316
6.45 5.0438
6.48 5.04444
6.51 5.04508
6.54 5.04572
6.57 5.04637
6.6 5.04702
6.63 5.04767
6.66 5.04832
6.69 5.04898
6.72 5.04963
6.75 5.05029
6.78 5.05096
6.81 5.05162
6.84 5.05229
6.87 5.05296
6.9 5.05363
6.93 5.05431
6.96 5.05499
6.99 5.05567
7.02 5.05635
7.05 5.05704
7.08 5.05772
7.11 5.05841
7.14 5.0591
7.17 5.0598
7.2 5.06049
7.23 5.06119
7.26 5.06189
7.29 5.06259
7.32 5.0633
7.35 5.064
7.38 5.06471
7.41 5.06542
7.44 5.06614
7.47 5.06685
7.5 5.06757
7.53 5.06829
7.56 5.06901
7.59 5.06973
7.62 5.07046
7.65 5.07118
7.68 5.07191
7.71 5.07264
7.74 5.07338
7.77 5.07411
7.8 5.07485
7.83 5.07558
7.86 5.07632
7.89 5.07707
7.92 5.07781
7.95 5.07855
7.98 5.0793
8.01 5.08005
8.04 5.0808
8.07 5.08155
8.1 5.0823
8.13 5.08306
8.16 5.08382
8.19 5.08457
8.22 5.08533
8.25 5.0861
8.28 5.08686
8.31 5.08762
8.34 5.08839
8.37 5.08916
8.4 5.08993
8.43 5.0907
8.46 5.09147
8.49 5.09224
8.52 5.09301
8.55 5.09379
8.58 5.09457
8.61 5.09535
8.64 5.09613
8.67 5.09691
8.7 5.09769
8.73 5.09848
8.76 5.09926
8.79 5.10005
8.82 5.10083
8.85 5.10162
8.88 5.10241
8.91 5.10321
8.94 5.104
8.97 5.10479
9 5.10559
9.03 5.10638
9.06 5.10718
9.09 5.10798
9.12 5.10878
9.15 5.10958
9.18 5.11038
9.21 5.11118
9.24 5.11199
9.27 5.11279
9.3 5.1136
9.33 5.1144
9.36 5.11521
9.39 5.11602
9.42 5.11683
9.45 5.11764
9.48 5.11845
9.51 5.11927
9.54 5.12008
9.57 5.12089
9.6 5.12171
9.63 5.12253
9.66 5.12334
9.69 5.12416
9.72 5.12498
9.75 5.1258
9.78 5.12662
9.81 5.12745
9.84 5.12827
9.87 5.12909
9.9 5.12992
9.93 5.13074
9.96 5.13157
9.99 5.1324
10.02 5.13323
10.05 5.13405
10.08 5.13488
10.11 5.13572
10.14 5.13655
10.17 5.13738
10.2 5.13821
10.23 5.13905
10.26 5.13988
10.29 5.14072
10.32 5.14155
10.35 5.14239
10.38 5.14323
10.41 5.14407
10.44 5.14491
10.47 5.14575
10.5 5.14659
10.53 5.14743
10.56 5.14827
10.59 5.14912
10.62 5.14996
10.65 5.15081
10.68 5.15165
10.71 5.1525
10.74 5.15335
10.77 5.1542
10.8 5.15505
10.83 5.1559
10.86 5.15675
10.89 5.1576
10.92 5.15845
10.95 5.1593
10.98 5.16016
11.01 5.16101
11.04 5.16187
11.07 5.16272
11.1 5.16358
11.13 5.16444
11.16 5.1653
11.19 5.16616
11.22 5.16702
11.25 5.16788
11.28 5.16874
11.31 5.1696
11.34 5.17047
11.37 5.17133
11.4 5.1722
11.43 5.17306
11.46 5.17393
11.49 5.1748
11.52 5.17567
11.55 5.17654
11.58 5.17741
11.61 5.17828
11.64 5.17915
11.67 5.18003
11.7 5.1809
11.73 5.18177
11.76 5.18265
11.79 5.18353
11.82 5.1844
11.85 5.18528
11.88 5.18616
11.91 5.18704
11.94 5.18792
11.97 5.18881
12 5.18969
12.03 5.19057
12.06 5.19146
12.09 5.19234
12.12 5.19323
12.15 5.19412
12.18 5.19501
12.21 5.1959
12.24 5.19679
12.27 5.19768
12.3 5.19857
12.33 5.19947
12.36 5.20036
12.39 5.20126
12.42 5.20215
12.45 5.20305
12.48 5.20395
12.51 5.20485
12.54 5.20575
12.57 5.20665
12.6 5.20756
12.63 5.20846
12.66 5.20936
12.69 5.21027
12.72 5.21118
12.75 5.21209
12.78 5.21299
12.81 5.21391
12.84 5.21482
12.87 5.21573
12.9 5.21664
12.93 5.21756
12.96 5.21847
12.99 5.21939
13.02 5.22031
13.05 5.22123
13.08 5.22215
13.11 5.22307
13.14 5.22399
13.17 5.22491
13.2 5.22584
13.23 5.22677
13.26 5.22769
13.29 5.22862
13.32 5.22955
13.35 5.23048
13.38 5.23141
13.41 5.23235
13.44 5.23328
13.47 5.23422
13.5 5.23515
13.53 5.23609
13.56 5.23703
13.59 5.23797
13.62 5.23891
13.65 5.23985
13.68 5.2408
13.71 5.24174
13.74 5.24269
13.77 5.24363
13.8 5.24458
13.83 5.24553
13.86 5.24648
13.89 5.24744
13.92 5.24839
13.95 5.24934
13.98 5.2503
14.01 5.25126
14.04 5.25221
14.07 5.25317
14.1 5.25414
14.13 5.2551
14.16 5.25606
14.19 5.25702
14.22 5.25799
14.25 5.25896
14.28 5.25993
14.31 5.2609
14.34 5.26187
14.37 5.26284
14.4 5.26381
14.43 5.26479
14.46 5.26576
14.49 5.26674
14.52 5.26772
14.55 5.2687
14.58 5.26968
14.61 5.27066
14.64 5.27164
14.67 5.27262
14.7 5.27361
14.73 5.2746
14.76 5.27558
14.79 5.27657
14.82 5.27756
14.85 5.27856
14.88 5.27955
14.91 5.28054
14.94 5.28154
14.97 5.28253
15 5.28353
15.03 5.28453
15.06 5.28553
15.09 5.28653
15.12 5.28753
15.15 5.28854
15.18 5.28954
15.21 5.29055
15.24 5.29155
15.27 5.29256
15.3 5.29357
15.33 5.29458
15.36 5.29559
15.39 5.29661
15.42 5.29762
15.45 5.29863
15.48 5.29965
15.51 5.30067
15.54 5.30169
15.57 5.30271
15.6 5.30373
15.63 5.30475
15.66 5.30577
15.69 5.30679
15.72 5.30782
15.75 5.30884
15.78 5.30987
15.81 5.3109
15.84 5.31193
15.87 5.31296
15.9 5.31399
15.93 5.31502
15.96 5.31605
15.99 5.31709
16.02 5.31812
16.05 5.31916
16.08 5.3202
16.11 5.32124
16.14 5.32227
16.17 5.32331
16.2 5.32436
16.23 5.3254
16.26 5.32644
16.29 5.32748
16.32 5.32853
16.35 5.32958
16.38 5.33062
16.41 5.33167
16.44 5.33272
16.47 5.33377
16.5 5.33482
16.53 5.33587
16.56 5.33692
16.59 5.33797
16.62 5.33903
16.65 5.34008
16.68 5.34114
16.71 5.34219
16.74 5.34325
16.77 5.34431
16.8 5.34537
16.83 5.34643
16.86 5.34749
16.89 5.34855
16.92 5.34961
16.95 5.35067
16.98 5.35174
17.01 5.3528
17.04 5.35386
17.07 5.35493
17.1 5.356
17.13 5.35706
17.16 5.35813
17.19 5.3592
17.22 5.36027
17.25 5.36134
17.28 5.36241
17.31 5.36348
17.34 5.36455
17.37 5.36562
17.4 5.3667
17.43 5.36777
17.46 5.36885
17.49 5.36992
17.52 5.371
17.55 5.37207
17.58 5.37315
17.61 5.37423
17.64 5.37531
17.67 5.37639
17.7 5.37747
17.73 5.37855
17.76 5.37963
17.79 5.38071
17.82 5.38179
17.85 5.38288
17.88 5.38396
17.91 5.38504
17.94 5.38613
17.97 5.38721
18 5.3883
18.03 5.38939
18.06 5.39047
18.09 5.39156
18.12 5.39265
18.15 5.39374
18.18 5.39483
18.21 5.39592
18.24 5.39701
18.27 5.3981
18.3 5.39919
18.33 5.40028
18.36 5.40138
18.39 5.40247
18.42 5.40357
18.45 5.40466
18.48 5.40576
18.51 5.40685
18.54 5.40795
18.57 5.40905
18.6 5.41015
18.63 5.41124
18.66 5.41234
18.69 5.41344
18.72 5.41454
18.75 5.41565
18.78 5.41675
18.81 5.41785
18.84 5.41896
18.87 5.42006
18.9 5.42117
18.93 5.42227
18.96 5.42338
18.99 5.42449
19.02 5.4256
19.05 5.4267
19.08 5.42781
19.11 5.42893
19.14 5.43004
19.17 5.43115
19.2 5.43226
19.23 5.43338
19.26 5.43449
19.29 5.43561
19.32 5.43673
19.35 5.43785
19.38 5.43897
19.41 5.44009
19.44 5.44121
19.47 5.44233
19.5 5.44346
19.53 5.44458
19.56 5.44571
19.59 5.44683
19.62 5.44796
19.65 5.44909
19.68 5.45022
19.71 5.45136
19.74 5.45249
19.77 5.45363
19.8 5.45476
19.83 5.4559
19.86 5.45704
19.89 5.45818
19.92 5.45932
19.95 5.46047
19.98 5.46161
20.01 5.46276
20.04 5.46391
20.07 5.46506
20.1 5.46622
20.13 5.46737
20.16 5.46853
20.19 5.46969
20.22 5.47085
20.25 5.47201
20.28 5.47317
20.31 5.47434
20.34 5.47551
20.37 5.47668
20.4 5.47785
20.43 5.47903
20.46 5.48021
20.49 5.48139
20.52 5.48257
20.55 5.48376
20.58 5.48494
20.61 5.48613
20.64 5.48733
20.67 5.48852
20.7 5.48972
20.73 5.49092
20.76 5.49213
20.79 5.49333
20.82 5.49454
20.85 5.49576
20.88 5.49697
20.91 5.49819
20.94 5.49942
20.97 5.50064
21 5.50187
21.03 5.50311
21.06 5.50434
21.09 5.50558
21.12 5.50683
21.15 5.50807
21.18 5.50932
21.21 5.51058
21.24 5.51184
21.27 5.5131
21.3 5.51437
21.33 5.51564
21.36 5.51691
21.39 5.51819
21.42 5.51947
21.45 5.52076
21.48 5.52205
21.51 5.52335
21.54 5.52465
21.57 5.52596
21.6 5.52727
21.63 5.52858
21.66 5.5299
21.69 5.53122
21.72 5.53255
21.75 5.53389
21.78 5.53523
21.81 5.53657
21.84 5.53792
21.87 5.53927
21.9 5.54063
21.93 5.542
21.96 5.54337
21.99 5.54475
22.02 5.54613
22.05 5.54751
22.08 5.54891
22.11 5.5503
22.14 5.55171
22.17 5.55312
22.2 5.55453
22.23 5.55595
22.26 5.55738
22.29 5.55881
22.32 5.56025
22.35 5.5617
22.38 5.56315
22.41 5.5646
22.44 5.56606
22.47 5.56753
22.5 5.56901
22.53 5.57049
22.56 5.57198
22.59 5.57347
22.62 5.57497
22.65 5.57648
22.68 5.57799
22.71 5.57951
22.74 5.58103
22.77 5.58256
22.8 5.5841
22.83 5.58565
22.86 5.5872
22.89 5.58875
22.92 5.59032
22.95 5.59188
22.98 5.59346
23.01 5.59504
23.04 5.59663
23.07 5.59823
23.1 5.59983
23.13 5.60143
23.16 5.60305
23.19 5.60467
23.22 5.60629
23.25 5.60792
23.28 5.60956
23.31 5.6112
23.34 5.61285
23.37 5.61451
23.4 5.61617
23.43 5.61784
23.46 5.61951
23.49 5.62119
23.52 5.62287
23.55 5.62456
23.58 5.62626
23.61 5.62796
23.64 5.62966
23.67 5.63137
23.7 5.63309
23.73 5.63481
23.76 5.63654
23.79 5.63827
23.82 5.64
23.85 5.64174
23.88 5.64349
23.91 5.64524
23.94 5.64699
23.97 5.64875
24 5.65051
24.03 5.65227
24.06 5.65404
24.09 5.65581
24.12 5.65759
24.15 5.65937
24.18 5.66115
24.21 5.66293
24.24 5.66472
24.27 5.66651
24.3 5.66831
24.33 5.6701
24.36 5.6719
24.39 5.6737
24.42 5.6755
24.45 5.6773
24.48 5.6791
24.51 5.68091
24.54 5.68272
24.57 5.68452
24.6 5.68633
24.63 5.68814
24.66 5.68995
24.69 5.69176
24.72 5.69357
24.75 5.69537
24.78 5.69718
24.81 5.69899
24.84 5.7008
24.87 5.7026
24.9 5.7044
24.93 5.70621
24.96 5.70801
24.99 5.7098
25.02 5.7116
25.05 5.7134
25.08 5.71519
25.11 5.71697
25.14 5.71876
25.17 5.72054
25.2 5.72232
25.23 5.7241
25.26 5.72587
25.29 5.72763
25.32 5.7294
25.35 5.73116
25.38 5.73291
25.41 5.73466
25.44 5.7364
25.47 5.73814
25.5 5.73987
25.53 5.7416
25.56 5.74332
25.59 5.74503
25.62 5.74674
25.65 5.74845
25.68 5.75014
25.71 5.75183
25.74 5.75351
25.77 5.75518
25.8 5.75685
25.83 5.75851
25.86 5.76016
25.89 5.7618
25.92 5.76344
25.95 5.76506
25.98 5.76668
26.01 5.76829
26.04 5.76989
26.07 5.77148
26.1 5.77307
26.13 5.77464
26.16 5.7762
26.19 5.77776
26.22 5.7793
26.25 5.78084
26.28 5.78236
26.31 5.78388
26.34 5.78538
26.37 5.78688
26.4 5.78836
26.43 5.78984
26.46 5.7913
26.49 5.79275
26.52 5.79419
26.55 5.79562
26.58 5.79704
26.61 5.79845
26.64 5.79985
26.67 5.80124
26.7 5.80261
26.73 5.80398
26.76 5.80533
26.79 5.80667
26.82 5.808
26.85 5.80932
26.88 5.81063
26.91 5.81192
26.94 5.81321
26.97 5.81448
27 5.81574
27.03 5.81699
27.06 5.81822
27.09 5.81945
27.12 5.82066
27.15 5.82186
27.18 5.82305
27.21 5.82423
27.24 5.8254
27.27 5.82655
27.3 5.8277
27.33 5.82883
27.36 5.82995
27.39 5.83105
27.42 5.83215
27.45 5.83323
27.48 5.83431
27.51 5.83537
27.54 5.83642
27.57 5.83746
27.6 5.83848
27.63 5.8395
27.66 5.8405
27.69 5.84149
27.72 5.84247
27.75 5.84344
27.78 5.8444
27.81 5.84535
27.84 5.84629
27.87 5.84721
27.9 5.84812
27.93 5.84903
27.96 5.84992
27.99 5.8508
28.02 5.85167
28.05 5.85253
28.08 5.85338
28.11 5.85422
28.14 5.85505
28.17 5.85587
28.2 5.85668
28.23 5.85747
28.26 5.85826
28.29 5.85904
28.32 5.85981
28.35 5.86056
28.38 5.86131
28.41 5.86205
28.44 5.86278
28.47 5.8635
28.5 5.86421
28.53 5.86491
28.56 5.8656
28.59 5.86628
28.62 5.86695
28.65 5.86761
28.68 5.86827
28.71 5.86891
28.74 5.86955
28.77 5.87018
28.8 5.8708
28.83 5.87141
28.86 5.87201
28.89 5.8726
28.92 5.87319
28.95 5.87377
28.98 5.87434
29.01 5.8749
29.04 5.87545
29.07 5.876
29.1 5.87653
29.13 5.87707
29.16 5.87759
29.19 5.8781
29.22 5.87861
29.25 5.87911
29.28 5.8796
29.31 5.88009
29.34 5.88057
29.37 5.88104
29.4 5.88151
29.43 5.88196
29.46 5.88242
29.49 5.88286
29.52 5.8833
29.55 5.88373
29.58 5.88416
29.61 5.88458
29.64 5.88499
29.67 5.88539
29.7 5.8858
29.73 5.88619
29.76 5.88658
29.79 5.88696
29.82 5.88734
29.85 5.88771
29.88 5.88807
29.91 5.88843
29.94 5.88879
29.97 5.88914
30 5.88948
30.001 5
