0 -10
0.03 -8.73263
0.06 -8.73248
0.09 -8.73234
0.12 -8.7322
0.15 -8.73206
0.18 -8.73192
0.21 -8.73178
0.24 -8.73164
0.27 -8.7315
0.3 -8.73136
0.33 -8.73121
0.36 -8.73107
0.39 -8.73093
0.42 -8.73079
0.45 -8.73065
0.48 -8.73051
0.51 -8.73036
0.54 -8.73022
0.57 -8.73008
0.6 -8.72994
0.63 -8.7298
0.66 -8.72966
0.69 -8.72951
0.72 -8.72937
0.75 -8.72923
0.78 -8.72909
0.81 -8.72894
0.84 -8.7288
0.87 -8.72866
0.9 -8.72852
0.93 -8.72837
0.96 -8.72823
0.99 -8.72809
1.02 -8.72795
1.05 -8.7278
1.08 -8.72766
1.11 -8.72752
1.14 -8.72738
1.17 -8.72723
1.2 -8.72709
1.23 -8.72695
1.26 -8.7268
1.29 -8.72666
1.32 -8.72652
1.35 -8.72637
1.38 -8.72623
1.41 -8.72609
1.44 -8.72594
1.47 -8.7258
1.5 -8.72566
1.53 -8.72551
1.56 -8.72537
1.59 -8.72523
1.62 -8.72508
1.65 -8.72494
1.68 -8.72479
1.71 -8.72465
1.74 -8.72451
1.77 -8.72436
1.8 -8.72422
1.83 -8.72407
1.86 -8.72393
1.89 -8.72378
1.92 -8.72364
1.95 -8.7235
1.98 -8.72335
2.01 -8.72321
2.04 -8.72306
2.07 -8.72292
2.1 -8.72277
2.13 -8.72263
2.16 -8.72248
2.19 -8.72234
2.22 -8.72219
2.25 -8.72205
2.28 -8.7219
2.31 -8.72176
2.34 -8.72161
2.37 -8.72147
2.4 -8.72132
2.43 -8.72118
2.46 -8.72103
2.49 -8.72088
2.52 -8.72074
2.55 -8.72059
2.58 -8.72045
2.61 -8.7203
2.64 -8.72016
2.67 -8.72001
2.7 -8.71986
2.73 -8.71972
2.76 -8.71957
2.79 -8.71943
2.82 -8.71928
2.85 -8.71913
2.88 -8.71899
2.91 -8.71884
2.94 -8.71869
2.97 -8.71855
3 -8.7184
3.03 -8.71825
3.06 -8.71811
3.09 -8.71796
3.12 -8.71781
3.15 -8.71767
3.18 -8.71752
3.21 -8.71737
3.24 -8.71722
3.27 -8.71708
3.3 -8.71693
3.33 -8.71678
3.36 -8.71664
3.39 -8.71649
3.42 -8.71634
3.45 -8.71619
3.48 -8.71604
3.51 -8.7159
3.54 -8.71575
3.57 -8.7156
3.6 -8.71545
3.63 -8.71531
3.66 -8.71516
3.69 -8.71501
3.72 -8.71486
3.75 -8.71471
3.78 -8.71456
3.81 -8.71442
3.84 -8.71427
3.87 -8.71412
3.9 -8.71397
3.93 -8.71382
3.96 -8.71367
3.99 -8.71352
4.02 -8.71337
4.05 -8.71322
4.08 -8.71308
4.11 -8.71293
4.14 -8.71278
4.17 -8.71263
4.2 -8.71248
4.23 -8.71233
4.26 -8.71218
4.29 -8.71203
4.32 -8.71188
4.35 -8.71173
4.38 -8.71158
4.41 -8.71143
4.44 -8.71128
4.47 -8.71113
4.5 -8.71098
4.53 -8.71083
4.56 -8.71068
4.59 -8.71053
4.62 -8.71038
4.65 -8.71023
4.68 -8.71008
4.71 -8.70993
4.74 -8.70978
4.77 -8.70963
4.8 -8.70947
4.83 -8.70932
4.86 -8.70917
4.89 -8.70902
4.92 -8.70887
4.95 -8.70872
4.98 -8.70857
5.01 -8.70842
5.04 -8.70826
5.07 -8.70811
5.1 -8.70796
5.13 -8.70781
5.16 -8.70766
5.19 -8.70751
5.22 -8.70735
5.25 -8.7072
5.28 -8.70705
5.31 -8.7069
5.34 -8.70674
5.37 -8.70659
5.4 -8.70644
5.43 -8.70629
5.46 -8.70613
5.49 -8.70598
5.52 -8.70583
5.55 -8.70568
5.58 -8.70552
5.61 -8.70537
5.64 -8.70522
5.67 -8.70506
5.7 -8.70491
5.73 -8.70476
5.76 -8.7046
5.79 -8.70445
5.82 -8.7043
5.85 -8.70414
5.88 -8.70399
5.91 -8.70383
5.94 -8.70368
5.97 -8.70353
6 -8.70337
6.03 -8.70322
6.06 -8.70306
6.09 -8.70291
6.12 -8.70276
6.15 -8.7026
6.18 -8.70245
6.21 -8.70229
6.24 -8.70214
6.27 -8.70198
6.3 -8.70183
6.33 -8.70167
6.36 -8.70152
6.39 -8.70136
6.42 -8.70121
6.45 -8.70105
6.48 -8.70089
6.51 -8.70074
6.54 -8.70058
6.57 -8.70043
6.6 -8.70027
6.63 -8.70011
6.66 -8.69996
6.69 -8.6998
6.72 -8.69965
6.75 -8.69949
6.78 -8.69933
6.81 -8.69918
6.84 -8.69902
6.87 -8.69886
6.9 -8.69871
6.93 -8.69855
6.96 -8.69839
6.99 -8.69824
7.02 -8.69808
7.05 -8.69792
7.08 -8.69776
7.11 -8.69761
7.14 -8.69745
7.17 -8.69729
7.2 -8.69713
7.23 -8.69697
7.26 -8.69682
7.29 -8.69666
7.32 -8.6965
7.35 -8.69634
7.38 -8.69618
7.41 -8.69603
7.44 -8.69587
7.47 -8.69571
7.5 -8.69555
7.53 -8.69539
7.56 -8.69523
7.59 -8.69507
7.62 -8.69491
7.65 -8.69475
7.68 -8.69459
7.71 -8.69443
7.74 -8.69428
7.77 -8.69412
7.8 -8.69396
7.83 -8.6938
7.86 -8.69364
7.89 -8.69348
7.92 -8.69332
7.95 -8.69316
7.98 -8.693
8.01 -8.69283
8.04 -8.69267
8.07 -8.69251
8.1 -8.69235
8.13 -8.69219
8.16 -8.69203
8.19 -8.69187
8.22 -8.69171
8.25 -8.69155
8.28 -8.69139
8.31 -8.69122
8.34 -8.69106
8.37 -8.6909
8.4 -8.69074
8.43 -8.69058
8.46 -8.69042
8.49 -8.69025
8.52 -8.69009
8.55 -8.68993
8.58 -8.68977
8.61 -8.6896
8.64 -8.68944
8.67 -8.68928
8.7 -8.68912
8.73 -8.68895
8.76 -8.68879
8.79 -8.68863
8.82 -8.68846
8.85 -8.6883
8.88 -8.68814
8.91 -8.68797
8.94 -8.68781
8.97 -8.68764
9 -8.68748
9.03 -8.68732
9.06 -8.68715
9.09 -8.68699
9.12 -8.68682
9.15 -8.68666
9.18 -8.6865
9.21 -8.68633
9.24 -8.68617
9.27 -8.686
9.3 -8.68584
9.33 -8.68567
9.36 -8.68551
9.39 -8.68534
9.42 -8.68517
9.45 -8.68501
9.48 -8.68484
9.51 -8.68468
9.54 -8.68451
9.57 -8.68435
9.6 -8.68418
9.63 -8.68401
9.66 -8.68385
9.69 -8.68368
9.72 -8.68351
9.75 -8.68335
9.78 -8.68318
9.81 -8.68301
9.84 -8.68285
9.87 -8.68268
9.9 -8.68251
9.93 -8.68235
9.96 -8.68218
9.99 -8.68201
10.02 -8.68184
10.05 -8.68168
10.08 -8.68151
10.11 -8.68134
10.14 -8.68117
10.17 -8.68101
10.2 -8.68084
10.23 -8.68067
10.26 -8.6805
10.29 -8.68033
10.32 -8.68016
10.35 -8.67999
10.38 -8.67983
10.41 -8.67966
10.44 -8.67949
10.47 -8.67932
10.5 -8.67915
10.53 -8.67898
10.56 -8.67881
10.59 -8.67864
10.62 -8.67847
10.65 -8.6783
10.68 -8.67813
10.71 -8.67796
10.74 -8.67779
10.77 -8.67762
10.8 -8.67745
10.83 -8.67728
10.86 -8.67711
10.89 -8.67694
10.92 -8.67677
10.95 -8.6766
10.98 -8.67643
11.01 -8.67626
11.04 -8.67609
11.07 -8.67592
11.1 -8.67574
11.13 -8.67557
11.16 -8.6754
11.19 -8.67523
11.22 -8.67506
11.25 -8.67489
11.28 -8.67472
11.31 -8.67454
11.34 -8.67437
11.37 -8.6742
11.4 -8.67403
11.43 -8.67386
11.46 -8.67368
11.49 -8.67351
11.52 -8.67334
11.55 -8.67317
11.58 -8.67299
11.61 -8.67282
11.64 -8.67265
11.67 -8.67248
11.7 -8.6723
11.73 -8.67213
11.76 -8.67196
11.79 -8.67178
11.82 -8.67161
11.85 -8.67144
11.88 -8.67126
11.91 -8.67109
11.94 -8.67092
11.97 -8.67074
12 -8.67057
12.03 -8.67039
12.06 -8.67022
12.09 -8.67005
12.12 -8.66987
12.15 -8.6697
12.18 -8.66953
12.21 -8.66935
12.24 -8.66918
12.27 -8.669
12.3 -8.66883
12.33 -8.66865
12.36 -8.66848
12.39 -8.6683
12.42 -8.66813
12.45 -8.66796
12.48 -8.66778
12.51 -8.66761
12.54 -8.66743
12.57 -8.66726
12.6 -8.66708
12.63 -8.66691
12.66 -8.66673
12.69 -8.66656
12.72 -8.66638
12.75 -8.66621
12.78 -8.66603
12.81 -8.66586
12.84 -8.66568
12.87 -8.66551
12.9 -8.66533
12.93 -8.66516
12.96 -8.66498
12.99 -8.6648
13.02 -8.66463
13.05 -8.66445
13.08 -8.66428
13.11 -8.6641
13.14 -8.66393
13.17 -8.66375
13.2 -8.66358
13.23 -8.6634
13.26 -8.66323
13.29 -8.66305
13.32 -8.66287
13.35 -8.6627
13.38 -8.66252
13.41 -8.66235
13.44 -8.66217
13.47 -8.662
13.5 -8.66182
13.53 -8.66165
13.56 -8.66147
13.59 -8.6613
13.62 -8.66112
13.65 -8.66094
13.68 -8.66077
13.71 -8.66059
13.74 -8.66042
13.77 -8.66024
13.8 -8.66007
13.83 -8.65989
13.86 -8.65972
13.89 -8.65954
13.92 -8.65937
13.95 -8.65919
13.98 -8.65902
14.01 -8.65884
14.04 -8.65867
14.07 -8.65849
14.1 -8.65832
14.13 -8.65814
14.16 -8.65797
14.19 -8.65779
14.22 -8.65762
14.25 -8.65745
14.28 -8.65727
14.31 -8.6571
14.34 -8.65692
14.37 -8.65675
14.4 -8.65658
14.43 -8.6564
14.46 -8.65623
14.49 -8.65605
14.52 -8.65588
14.55 -8.65571
14.58 -8.65553
14.61 -8.65536
14.64 -8.65519
14.67 -8.65502
14.7 -8.65484
14.73 -8.65467
14.76 -8.6545
14.79 -8.65433
14.82 -8.65415
14.85 -8.65398
14.88 -8.65381
14.91 -8.65364
14.94 -8.65347
14.97 -8.6533
15 -8.65312
15.03 -8.65295
15.06 -8.65278
15.09 -8.65261
15.12 -8.65244
15.15 -8.65227
15.18 -8.6521
15.21 -8.65193
15.24 -8.65176
15.27 -8.65159
15.3 -8.65142
15.33 -8.65126
15.36 -8.65109
15.39 -8.65092
15.42 -8.65075
15.45 -8.65058
15.48 -8.65042
15.51 -8.65025
15.54 -8.65008
15.57 -8.64992
15.6 -8.64975
15.63 -8.64958
15.66 -8.64942
15.69 -8.64925
15.72 -8.64909
15.75 -8.64892
15.78 -8.64876
15.81 -8.64859
15.84 -8.64843
15.87 -8.64827
15.9 -8.6481
15.93 -8.64794
15.96 -8.64778
15.99 -8.64762
16.02 -8.64746
16.05 -8.6473
16.08 -8.64714
16.11 -8.64698
16.14 -8.64682
16.17 -8.64666
16.2 -8.6465
16.23 -8.64634
16.26 -8.64618
16.29 -8.64602
16.32 -8.64587
16.35 -8.64571
16.38 -8.64555
16.41 -8.6454
16.44 -8.64524
16.47 -8.64509
16.5 -8.64494
16.53 -8.64478
16.56 -8.64463
16.59 -8.64448
16.62 -8.64433
16.65 -8.64417
16.68 -8.64402
16.71 -8.64387
16.74 -8.64372
16.77 -8.64358
16.8 -8.64343
16.83 -8.64328
16.86 -8.64313
16.89 -8.64299
16.92 -8.64284
16.95 -8.6427
16.98 -8.64256
17.01 -8.64241
17.04 -8.64227
17.07 -8.64213
17.1 -8.64199
17.13 -8.64185
17.16 -8.64171
17.19 -8.64157
17.22 -8.64143
17.25 -8.6413
17.28 -8.64116
17.31 -8.64103
17.34 -8.64089
17.37 -8.64076
17.4 -8.64063
17.43 -8.6405
17.46 -8.64037
17.49 -8.64024
17.52 -8.64011
17.55 -8.63998
17.58 -8.63986
17.61 -8.63973
17.64 -8.63961
17.67 -8.63949
17.7 -8.63937
17.73 -8.63925
17.76 -8.63913
17.79 -8.63901
17.82 -8.63889
17.85 -8.63878
17.88 -8.63866
17.91 -8.63855
17.94 -8.63844
17.97 -8.63833
18 -8.63822
18.03 -8.63811
18.06 -8.63801
18.09 -8.63791
18.12 -8.6378
18.15 -8.6377
18.18 -8.6376
18.21 -8.6375
18.24 -8.63741
18.27 -8.63731
18.3 -8.63722
18.33 -8.63713
18.36 -8.63704
18.39 -8.63696
18.42 -8.63687
18.45 -8.63679
18.48 -8.63671
18.51 -8.63663
18.54 -8.63655
18.57 -8.63647
18.6 -8.6364
18.63 -8.63633
18.66 -8.63626
18.69 -8.63619
18.72 -8.63613
18.75 -8.63607
18.78 -8.63601
18.81 -8.63595
18.84 -8.6359
18.87 -8.63585
18.9 -8.6358
18.93 -8.63575
18.96 -8.63571
18.99 -8.63567
19.02 -8.63563
19.05 -8.6356
19.08 -8.63557
19.11 -8.63554
19.14 -8.63551
19.17 -8.63549
19.2 -8.63548
19.23 -8.63546
19.26 -8.63545
19.29 -8.63544
19.32 -8.63544
19.35 -8.63544
19.38 -8.63544
19.41 -8.63545
19.44 -8.63546
19.47 -8.63548
19.5 -8.6355
19.53 -8.63553
19.56 -8.63556
19.59 -8.63559
19.62 -8.63563
19.65 -8.63567
19.68 -8.63572
19.71 -8.63578
19.74 -8.63584
19.77 -8.6359
19.8 -8.63597
19.83 -8.63605
19.86 -8.63613
19.89 -8.63622
19.92 -8.63631
19.95 -8.63641
19.98 -8.63652
20.01 -8.63664
20.04 -8.63676
20.07 -8.63688
20.1 -8.63702
20.13 -8.63716
20.16 -8.63731
20.19 -8.63747
20.22 -8.63763
20.25 -8.63781
20.28 -8.63799
20.31 -8.63818
20.34 -8.63838
20.37 -8.63859
20.4 -8.6388
20.43 -8.63903
20.46 -8.63927
20.49 -8.63952
20.52 -8.63977
20.55 -8.64004
20.58 -8.64032
20.61 -8.64061
20.64 -8.64091
20.67 -8.64123
20.7 -8.64155
20.73 -8.64189
20.76 -8.64224
20.79 -8.6426
20.82 -8.64298
20.85 -8.64337
20.88 -8.64377
20.91 -8.64419
20.94 -8.64462
20.97 -8.64507
21 -8.64554
21.03 -8.64602
21.06 -8.64651
21.09 -8.64702
21.12 -8.64755
21.15 -8.6481
21.18 -8.64867
21.21 -8.64925
21.24 -8.64985
21.27 -8.65047
21.3 -8.65111
21.33 -8.65177
21.36 -8.65246
21.39 -8.65316
21.42 -8.65388
21.45 -8.65463
21.48 -8.6554
21.51 -8.65619
21.54 -8.657
21.57 -8.65784
21.6 -8.65871
21.63 -8.65959
21.66 -8.66051
21.69 -8.66145
21.72 -8.66241
21.75 -8.66341
21.78 -8.66443
21.81 -8.66547
21.84 -8.66655
21.87 -8.66766
21.9 -8.66879
21.93 -8.66996
21.96 -8.67115
21.99 -8.67238
22.02 -8.67364
22.05 -8.67492
22.08 -8.67625
22.11 -8.6776
22.14 -8.67899
22.17 -8.68041
22.2 -8.68186
22.23 -8.68335
22.26 -8.68487
22.29 -8.68642
22.32 -8.68802
22.35 -8.68964
22.38 -8.6913
22.41 -8.693
22.44 -8.69473
22.47 -8.6965
22.5 -8.6983
22.53 -8.70014
22.56 -8.70202
22.59 -8.70393
22.62 -8.70588
22.65 -8.70786
22.68 -8.70988
22.71 -8.71193
22.74 -8.71402
22.77 -8.71614
22.8 -8.7183
22.83 -8.72049
22.86 -8.72272
22.89 -8.72497
22.92 -8.72726
22.95 -8.72958
22.98 -8.73193
23.01 -8.73431
23.04 -8.73672
23.07 -8.73916
23.1 -8.74163
23.13 -8.74412
23.16 -8.74664
23.19 -8.74918
23.22 -8.75175
23.25 -8.75434
23.28 -8.75695
23.31 -8.75958
23.34 -8.76223
23.37 -8.76489
23.4 -8.76757
23.43 -8.77027
23.46 -8.77298
23.49 -8.7757
23.52 -8.77843
23.55 -8.78117
23.58 -8.78392
23.61 -8.78668
23.64 -8.78944
23.67 -8.7922
23.7 -8.79496
23.73 -8.79772
23.76 -8.80049
23.79 -8.80325
23.82 -8.806
23.85 -8.80875
23.88 -8.81149
23.91 -8.81423
23.94 -8.81695
23.97 -8.81966
24 -8.82236
24.03 -8.82505
24.06 -8.82772
24.09 -8.83038
24.12 -8.83302
24.15 -8.83564
24.18 -8.83825
24.21 -8.84083
24.24 -8.84339
24.27 -8.84593
24.3 -8.84845
24.33 -8.85094
24.36 -8.85341
24.39 -8.85586
24.42 -8.85828
24.45 -8.86067
24.48 -8.86304
24.51 -8.86538
24.54 -8.86769
24.57 -8.86997
24.6 -8.87223
24.63 -8.87446
24.66 -8.87666
24.69 -8.87883
24.72 -8.88097
24.75 -8.88308
24.78 -8.88516
24.81 -8.88721
24.84 -8.88923
24.87 -8.89123
24.9 -8.89319
24.93 -8.89512
24.96 -8.89703
24.99 -8.8989
25.02 -8.90075
25.05 -8.90257
25.08 -8.90436
25.11 -8.90612
25.14 -8.90785
25.17 -8.90955
25.2 -8.91123
25.23 -8.91287
25.26 -8.91449
25.29 -8.91609
25.32 -8.91765
25.35 -8.91919
25.38 -8.92071
25.41 -8.9222
25.44 -8.92366
25.47 -8.9251
25.5 -8.92651
25.53 -8.9279
25.56 -8.92926
25.59 -8.9306
25.62 -8.93192
25.65 -8.93321
25.68 -8.93449
25.71 -8.93574
25.74 -8.93696
25.77 -8.93817
25.8 -8.93936
25.83 -8.94052
25.86 -8.94166
25.89 -8.94279
25.92 -8.94389
25.95 -8.94498
25.98 -8.94604
26.01 -8.94709
26.04 -8.94812
26.07 -8.94913
26.1 -8.95013
26.13 -8.9511
26.16 -8.95206
26.19 -8.95301
26.22 -8.95393
26.25 -8.95485
26.28 -8.95574
26.31 -8.95662
26.34 -8.95749
26.37 -8.95834
26.4 -8.95917
26.43 -8.96
26.46 -8.9608
26.49 -8.9616
26.52 -8.96238
26.55 -8.96315
26.58 -8.9639
26.61 -8.96465
26.64 -8.96538
26.67 -8.9661
26.7 -8.9668
26.73 -8.9675
26.76 -8.96819
26.79 -8.96886
26.82 -8.96952
26.85 -8.97017
26.88 -8.97082
26.91 -8.97145
26.94 -8.97207
26.97 -8.97268
27 -8.97329
27.03 -8.97388
27.06 -8.97446
27.09 -8.97504
27.12 -8.97561
27.15 -8.97616
27.18 -8.97671
27.21 -8.97726
27.24 -8.97779
27.27 -8.97832
27.3 -8.97883
27.33 -8.97934
27.36 -8.97985
27.39 -8.98034
27.42 -8.98083
27.45 -8.98131
27.48 -8.98179
27.51 -8.98226
27.54 -8.98272
27.57 -8.98318
27.6 -8.98363
27.63 -8.98407
27.66 -8.98451
27.69 -8.98494
27.72 -8.98536
27.75 -8.98578
27.78 -8.9862
27.81 -8.98661
27.84 -8.98701
27.87 -8.98741
27.9 -8.9878
27.93 -8.98819
27.96 -8.98858
27.99 -8.98895
28.02 -8.98933
28.05 -8.9897
28.08 -8.99006
28.11 -8.99042
28.14 -8.99078
28.17 -8.99113
28.2 -8.99148
28.23 -8.99182
28.26 -8.99216
28.29 -8.9925
28.32 -8.99283
28.35 -8.99316
28.38 -8.99348
28.41 -8.9938
28.44 -8.99412
28.47 -8.99443
28.5 -8.99474
28.53 -8.99505
28.56 -8.99535
28.59 -8.99565
28.62 -8.99595
28.65 -8.99625
28.68 -8.99654
28.71 -8.99682
28.74 -8.99711
28.77 -8.99739
28.8 -8.99767
28.83 -8.99795
28.86 -8.99822
28.89 -8.99849
28.92 -8.99876
28.95 -8.99902
28.98 -8.99928
29.01 -8.99954
29.04 -8.9998
29.07 -9.00006
29.1 -9.00031
29.13 -9.00056
29.16 -9.00081
29.19 -9.00105
29.22 -9.0013
29.25 -9.00154
29.28 -9.00178
29.31 -9.00201
29.34 -9.00225
29.37 -9.00248
29.4 -9.00271
29.43 -9.00294
29.46 -9.00317
29.49 -9.00339
29.52 -9.00362
29.55 -9.00384
29.58 -9.00406
29.61 -9.00427
29.64 -9.00449
29.67 -9.0047
29.7 -9.00491
29.73 -9.00512
29.76 -9.00533
29.79 -9.00554
29.82 -9.00574
29.85 -9.00595
29.88 -9.00615
29.91 -9.00635
29.94 -9.00655
29.97 -9.00675
30 -9.00694
30.001 -10
