0 5
0.03 4.93409
0.06 4.93419
0.09 4.93428
0.12 4.93437
0.15 4.93446
0.18 4.93455
0.21 4.93464
0.24 4.93474
0.27 4.93483
0.3 4.93492
0.33 4.93502
0.36 4.93511
0.39 4.9352
0.42 4.9353
0.45 4.93539
0.48 4.93548
0.51 4.93558
0.54 4.93567
0.57 4.93577
0.6 4.93586
0.63 4.93596
0.66 4.93605
0.69 4.93615
0.72 4.93624
0.75 4.93634
0.78 4.93643
0.81 4.93653
0.84 4.93662
0.87 4.93672
0.9 4.93682
0.93 4.93691
0.96 4.93701
0.99 4.93711
1.02 4.9372
1.05 4.9373
1.08 4.9374
1.11 4.9375
1.14 4.9376
1.17 4.93769
1.2 4.93779
1.23 4.93789
1.26 4.93799
1.29 4.93809
1.32 4.93819
1.35 4.93829
1.38 4.93839
1.41 4.93849
1.44 4.93859
1.47 4.93869
1.5 4.93879
1.53 4.93889
1.56 4.93899
1.59 4.93909
1.62 4.93919
1.65 4.93929
1.68 4.93939
1.71 4.9395
1.74 4.9396
1.77 4.9397
1.8 4.9398
1.83 4.9399
1.86 4.94001
1.89 4.94011
1.92 4.94021
1.95 4.94032
1.98 4.94042
2.01 4.94052
2.04 4.94063
2.07 4.94073
2.1 4.94084
2.13 4.94094
2.16 4.94105
2.19 4.94115
2.22 4.94126
2.25 4.94136
2.28 4.94147
2.31 4.94158
2.34 4.94168
2.37 4.94179
2.4 4.94189
2.43 4.942
2.46 4.94211
2.49 4.94222
2.52 4.94232
2.55 4.94243
2.58 4.94254
2.61 4.94265
2.64 4.94276
2.67 4.94287
2.7 4.94297
2.73 4.94308
2.76 4.94319
2.79 4.9433
2.82 4.94341
2.85 4.94352
2.88 4.94363
2.91 4.94374
2.94 4.94385
2.97 4.94397
3 4.94408
3.03 4.94419
3.06 4.9443
3.09 4.94441
3.12 4.94453
3.15 4.94464
3.18 4.94475
3.21 4.94486
3.24 4.94498
3.27 4.94509
3.3 4.9452
3.33 4.94532
3.36 4.94543
3.39 4.94555
3.42 4.94566
3.45 4.94578
3.48 4.94589
3.51 4.94601
3.54 4.94612
3.57 4.94624
3.6 4.94636
3.63 4.94647
3.66 4.94659
3.69 4.94671
3.72 4.94682
3.75 4.94694
3.78 4.94706
3.81 4.94718
3.84 4.9473
3.87 4.94741
3.9 4.94753
3.93 4.94765
3.96 4.94777
3.99 4.94789
4.02 4.94801
4.05 4.94813
4.08 4.94825
4.11 4.94837
4.14 4.94849
4.17 4.94862
4.2 4.94874
4.23 4.94886
4.26 4.94898
4.29 4.9491
4.32 4.94923
4.35 4.94935
4.38 4.94947
4.41 4.9496
4.44 4.94972
4.47 4.94984
4.5 4.94997
4.53 4.95009
4.56 4.95022
4.59 4.95034
4.62 4.95047
4.65 4.9506
4.68 4.95072
4.71 4.95085
4.74 4.95097
4.77 4.9511
4.8 4.95123
4.83 4.95136
4.86 4.95148
4.89 4.95161
4.92 4.95174
4.95 4.95187
4.98 4.952
5.01 4.95213
5.04 4.95226
5.07 4.95239
5.1 4.95252
5.13 4.95265
5.16 4.95278
5.19 4.95291
5.22 4.95304
5.25 4.95318
5.28 4.95331
5.31 4.95344
5.34 4.95358
5.37 4.95371
5.4 4.95384
5.43 4.95398
5.46 4.95411
5.49 4.95425
5.52 4.95438
5.55 4.95452
5.58 4.95465
5.61 4.95479
5.64 4.95492
5.67 4.95506
5.7 4.9552
5.73 4.95533
5.76 4.95547
5.79 4.95561
5.82 4.95575
5.85 4.95589
5.88 4.95603
5.91 4.95617
5.94 4.95631
5.97 4.95645
6 4.95659
6.03 4.95673
6.06 4.95687
6.09 4.95701
6.12 4.95715
6.15 4.95729
6.18 4.95744
6.21 4.95758
6.24 4.95772
6.27 4.95787
6.3 4.95801
6.33 4.95816
6.36 4.9583
6.39 4.95845
6.42 4.95859
6.45 4.95874
6.48 4.95888
6.51 4.95903
6.54 4.95918
6.57 4.95933
6.6 4.95947
6.63 4.95962
6.66 4.95977
6.69 4.95992
6.72 4.96007
6.75 4.96022
6.78 4.96037
6.81 4.96052
6.84 4.96067
6.87 4.96082
6.9 4.96097
6.93 4.96113
6.96 4.96128
6.99 4.96143
7.02 4.96159
7.05 4.96174
7.08 4.9619
7.11 4.96205
7.14 4.96221
7.17 4.96236
7.2 4.96252
7.23 4.96267
7.26 4.96283
7.29 4.96299
7.32 4.96315
7.35 4.9633
7.38 4.96346
7.41 4.96362
7.44 4.96378
7.47 4.96394
7.5 4.9641
7.53 4.96426
7.56 4.96443
7.59 4.96459
7.62 4.96475
7.65 4.96491
7.68 4.96508
7.71 4.96524
7.74 4.9654
7.77 4.96557
7.8 4.96573
7.83 4.9659
7.86 4.96607
7.89 4.96623
7.92 4.9664
7.95 4.96657
7.98 4.96673
8.01 4.9669
8.04 4.96707
8.07 4.96724
8.1 4.96741
8.13 4.96758
8.16 4.96775
8.19 4.96792
8.22 4.9681
8.25 4.96827
8.28 4.96844
8.31 4.96862
8.34 4.96879
8.37 4.96896
8.4 4.96914
8.43 4.96932
8.46 4.96949
8.49 4.96967
8.52 4.96985
8.55 4.97002
8.58 4.9702
8.61 4.97038
8.64 4.97056
8.67 4.97074
8.7 4.97092
8.73 4.9711
8.76 4.97128
8.79 4.97147
8.82 4.97165
8.85 4.97183
8.88 4.97202
8.91 4.9722
8.94 4.97238
8.97 4.97257
9 4.97276
9.03 4.97294
9.06 4.97313
9.09 4.97332
9.12 4.97351
9.15 4.9737
9.18 4.97389
9.21 4.97408
9.24 4.97427
9.27 4.97446
9.3 4.97465
9.33 4.97484
9.36 4.97504
9.39 4.97523
9.42 4.97542
9.45 4.97562
9.48 4.97582
9.51 4.97601
9.54 4.97621
9.57 4.97641
9.6 4.97661
9.63 4.9768
9.66 4.977
9.69 4.9772
9.72 4.97741
9.75 4.97761
9.78 4.97781
9.81 4.97801
9.84 4.97822
9.87 4.97842
9.9 4.97863
9.93 4.97883
9.96 4.97904
9.99 4.97924
10.02 4.97945
10.05 4.97966
10.08 4.97987
10.11 4.98008
10.14 4.98029
10.17 4.9805
10.2 4.98071
10.23 4.98093
10.26 4.98114
10.29 4.98135
10.32 4.98157
10.35 4.98179
10.38 4.982
10.41 4.98222
10.44 4.98244
10.47 4.98266
10.5 4.98288
10.53 4.9831
10.56 4.98332
10.59 4.98354
10.62 4.98376
10.65 4.98398
10.68 4.98421
10.71 4.98443
10.74 4.98466
10.77 4.98489
10.8 4.98511
10.83 4.98534
10.86 4.98557
10.89 4.9858
10.92 4.98603
10.95 4.98626
10.98 4.98649
11.01 4.98673
11.04 4.98696
11.07 4.9872
11.1 4.98743
11.13 4.98767
11.16 4.9879
11.19 4.98814
11.22 4.98838
11.25 4.98862
11.28 4.98886
11.31 4.9891
11.34 4.98935
11.37 4.98959
11.4 4.98983
11.43 4.99008
11.46 4.99033
11.49 4.99057
11.52 4.99082
11.55 4.99107
11.58 4.99132
11.61 4.99157
11.64 4.99182
11.67 4.99208
11.7 4.99233
11.73 4.99258
11.76 4.99284
11.79 4.9931
11.82 4.99335
11.85 4.99361
11.88 4.99387
11.91 4.99413
11.94 4.99439
11.97 4.99466
12 4.99492
12.03 4.99519
12.06 4.99545
12.09 4.99572
12.12 4.99599
12.15 4.99625
12.18 4.99652
12.21 4.99679
12.24 4.99707
12.27 4.99734
12.3 4.99761
12.33 4.99789
12.36 4.99817
12.39 4.99844
12.42 4.99872
12.45 4.999
12.48 4.99928
12.51 4.99956
12.54 4.99985
12.57 5.00013
12.6 5.00042
12.63 5.0007
12.66 5.00099
12.69 5.00128
12.72 5.00157
12.75 5.00186
12.78 5.00215
12.81 5.00245
12.84 5.00274
12.87 5.00304
12.9 5.00333
12.93 5.00363
12.96 5.00393
12.99 5.00423
13.02 5.00453
13.05 5.00484
13.08 5.00514
13.11 5.00545
13.14 5.00576
13.17 5.00606
13.2 5.00637
13.23 5.00668
13.26 5.007
13.29 5.00731
13.32 5.00763
13.35 5.00794
13.38 5.00826
13.41 5.00858
13.44 5.0089
13.47 5.00922
13.5 5.00955
13.53 5.00987
13.56 5.0102
13.59 5.01052
13.62 5.01085
13.65 5.01118
13.68 5.01151
13.71 5.01185
13.74 5.01218
13.77 5.01252
13.8 5.01286
13.83 5.0132
13.86 5.01354
13.89 5.01388
13.92 5.01422
13.95 5.01457
13.98 5.01491
14.01 5.01526
14.04 5.01561
14.07 5.01596
14.1 5.01632
14.13 5.01667
14.16 5.01703
14.19 5.01739
14.22 5.01775
14.25 5.01811
14.28 5.01847
14.31 5.01884
14.34 5.0192
14.37 5.01957
14.4 5.01994
14.43 5.02031
14.46 5.02068
14.49 5.02106
14.52 5.02144
14.55 5.02181
14.58 5.02219
14.61 5.02258
14.64 5.02296
14.67 5.02335
14.7 5.02373
14.73 5.02412
14.76 5.02451
14.79 5.02491
14.82 5.0253
14.85 5.0257
14.88 5.0261
14.91 5.0265
14.94 5.0269
14.97 5.02731
15 5.02771
15.03 5.02812
15.06 5.02853
15.09 5.02894
15.12 5.02936
15.15 5.02978
15.18 5.0302
15.21 5.03062
15.24 5.03104
15.27 5.03146
15.3 5.03189
15.33 5.03232
15.36 5.03275
15.39 5.03319
15.42 5.03362
15.45 5.03406
15.48 5.0345
15.51 5.03495
15.54 5.03539
15.57 5.03584
15.6 5.03629
15.63 5.03674
15.66 5.0372
15.69 5.03765
15.72 5.03811
15.75 5.03858
15.78 5.03904
15.81 5.03951
15.84 5.03998
15.87 5.04045
15.9 5.04092
15.93 5.0414
15.96 5.04188
15.99 5.04236
16.02 5.04285
16.05 5.04334
16.08 5.04383
16.11 5.04432
16.14 5.04482
16.17 5.04532
16.2 5.04582
16.23 5.04632
16.26 5.04683
16.29 5.04734
16.32 5.04785
16.35 5.04837
16.38 5.04889
16.41 5.04941
16.44 5.04994
16.47 5.05047
16.5 5.051
16.53 5.05153
16.56 5.05207
16.59 5.05261
16.62 5.05316
16.65 5.0537
16.68 5.05426
16.71 5.05481
16.74 5.05537
16.77 5.05593
16.8 5.05649
16.83 5.05706
16.86 5.05763
16.89 5.05821
16.92 5.05879
16.95 5.05937
16.98 5.05996
17.01 5.06055
17.04 5.06114
17.07 5.06174
17.1 5.06234
17.13 5.06295
17.16 5.06356
17.19 5.06417
17.22 5.06479
17.25 5.06541
17.28 5.06604
17.31 5.06667
17.34 5.06731
17.37 5.06794
17.4 5.06859
17.43 5.06924
17.46 5.06989
17.49 5.07055
17.52 5.07121
17.55 5.07188
17.58 5.07255
17.61 5.07322
17.64 5.0739
17.67 5.07459
17.7 5.07528
17.73 5.07598
17.76 5.07668
17.79 5.07738
17.82 5.0781
17.85 5.07881
17.88 5.07954
17.91 5.08026
17.94 5.081
17.97 5.08174
18 5.08248
18.03 5.08323
18.06 5.08399
18.09 5.08475
18.12 5.08552
18.15 5.0863
18.18 5.08708
18.21 5.08787
18.24 5.08866
18.27 5.08946
18.3 5.09027
18.33 5.09108
18.36 5.0919
18.39 5.09273
18.42 5.09356
18.45 5.09441
18.48 5.09526
18.51 5.09611
18.54 5.09698
18.57 5.09785
18.6 5.09873
18.63 5.09961
18.66 5.10051
18.69 5.10141
18.72 5.10232
18.75 5.10324
18.78 5.10416
18.81 5.1051
18.84 5.10604
18.87 5.107
18.9 5.10796
18.93 5.10893
18.96 5.10991
18.99 5.1109
19.02 5.1119
19.05 5.11291
19.08 5.11392
19.11 5.11495
19.14 5.11599
19.17 5.11704
19.2 5.1181
19.23 5.11916
19.26 5.12024
19.29 5.12133
19.32 5.12243
19.35 5.12355
19.38 5.12467
19.41 5.1258
19.44 5.12695
19.47 5.12811
19.5 5.12928
19.53 5.13046
19.56 5.13166
19.59 5.13286
19.62 5.13408
19.65 5.13531
19.68 5.13656
19.71 5.13782
19.74 5.13909
19.77 5.14037
19.8 5.14167
19.83 5.14299
19.86 5.14431
19.89 5.14566
19.92 5.14701
19.95 5.14838
19.98 5.14977
20.01 5.15117
20.04 5.15258
20.07 5.15402
20.1 5.15546
20.13 5.15692
20.16 5.1584
20.19 5.1599
20.22 5.16141
20.25 5.16294
20.28 5.16448
20.31 5.16604
20.34 5.16762
20.37 5.16922
20.4 5.17083
20.43 5.17246
20.46 5.17411
20.49 5.17577
20.52 5.17746
20.55 5.17916
20.58 5.18088
20.61 5.18262
20.64 5.18438
20.67 5.18615
20.7 5.18795
20.73 5.18976
20.76 5.1916
20.79 5.19345
20.82 5.19532
20.85 5.19721
20.88 5.19912
20.91 5.20104
20.94 5.20299
20.97 5.20496
21 5.20694
21.03 5.20895
21.06 5.21097
21.09 5.21301
21.12 5.21508
21.15 5.21716
21.18 5.21925
21.21 5.22137
21.24 5.22351
21.27 5.22566
21.3 5.22783
21.33 5.23002
21.36 5.23223
21.39 5.23445
21.42 5.23669
21.45 5.23895
21.48 5.24122
21.51 5.24351
21.54 5.24582
21.57 5.24813
21.6 5.25047
21.63 5.25281
21.66 5.25517
21.69 5.25754
21.72 5.25993
21.75 5.26232
21.78 5.26473
21.81 5.26715
21.84 5.26957
21.87 5.272
21.9 5.27444
21.93 5.27689
21.96 5.27934
21.99 5.2818
22.02 5.28426
22.05 5.28673
22.08 5.2892
22.11 5.29166
22.14 5.29413
22.17 5.2966
22.2 5.29906
22.23 5.30152
22.26 5.30398
22.29 5.30643
22.32 5.30888
22.35 5.31131
22.38 5.31374
22.41 5.31616
22.44 5.31857
22.47 5.32096
22.5 5.32334
22.53 5.32571
22.56 5.32806
22.59 5.33039
22.62 5.3327
22.65 5.335
22.68 5.33727
22.71 5.33952
22.74 5.34175
22.77 5.34396
22.8 5.34614
22.83 5.3483
22.86 5.35043
22.89 5.35254
22.92 5.35461
22.95 5.35666
22.98 5.35868
23.01 5.36066
23.04 5.36262
23.07 5.36455
23.1 5.36644
23.13 5.3683
23.16 5.37013
23.19 5.37193
23.22 5.3737
23.25 5.37543
23.28 5.37713
23.31 5.37879
23.34 5.38042
23.37 5.38202
23.4 5.38358
23.43 5.38512
23.46 5.38662
23.49 5.38808
23.52 5.38952
23.55 5.39092
23.58 5.39229
23.61 5.39363
23.64 5.39494
23.67 5.39623
23.7 5.39748
23.73 5.3987
23.76 5.39989
23.79 5.40106
23.82 5.4022
23.85 5.40332
23.88 5.40441
23.91 5.40547
23.94 5.40651
23.97 5.40753
24 5.40853
24.03 5.4095
24.06 5.41046
24.09 5.41139
24.12 5.41231
24.15 5.4132
24.18 5.41408
24.21 5.41494
24.24 5.41579
24.27 5.41662
24.3 5.41743
24.33 5.41824
24.36 5.41902
24.39 5.4198
24.42 5.42056
24.45 5.42131
24.48 5.42205
24.51 5.42278
24.54 5.4235
24.57 5.42421
24.6 5.42491
24.63 5.4256
24.66 5.42629
24.69 5.42696
24.72 5.42763
24.75 5.42829
24.78 5.42895
24.81 5.4296
24.84 5.43024
24.87 5.43088
24.9 5.43151
24.93 5.43213
24.96 5.43276
24.99 5.43337
25.02 5.43399
25.05 5.43459
25.08 5.4352
25.11 5.4358
25.14 5.43639
25.17 5.43699
25.2 5.43757
25.23 5.43816
25.26 5.43874
25.29 5.43932
25.32 5.43989
25.35 5.44047
25.38 5.44103
25.41 5.4416
25.44 5.44216
25.47 5.44272
25.5 5.44328
25.53 5.44383
25.56 5.44438
25.59 5.44493
25.62 5.44547
25.65 5.44601
25.68 5.44655
25.71 5.44709
25.74 5.44762
25.77 5.44815
25.8 5.44868
25.83 5.4492
25.86 5.44972
25.89 5.45024
25.92 5.45075
25.95 5.45126
25.98 5.45177
26.01 5.45227
26.04 5.45278
26.07 5.45327
26.1 5.45377
26.13 5.45426
26.16 5.45475
26.19 5.45524
26.22 5.45572
26.25 5.4562
26.28 5.45667
26.31 5.45715
26.34 5.45761
26.37 5.45808
26.4 5.45854
26.43 5.459
26.46 5.45946
26.49 5.45991
26.52 5.46036
26.55 5.4608
26.58 5.46124
26.61 5.46168
26.64 5.46212
26.67 5.46255
26.7 5.46298
26.73 5.4634
26.76 5.46382
26.79 5.46424
26.82 5.46465
26.85 5.46506
26.88 5.46547
26.91 5.46587
26.94 5.46627
26.97 5.46667
27 5.46706
27.03 5.46745
27.06 5.46784
27.09 5.46822
27.12 5.4686
27.15 5.46897
27.18 5.46934
27.21 5.46971
27.24 5.47008
27.27 5.47044
27.3 5.4708
27.33 5.47115
27.36 5.4715
27.39 5.47185
27.42 5.4722
27.45 5.47254
27.48 5.47288
27.51 5.47321
27.54 5.47354
27.57 5.47387
27.6 5.4742
27.63 5.47452
27.66 5.47484
27.69 5.47515
27.72 5.47546
27.75 5.47577
27.78 5.47608
27.81 5.47638
27.84 5.47668
27.87 5.47698
27.9 5.47727
27.93 5.47756
27.96 5.47785
27.99 5.47814
28.02 5.47842
28.05 5.4787
28.08 5.47897
28.11 5.47925
28.14 5.47952
28.17 5.47979
28.2 5.48005
28.23 5.48031
28.26 5.48057
28.29 5.48083
28.32 5.48108
28.35 5.48133
28.38 5.48158
28.41 5.48183
28.44 5.48207
28.47 5.48231
28.5 5.48255
28.53 5.48279
28.56 5.48302
28.59 5.48325
28.62 5.48348
28.65 5.4837
28.68 5.48393
28.71 5.48415
28.74 5.48437
28.77 5.48458
28.8 5.4848
28.83 5.48501
28.86 5.48522
28.89 5.48543
28.92 5.48563
28.95 5.48583
28.98 5.48603
29.01 5.48623
29.04 5.48643
29.07 5.48662
29.1 5.48681
29.13 5.487
29.16 5.48719
29.19 5.48738
29.22 5.48756
29.25 5.48774
29.28 5.48792
29.31 5.4881
29.34 5.48828
29.37 5.48845
29.4 5.48863
29.43 5.4888
29.46 5.48896
29.49 5.48913
29.52 5.4893
29.55 5.48946
29.58 5.48962
29.61 5.48978
29.64 5.48994
29.67 5.4901
29.7 5.49025
29.73 5.4904
29.76 5.49056
29.79 5.49071
29.82 5.49085
29.85 5.491
29.88 5.49115
29.91 5.49129
29.94 5.49143
29.97 5.49157
30 5.49171
30.001 5
