0 0
0.03 0.560511
0.06 0.561382
0.09 0.562255
0.12 0.563129
0.15 0.564003
0.18 0.564879
0.21 0.565755
0.24 0.566633
0.27 0.567511
0.3 0.568391
0.33 0.569271
0.36 0.570152
0.39 0.571035
0.42 0.571918
0.45 0.572802
0.48 0.573687
0.51 0.574573
0.54 0.57546
0.57 0.576348
0.6 0.577237
0.63 0.578127
0.66 0.579018
0.69 0.57991
0.72 0.580803
0.75 0.581697
0.78 0.582592
0.81 0.583488
0.84 0.584385
0.87 0.585283
0.9 0.586182
0.93 0.587082
0.96 0.587983
0.99 0.588885
1.02 0.589788
1.05 0.590692
1.08 0.591597
1.11 0.592503
1.14 0.59341
1.17 0.594318
1.2 0.595227
1.23 0.596137
1.26 0.597048
1.29 0.59796
1.32 0.598874
1.35 0.599788
1.38 0.600703
1.41 0.60162
1.44 0.602537
1.47 0.603456
1.5 0.604375
1.53 0.605296
1.56 0.606218
1.59 0.60714
1.62 0.608064
1.65 0.608989
1.68 0.609915
1.71 0.610842
1.74 0.61177
1.77 0.6127
1.8 0.61363
1.83 0.614561
1.86 0.615494
1.89 0.616428
1.92 0.617362
1.95 0.618298
1.98 0.619235
2.01 0.620173
2.04 0.621112
2.07 0.622053
2.1 0.622994
2.13 0.623937
2.16 0.62488
2.19 0.625825
2.22 0.626771
2.25 0.627718
2.28 0.628666
2.31 0.629616
2.34 0.630566
2.37 0.631518
2.4 0.632471
2.43 0.633425
2.46 0.63438
2.49 0.635336
2.52 0.636294
2.55 0.637253
2.58 0.638213
2.61 0.639174
2.64 0.640136
2.67 0.641099
2.7 0.642064
2.73 0.64303
2.76 0.643997
2.79 0.644965
2.82 0.645934
2.85 0.646905
2.88 0.647877
2.91 0.64885
2.94 0.649824
2.97 0.6508
3 0.651777
3.03 0.652755
3.06 0.653734
3.09 0.654715
3.12 0.655696
3.15 0.656679
3.18 0.657664
3.21 0.658649
3.24 0.659636
3.27 0.660624
3.3 0.661614
3.33 0.662604
3.36 0.663596
3.39 0.664589
3.42 0.665584
3.45 0.66658
3.48 0.667577
3.51 0.668575
3.54 0.669575
3.57 0.670576
3.6 0.671578
3.63 0.672582
3.66 0.673587
3.69 0.674594
3.72 0.675601
3.75 0.67661
3.78 0.677621
3.81 0.678632
3.84 0.679646
3.87 0.68066
3.9 0.681676
3.93 0.682693
3.96 0.683712
3.99 0.684732
4.02 0.685753
4.05 0.686776
4.08 0.6878
4.11 0.688825
4.14 0.689852
4.17 0.690881
4.2 0.691911
4.23 0.692942
4.26 0.693974
4.29 0.695009
4.32 0.696044
4.35 0.697081
4.38 0.698119
4.41 0.699159
4.44 0.700201
4.47 0.701243
4.5 0.702288
4.53 0.703333
4.56 0.704381
4.59 0.705429
4.62 0.706479
4.65 0.707531
4.68 0.708584
4.71 0.709639
4.74 0.710695
4.77 0.711753
4.8 0.712812
4.83 0.713873
4.86 0.714935
4.89 0.715999
4.92 0.717065
4.95 0.718132
4.98 0.7192
5.01 0.72027
5.04 0.721342
5.07 0.722415
5.1 0.72349
5.13 0.724567
5.16 0.725645
5.19 0.726725
5.22 0.727806
5.25 0.728889
5.28 0.729973
5.31 0.731059
5.34 0.732147
5.37 0.733237
5.4 0.734328
5.43 0.73542
5.46 0.736515
5.49 0.737611
5.52 0.738709
5.55 0.739808
5.58 0.740909
5.61 0.742012
5.64 0.743117
5.67 0.744223
5.7 0.745331
5.73 0.74644
5.76 0.747552
5.79 0.748665
5.82 0.74978
5.85 0.750897
5.88 0.752015
5.91 0.753135
5.94 0.754257
5.97 0.755381
6 0.756506
6.03 0.757634
6.06 0.758763
6.09 0.759894
6.12 0.761026
6.15 0.762161
6.18 0.763297
6.21 0.764436
6.24 0.765576
6.27 0.766718
6.3 0.767861
6.33 0.769007
6.36 0.770155
6.39 0.771304
6.42 0.772456
6.45 0.773609
6.48 0.774764
6.51 0.775921
6.54 0.77708
6.57 0.778241
6.6 0.779404
6.63 0.780569
6.66 0.781736
6.69 0.782904
6.72 0.784075
6.75 0.785248
6.78 0.786423
6.81 0.787599
6.84 0.788778
6.87 0.789959
6.9 0.791142
6.93 0.792326
6.96 0.793513
6.99 0.794702
7.02 0.795893
7.05 0.797086
7.08 0.798281
7.11 0.799479
7.14 0.800678
7.17 0.80188
7.2 0.803083
7.23 0.804289
7.26 0.805497
7.29 0.806707
7.32 0.807919
7.35 0.809133
7.38 0.81035
7.41 0.811568
7.44 0.812789
7.47 0.814012
7.5 0.815237
7.53 0.816465
7.56 0.817695
7.59 0.818927
7.62 0.820161
7.65 0.821397
7.68 0.822636
7.71 0.823877
7.74 0.825121
7.77 0.826366
7.8 0.827614
7.83 0.828865
7.86 0.830117
7.89 0.831372
7.92 0.832629
7.95 0.833889
7.98 0.835151
8.01 0.836416
8.04 0.837683
8.07 0.838952
8.1 0.840223
8.13 0.841498
8.16 0.842774
8.19 0.844053
8.22 0.845335
8.25 0.846619
8.28 0.847905
8.31 0.849194
8.34 0.850485
8.37 0.851779
8.4 0.853076
8.43 0.854375
8.46 0.855677
8.49 0.856981
8.52 0.858287
8.55 0.859597
8.58 0.860909
8.61 0.862223
8.64 0.86354
8.67 0.86486
8.7 0.866183
8.73 0.867508
8.76 0.868836
8.79 0.870166
8.82 0.871499
8.85 0.872835
8.88 0.874174
8.91 0.875515
8.94 0.876859
8.97 0.878206
9 0.879556
9.03 0.880908
9.06 0.882264
9.09 0.883622
9.12 0.884983
9.15 0.886346
9.18 0.887713
9.21 0.889082
9.24 0.890455
9.27 0.89183
9.3 0.893208
9.33 0.894589
9.36 0.895973
9.39 0.89736
9.42 0.89875
9.45 0.900143
9.48 0.901539
9.51 0.902937
9.54 0.904339
9.57 0.905744
9.6 0.907152
9.63 0.908563
9.66 0.909977
9.69 0.911395
9.72 0.912815
9.75 0.914238
9.78 0.915665
9.81 0.917095
9.84 0.918527
9.87 0.919963
9.9 0.921403
9.93 0.922845
9.96 0.924291
9.99 0.92574
10.02 0.927192
10.05 0.928647
10.08 0.930106
10.11 0.931568
10.14 0.933033
10.17 0.934502
10.2 0.935974
10.23 0.937449
10.26 0.938928
10.29 0.94041
10.32 0.941896
10.35 0.943385
10.38 0.944877
10.41 0.946373
10.44 0.947873
10.47 0.949375
10.5 0.950882
10.53 0.952392
10.56 0.953905
10.59 0.955422
10.62 0.956943
10.65 0.958467
10.68 0.959995
10.71 0.961526
10.74 0.963061
10.77 0.9646
10.8 0.966142
10.83 0.967689
10.86 0.969238
10.89 0.970792
10.92 0.972349
10.95 0.97391
10.98 0.975475
11.01 0.977044
11.04 0.978617
11.07 0.980193
11.1 0.981773
11.13 0.983357
11.16 0.984945
11.19 0.986537
11.22 0.988133
11.25 0.989733
11.28 0.991337
11.31 0.992945
11.34 0.994557
11.37 0.996172
11.4 0.997792
11.43 0.999416
11.46 1.00104
11.49 1.00268
11.52 1.00431
11.55 1.00595
11.58 1.0076
11.61 1.00925
11.64 1.0109
11.67 1.01256
11.7 1.01422
11.73 1.01588
11.76 1.01755
11.79 1.01923
11.82 1.02091
11.85 1.02259
11.88 1.02428
11.91 1.02597
11.94 1.02767
11.97 1.02937
12 1.03107
12.03 1.03278
12.06 1.0345
12.09 1.03622
12.12 1.03794
12.15 1.03967
12.18 1.0414
12.21 1.04314
12.24 1.04488
12.27 1.04663
12.3 1.04838
12.33 1.05013
12.36 1.05189
12.39 1.05366
12.42 1.05543
12.45 1.0572
12.48 1.05898
12.51 1.06077
12.54 1.06256
12.57 1.06435
12.6 1.06615
12.63 1.06796
12.66 1.06977
12.69 1.07158
12.72 1.0734
12.75 1.07523
12.78 1.07706
12.81 1.07889
12.84 1.08073
12.87 1.08258
12.9 1.08443
12.93 1.08628
12.96 1.08814
12.99 1.09001
13.02 1.09188
13.05 1.09376
13.08 1.09564
13.11 1.09753
13.14 1.09942
13.17 1.10132
13.2 1.10322
13.23 1.10513
13.26 1.10704
13.29 1.10896
13.32 1.11089
13.35 1.11282
13.38 1.11476
13.41 1.1167
13.44 1.11865
13.47 1.12061
13.5 1.12257
13.53 1.12453
13.56 1.1265
13.59 1.12848
13.62 1.13046
13.65 1.13245
13.68 1.13445
13.71 1.13645
13.74 1.13846
13.77 1.14047
13.8 1.14249
13.83 1.14452
13.86 1.14655
13.89 1.14859
13.92 1.15063
13.95 1.15268
13.98 1.15474
14.01 1.1568
14.04 1.15887
14.07 1.16095
14.1 1.16303
14.13 1.16512
14.16 1.16721
14.19 1.16932
14.22 1.17142
14.25 1.17354
14.28 1.17566
14.31 1.17779
14.34 1.17993
14.37 1.18207
14.4 1.18422
14.43 1.18637
14.46 1.18854
14.49 1.19071
14.52 1.19288
14.55 1.19507
14.58 1.19726
14.61 1.19946
14.64 1.20166
14.67 1.20387
14.7 1.20609
14.73 1.20832
14.76 1.21056
14.79 1.2128
14.82 1.21505
14.85 1.2173
14.88 1.21957
14.91 1.22184
14.94 1.22412
14.97 1.22641
15 1.2287
15.03 1.23101
15.06 1.23332
15.09 1.23564
15.12 1.23797
15.15 1.2403
15.18 1.24264
15.21 1.245
15.24 1.24736
15.27 1.24972
15.3 1.2521
15.33 1.25449
15.36 1.25688
15.39 1.25928
15.42 1.26169
15.45 1.26411
15.48 1.26654
15.51 1.26898
15.54 1.27142
15.57 1.27388
15.6 1.27634
15.63 1.27881
15.66 1.28129
15.69 1.28378
15.72 1.28629
15.75 1.2888
15.78 1.29131
15.81 1.29384
15.84 1.29638
15.87 1.29893
15.9 1.30149
15.93 1.30406
15.96 1.30663
15.99 1.30922
16.02 1.31182
16.05 1.31443
16.08 1.31705
16.11 1.31968
16.14 1.32231
16.17 1.32497
16.2 1.32763
16.23 1.3303
16.26 1.33298
16.29 1.33567
16.32 1.33838
16.35 1.34109
16.38 1.34382
16.41 1.34656
16.44 1.34931
16.47 1.35207
16.5 1.35485
16.53 1.35763
16.56 1.36043
16.59 1.36324
16.62 1.36606
16.65 1.3689
16.68 1.37174
16.71 1.3746
16.74 1.37747
16.77 1.38036
16.8 1.38326
16.83 1.38617
16.86 1.3891
16.89 1.39203
16.92 1.39499
16.95 1.39795
16.98 1.40093
17.01 1.40393
17.04 1.40694
17.07 1.40996
17.1 1.413
17.13 1.41605
17.16 1.41912
17.19 1.4222
17.22 1.4253
17.25 1.42841
17.28 1.43154
17.31 1.43469
17.34 1.43785
17.37 1.44103
17.4 1.44423
17.43 1.44744
17.46 1.45067
17.49 1.45391
17.52 1.45718
17.55 1.46046
17.58 1.46375
17.61 1.46707
17.64 1.47041
17.67 1.47376
17.7 1.47713
17.73 1.48053
17.76 1.48394
17.79 1.48737
17.82 1.49082
17.85 1.49429
17.88 1.49778
17.91 1.5013
17.94 1.50483
17.97 1.50839
18 1.51196
18.03 1.51556
18.06 1.51918
18.09 1.52283
18.12 1.52649
18.15 1.53018
18.18 1.5339
18.21 1.53763
18.24 1.5414
18.27 1.54518
18.3 1.549
18.33 1.55283
18.36 1.5567
18.39 1.56059
18.42 1.5645
18.45 1.56845
18.48 1.57242
18.51 1.57642
18.54 1.58045
18.57 1.5845
18.6 1.58859
18.63 1.5927
18.66 1.59685
18.69 1.60102
18.72 1.60523
18.75 1.60947
18.78 1.61374
18.81 1.61805
18.84 1.62238
18.87 1.62675
18.9 1.63116
18.93 1.6356
18.96 1.64007
18.99 1.64458
19.02 1.64913
19.05 1.65372
19.08 1.65834
19.11 1.663
19.14 1.6677
19.17 1.67244
19.2 1.67722
19.23 1.68204
19.26 1.6869
19.29 1.69181
19.32 1.69675
19.35 1.70175
19.38 1.70678
19.41 1.71186
19.44 1.71699
19.47 1.72216
19.5 1.72738
19.53 1.73265
19.56 1.73797
19.59 1.74333
19.62 1.74875
19.65 1.75422
19.68 1.75974
19.71 1.76531
19.74 1.77094
19.77 1.77662
19.8 1.78236
19.83 1.78816
19.86 1.79401
19.89 1.79992
19.92 1.80589
19.95 1.81191
19.98 1.818
20.01 1.82415
20.04 1.83037
20.07 1.83665
20.1 1.84299
20.13 1.8494
20.16 1.85587
20.19 1.86242
20.22 1.86903
20.25 1.87571
20.28 1.88246
20.31 1.88929
20.34 1.89618
20.37 1.90315
20.4 1.9102
20.43 1.91732
20.46 1.92451
20.49 1.93179
20.52 1.93914
20.55 1.94658
20.58 1.95409
20.61 1.96169
20.64 1.96936
20.67 1.97713
20.7 1.98497
20.73 1.99291
20.76 2.00093
20.79 2.00903
20.82 2.01723
20.85 2.02551
20.88 2.03389
20.91 2.04235
20.94 2.05091
20.97 2.05956
21 2.0683
21.03 2.07714
21.06 2.08608
21.09 2.0951
21.12 2.10423
21.15 2.11345
21.18 2.12277
21.21 2.13219
21.24 2.1417
21.27 2.15132
21.3 2.16103
21.33 2.17084
21.36 2.18076
21.39 2.19077
21.42 2.20088
21.45 2.2111
21.48 2.22141
21.51 2.23183
21.54 2.24234
21.57 2.25295
21.6 2.26367
21.63 2.27448
21.66 2.28539
21.69 2.2964
21.72 2.3075
21.75 2.3187
21.78 2.33
21.81 2.3414
21.84 2.35288
21.87 2.36446
21.9 2.37613
21.93 2.38789
21.96 2.39974
21.99 2.41168
22.02 2.4237
22.05 2.4358
22.08 2.44799
22.11 2.46026
22.14 2.4726
22.17 2.48502
22.2 2.49751
22.23 2.51007
22.26 2.5227
22.29 2.53539
22.32 2.54814
22.35 2.56096
22.38 2.57383
22.41 2.58675
22.44 2.59973
22.47 2.61275
22.5 2.62581
22.53 2.63891
22.56 2.65205
22.59 2.66522
22.62 2.67842
22.65 2.69164
22.68 2.70488
22.71 2.71814
22.74 2.73142
22.77 2.7447
22.8 2.75798
22.83 2.77127
22.86 2.78455
22.89 2.79782
22.92 2.81108
22.95 2.82432
22.98 2.83754
23.01 2.85073
23.04 2.8639
23.07 2.87703
23.1 2.89011
23.13 2.90316
23.16 2.91616
23.19 2.92911
23.22 2.942
23.25 2.95483
23.28 2.96759
23.31 2.98029
23.34 2.99291
23.37 3.00546
23.4 3.01792
23.43 3.03031
23.46 3.0426
23.49 3.05481
23.52 3.06691
23.55 3.07892
23.58 3.09083
23.61 3.10264
23.64 3.11433
23.67 3.12592
23.7 3.13739
23.73 3.14874
23.76 3.15998
23.79 3.1711
23.82 3.18209
23.85 3.19296
23.88 3.2037
23.91 3.21431
23.94 3.22479
23.97 3.23514
24 3.24536
24.03 3.25544
24.06 3.26539
24.09 3.27519
24.12 3.28487
24.15 3.2944
24.18 3.3038
24.21 3.31305
24.24 3.32217
24.27 3.33115
24.3 3.33999
24.33 3.34869
24.36 3.35725
24.39 3.36568
24.42 3.37396
24.45 3.38211
24.48 3.39012
24.51 3.398
24.54 3.40574
24.57 3.41335
24.6 3.42083
24.63 3.42817
24.66 3.43539
24.69 3.44247
24.72 3.44943
24.75 3.45626
24.78 3.46297
24.81 3.46956
24.84 3.47602
24.87 3.48236
24.9 3.48859
24.93 3.49469
24.96 3.50069
24.99 3.50657
25.02 3.51233
25.05 3.51799
25.08 3.52354
25.11 3.52899
25.14 3.53433
25.17 3.53956
25.2 3.5447
25.23 3.54974
25.26 3.55468
25.29 3.55952
25.32 3.56427
25.35 3.56893
25.38 3.5735
25.41 3.57798
25.44 3.58238
25.47 3.58669
25.5 3.59092
25.53 3.59506
25.56 3.59913
25.59 3.60311
25.62 3.60702
25.65 3.61086
25.68 3.61462
25.71 3.61831
25.74 3.62193
25.77 3.62548
25.8 3.62896
25.83 3.63238
25.86 3.63573
25.89 3.63902
25.92 3.64225
25.95 3.64542
25.98 3.64852
26.01 3.65157
26.04 3.65457
26.07 3.6575
26.1 3.66039
26.13 3.66322
26.16 3.666
26.19 3.66872
26.22 3.6714
26.25 3.67403
26.28 3.67661
26.31 3.67914
26.34 3.68163
26.37 3.68408
26.4 3.68648
26.43 3.68883
26.46 3.69115
26.49 3.69342
26.52 3.69566
26.55 3.69785
26.58 3.70001
26.61 3.70213
26.64 3.70421
26.67 3.70626
26.7 3.70827
26.73 3.71024
26.76 3.71219
26.79 3.7141
26.82 3.71597
26.85 3.71782
26.88 3.71963
26.91 3.72141
26.94 3.72317
26.97 3.72489
27 3.72658
27.03 3.72825
27.06 3.72989
27.09 3.7315
27.12 3.73309
27.15 3.73465
27.18 3.73618
27.21 3.73769
27.24 3.73917
27.27 3.74063
27.3 3.74207
27.33 3.74348
27.36 3.74487
27.39 3.74624
27.42 3.74759
27.45 3.74892
27.48 3.75022
27.51 3.7515
27.54 3.75277
27.57 3.75401
27.6 3.75523
27.63 3.75644
27.66 3.75762
27.69 3.75879
27.72 3.75994
27.75 3.76107
27.78 3.76219
27.81 3.76328
27.84 3.76436
27.87 3.76543
27.9 3.76647
27.93 3.7675
27.96 3.76852
27.99 3.76952
28.02 3.77051
28.05 3.77148
28.08 3.77243
28.11 3.77337
28.14 3.7743
28.17 3.77521
28.2 3.77611
28.23 3.777
28.26 3.77787
28.29 3.77873
28.32 3.77958
28.35 3.78041
28.38 3.78124
28.41 3.78205
28.44 3.78284
28.47 3.78363
28.5 3.78441
28.53 3.78517
28.56 3.78592
28.59 3.78667
28.62 3.7874
28.65 3.78812
28.68 3.78883
28.71 3.78953
28.74 3.79022
28.77 3.7909
28.8 3.79157
28.83 3.79223
28.86 3.79288
28.89 3.79353
28.92 3.79416
28.95 3.79478
28.98 3.7954
29.01 3.79601
29.04 3.79661
29.07 3.7972
29.1 3.79778
29.13 3.79835
29.16 3.79892
29.19 3.79947
29.22 3.80002
29.25 3.80057
29.28 3.8011
29.31 3.80163
29.34 3.80215
29.37 3.80266
29.4 3.80317
29.43 3.80367
29.46 3.80416
29.49 3.80464
29.52 3.80512
29.55 3.8056
29.58 3.80606
29.61 3.80652
29.64 3.80697
29.67 3.80742
29.7 3.80786
29.73 3.8083
29.76 3.80873
29.79 3.80915
29.82 3.80957
29.85 3.80998
29.88 3.81039
29.91 3.81079
29.94 3.81119
29.97 3.81158
30 3.81196
30.001 0
