0 0
0.03 1.04922
0.06 1.04992
0.09 1.05061
0.12 1.0513
0.15 1.052
0.18 1.05269
0.21 1.05339
0.24 1.05408
0.27 1.05478
0.3 1.05547
0.33 1.05617
0.36 1.05687
0.39 1.05757
0.42 1.05826
0.45 1.05896
0.48 1.05966
0.51 1.06036
0.54 1.06106
0.57 1.06176
0.6 1.06246
0.63 1.06316
0.66 1.06386
0.69 1.06456
0.72 1.06526
0.75 1.06597
0.78 1.06667
0.81 1.06737
0.84 1.06808
0.87 1.06878
0.9 1.06949
0.93 1.07019
0.96 1.0709
0.99 1.0716
1.02 1.07231
1.05 1.07302
1.08 1.07372
1.11 1.07443
1.14 1.07514
1.17 1.07585
1.2 1.07656
1.23 1.07727
1.26 1.07798
1.29 1.07869
1.32 1.0794
1.35 1.08011
1.38 1.08082
1.41 1.08153
1.44 1.08224
1.47 1.08296
1.5 1.08367
1.53 1.08439
1.56 1.0851
1.59 1.08582
1.62 1.08653
1.65 1.08725
1.68 1.08796
1.71 1.08868
1.74 1.0894
1.77 1.09012
1.8 1.09084
1.83 1.09156
1.86 1.09227
1.89 1.093
1.92 1.09372
1.95 1.09444
1.98 1.09516
2.01 1.09588
2.04 1.0966
2.07 1.09733
2.1 1.09805
2.13 1.09878
2.16 1.0995
2.19 1.10023
2.22 1.10095
2.25 1.10168
2.28 1.10241
2.31 1.10313
2.34 1.10386
2.37 1.10459
2.4 1.10532
2.43 1.10605
2.46 1.10678
2.49 1.10751
2.52 1.10824
2.55 1.10898
2.58 1.10971
2.61 1.11044
2.64 1.11118
2.67 1.11191
2.7 1.11265
2.73 1.11338
2.76 1.11412
2.79 1.11485
2.82 1.11559
2.85 1.11633
2.88 1.11707
2.91 1.11781
2.94 1.11855
2.97 1.11929
3 1.12003
3.03 1.12077
3.06 1.12151
3.09 1.12226
3.12 1.123
3.15 1.12375
3.18 1.12449
3.21 1.12524
3.24 1.12598
3.27 1.12673
3.3 1.12748
3.33 1.12822
3.36 1.12897
3.39 1.12972
3.42 1.13047
3.45 1.13122
3.48 1.13198
3.51 1.13273
3.54 1.13348
3.57 1.13424
3.6 1.13499
3.63 1.13574
3.66 1.1365
3.69 1.13726
3.72 1.13801
3.75 1.13877
3.78 1.13953
3.81 1.14029
3.84 1.14105
3.87 1.14181
3.9 1.14257
3.93 1.14333
3.96 1.1441
3.99 1.14486
4.02 1.14562
4.05 1.14639
4.08 1.14716
4.11 1.14792
4.14 1.14869
4.17 1.14946
4.2 1.15023
4.23 1.151
4.26 1.15177
4.29 1.15254
4.32 1.15331
4.35 1.15408
4.38 1.15486
4.41 1.15563
4.44 1.15641
4.47 1.15718
4.5 1.15796
4.53 1.15874
4.56 1.15951
4.59 1.16029
4.62 1.16107
4.65 1.16185
4.68 1.16263
4.71 1.16342
4.74 1.1642
4.77 1.16498
4.8 1.16577
4.83 1.16656
4.86 1.16734
4.89 1.16813
4.92 1.16892
4.95 1.16971
4.98 1.1705
5.01 1.17129
5.04 1.17208
5.07 1.17287
5.1 1.17367
5.13 1.17446
5.16 1.17526
5.19 1.17605
5.22 1.17685
5.25 1.17765
5.28 1.17845
5.31 1.17925
5.34 1.18005
5.37 1.18085
5.4 1.18165
5.43 1.18246
5.46 1.18326
5.49 1.18407
5.52 1.18487
5.55 1.18568
5.58 1.18649
5.61 1.1873
5.64 1.18811
5.67 1.18892
5.7 1.18973
5.73 1.19055
5.76 1.19136
5.79 1.19218
5.82 1.19299
5.85 1.19381
5.88 1.19463
5.91 1.19545
5.94 1.19627
5.97 1.19709
6 1.19791
6.03 1.19874
6.06 1.19956
6.09 1.20039
6.12 1.20121
6.15 1.20204
6.18 1.20287
6.21 1.2037
6.24 1.20453
6.27 1.20536
6.3 1.2062
6.33 1.20703
6.36 1.20787
6.39 1.2087
6.42 1.20954
6.45 1.21038
6.48 1.21122
6.51 1.21206
6.54 1.2129
6.57 1.21375
6.6 1.21459
6.63 1.21544
6.66 1.21628
6.69 1.21713
6.72 1.21798
6.75 1.21883
6.78 1.21968
6.81 1.22053
6.84 1.22139
6.87 1.22224
6.9 1.2231
6.93 1.22396
6.96 1.22482
6.99 1.22568
7.02 1.22654
7.05 1.2274
7.08 1.22826
7.11 1.22913
7.14 1.22999
7.17 1.23086
7.2 1.23173
7.23 1.2326
7.26 1.23347
7.29 1.23434
7.32 1.23522
7.35 1.23609
7.38 1.23697
7.41 1.23785
7.44 1.23873
7.47 1.23961
7.5 1.24049
7.53 1.24137
7.56 1.24226
7.59 1.24314
7.62 1.24403
7.65 1.24492
7.68 1.24581
7.71 1.2467
7.74 1.24759
7.77 1.24849
7.8 1.24938
7.83 1.25028
7.86 1.25118
7.89 1.25208
7.92 1.25298
7.95 1.25388
7.98 1.25479
8.01 1.25569
8.04 1.2566
8.07 1.25751
8.1 1.25842
8.13 1.25933
8.16 1.26024
8.19 1.26116
8.22 1.26207
8.25 1.26299
8.28 1.26391
8.31 1.26483
8.34 1.26575
8.37 1.26668
8.4 1.2676
8.43 1.26853
8.46 1.26946
8.49 1.27039
8.52 1.27132
8.55 1.27225
8.58 1.27319
8.61 1.27413
8.64 1.27506
8.67 1.276
8.7 1.27695
8.73 1.27789
8.76 1.27883
8.79 1.27978
8.82 1.28073
8.85 1.28168
8.88 1.28263
8.91 1.28358
8.94 1.28454
8.97 1.2855
9 1.28645
9.03 1.28742
9.06 1.28838
9.09 1.28934
9.12 1.29031
9.15 1.29127
9.18 1.29224
9.21 1.29321
9.24 1.29419
9.27 1.29516
9.3 1.29614
9.33 1.29712
9.36 1.2981
9.39 1.29908
9.42 1.30006
9.45 1.30105
9.48 1.30204
9.51 1.30303
9.54 1.30402
9.57 1.30501
9.6 1.30601
9.63 1.307
9.66 1.308
9.69 1.30901
9.72 1.31001
9.75 1.31101
9.78 1.31202
9.81 1.31303
9.84 1.31404
9.87 1.31506
9.9 1.31607
9.93 1.31709
9.96 1.31811
9.99 1.31913
10.02 1.32015
10.05 1.32118
10.08 1.32221
10.11 1.32324
10.14 1.32427
10.17 1.3253
10.2 1.32634
10.23 1.32738
10.26 1.32842
10.29 1.32946
10.32 1.33051
10.35 1.33156
10.38 1.33261
10.41 1.33366
10.44 1.33471
10.47 1.33577
10.5 1.33683
10.53 1.33789
10.56 1.33895
10.59 1.34002
10.62 1.34109
10.65 1.34216
10.68 1.34323
10.71 1.3443
10.74 1.34538
10.77 1.34646
10.8 1.34754
10.83 1.34863
10.86 1.34972
10.89 1.35081
10.92 1.3519
10.95 1.35299
10.98 1.35409
11.01 1.35519
11.04 1.35629
11.07 1.3574
11.1 1.3585
11.13 1.35961
11.16 1.36072
11.19 1.36184
11.22 1.36296
11.25 1.36408
11.28 1.3652
11.31 1.36633
11.34 1.36745
11.37 1.36858
11.4 1.36972
11.43 1.37085
11.46 1.37199
11.49 1.37313
11.52 1.37428
11.55 1.37543
11.58 1.37658
11.61 1.37773
11.64 1.37889
11.67 1.38004
11.7 1.38121
11.73 1.38237
11.76 1.38354
11.79 1.38471
11.82 1.38588
11.85 1.38706
11.88 1.38823
11.91 1.38942
11.94 1.3906
11.97 1.39179
12 1.39298
12.03 1.39417
12.06 1.39537
12.09 1.39657
12.12 1.39778
12.15 1.39898
12.18 1.40019
12.21 1.4014
12.24 1.40262
12.27 1.40384
12.3 1.40506
12.33 1.40629
12.36 1.40752
12.39 1.40875
12.42 1.40998
12.45 1.41122
12.48 1.41246
12.51 1.41371
12.54 1.41496
12.57 1.41621
12.6 1.41747
12.63 1.41873
12.66 1.41999
12.69 1.42125
12.72 1.42252
12.75 1.4238
12.78 1.42507
12.81 1.42635
12.84 1.42764
12.87 1.42892
12.9 1.43022
12.93 1.43151
12.96 1.43281
12.99 1.43411
13.02 1.43542
13.05 1.43673
13.08 1.43804
13.11 1.43936
13.14 1.44068
13.17 1.442
13.2 1.44333
13.23 1.44466
13.26 1.446
13.29 1.44734
13.32 1.44868
13.35 1.45003
13.38 1.45138
13.41 1.45274
13.44 1.4541
13.47 1.45547
13.5 1.45684
13.53 1.45821
13.56 1.45959
13.59 1.46097
13.62 1.46235
13.65 1.46374
13.68 1.46514
13.71 1.46653
13.74 1.46794
13.77 1.46934
13.8 1.47076
13.83 1.47217
13.86 1.47359
13.89 1.47502
13.92 1.47645
13.95 1.47788
13.98 1.47932
14.01 1.48076
14.04 1.48221
14.07 1.48366
14.1 1.48512
14.13 1.48658
14.16 1.48805
14.19 1.48952
14.22 1.491
14.25 1.49248
14.28 1.49396
14.31 1.49545
14.34 1.49695
14.37 1.49845
14.4 1.49996
14.43 1.50147
14.46 1.50298
14.49 1.5045
14.52 1.50603
14.55 1.50756
14.58 1.5091
14.61 1.51064
14.64 1.51219
14.67 1.51374
14.7 1.5153
14.73 1.51686
14.76 1.51843
14.79 1.52001
14.82 1.52159
14.85 1.52317
14.88 1.52476
14.91 1.52636
14.94 1.52796
14.97 1.52957
15 1.53119
15.03 1.53281
15.06 1.53443
15.09 1.53607
15.12 1.5377
15.15 1.53935
15.18 1.541
15.21 1.54265
15.24 1.54431
15.27 1.54598
15.3 1.54766
15.33 1.54934
15.36 1.55102
15.39 1.55272
15.42 1.55442
15.45 1.55612
15.48 1.55784
15.51 1.55956
15.54 1.56128
15.57 1.56301
15.6 1.56475
15.63 1.5665
15.66 1.56825
15.69 1.57001
15.72 1.57178
15.75 1.57355
15.78 1.57533
15.81 1.57712
15.84 1.57891
15.87 1.58072
15.9 1.58252
15.93 1.58434
15.96 1.58616
15.99 1.58799
16.02 1.58983
16.05 1.59168
16.08 1.59353
16.11 1.59539
16.14 1.59726
16.17 1.59914
16.2 1.60102
16.23 1.60291
16.26 1.60481
16.29 1.60672
16.32 1.60864
16.35 1.61056
16.38 1.61249
16.41 1.61443
16.44 1.61638
16.47 1.61834
16.5 1.62031
16.53 1.62228
16.56 1.62426
16.59 1.62625
16.62 1.62825
16.65 1.63026
16.68 1.63228
16.71 1.63431
16.74 1.63634
16.77 1.63839
16.8 1.64044
16.83 1.6425
16.86 1.64457
16.89 1.64666
16.92 1.64875
16.95 1.65085
16.98 1.65296
17.01 1.65508
17.04 1.65721
17.07 1.65935
17.1 1.66149
17.13 1.66365
17.16 1.66582
17.19 1.668
17.22 1.67019
17.25 1.67239
17.28 1.6746
17.31 1.67682
17.34 1.67905
17.37 1.6813
17.4 1.68355
17.43 1.68581
17.46 1.68809
17.49 1.69037
17.52 1.69267
17.55 1.69498
17.58 1.6973
17.61 1.69963
17.64 1.70197
17.67 1.70432
17.7 1.70669
17.73 1.70907
17.76 1.71146
17.79 1.71386
17.82 1.71627
17.85 1.7187
17.88 1.72114
17.91 1.72359
17.94 1.72605
17.97 1.72853
18 1.73101
18.03 1.73352
18.06 1.73603
18.09 1.73856
18.12 1.7411
18.15 1.74365
18.18 1.74622
18.21 1.7488
18.24 1.7514
18.27 1.75401
18.3 1.75663
18.33 1.75927
18.36 1.76192
18.39 1.76458
18.42 1.76726
18.45 1.76996
18.48 1.77267
18.51 1.77539
18.54 1.77813
18.57 1.78089
18.6 1.78366
18.63 1.78644
18.66 1.78924
18.69 1.79206
18.72 1.79489
18.75 1.79774
18.78 1.8006
18.81 1.80348
18.84 1.80638
18.87 1.80929
18.9 1.81222
18.93 1.81517
18.96 1.81813
18.99 1.82111
19.02 1.82411
19.05 1.82713
19.08 1.83016
19.11 1.83321
19.14 1.83628
19.17 1.83937
19.2 1.84247
19.23 1.8456
19.26 1.84874
19.29 1.8519
19.32 1.85508
19.35 1.85828
19.38 1.8615
19.41 1.86474
19.44 1.86799
19.47 1.87127
19.5 1.87457
19.53 1.87789
19.56 1.88123
19.59 1.88458
19.62 1.88796
19.65 1.89136
19.68 1.89479
19.71 1.89823
19.74 1.90169
19.77 1.90518
19.8 1.90869
19.83 1.91222
19.86 1.91577
19.89 1.91934
19.92 1.92294
19.95 1.92656
19.98 1.9302
20.01 1.93387
20.04 1.93756
20.07 1.94128
20.1 1.94501
20.13 1.94878
20.16 1.95256
20.19 1.95637
20.22 1.96021
20.25 1.96407
20.28 1.96796
20.31 1.97187
20.34 1.97581
20.37 1.97977
20.4 1.98376
20.43 1.98778
20.46 1.99182
20.49 1.99589
20.52 1.99998
20.55 2.00411
20.58 2.00826
20.61 2.01244
20.64 2.01665
20.67 2.02088
20.7 2.02514
20.73 2.02944
20.76 2.03376
20.79 2.03811
20.82 2.04249
20.85 2.0469
20.88 2.05134
20.91 2.05581
20.94 2.06031
20.97 2.06484
21 2.0694
21.03 2.074
21.06 2.07862
21.09 2.08328
21.12 2.08797
21.15 2.09269
21.18 2.09744
21.21 2.10223
21.24 2.10705
21.27 2.1119
21.3 2.11678
21.33 2.1217
21.36 2.12665
21.39 2.13164
21.42 2.13666
21.45 2.14172
21.48 2.14681
21.51 2.15194
21.54 2.1571
21.57 2.16229
21.6 2.16753
21.63 2.1728
21.66 2.1781
21.69 2.18344
21.72 2.18882
21.75 2.19424
21.78 2.19969
21.81 2.20518
21.84 2.21071
21.87 2.21628
21.9 2.22188
21.93 2.22752
21.96 2.23321
21.99 2.23893
22.02 2.24468
22.05 2.25048
22.08 2.25632
22.11 2.2622
22.14 2.26811
22.17 2.27407
22.2 2.28007
22.23 2.28611
22.26 2.29218
22.29 2.2983
22.32 2.30446
22.35 2.31066
22.38 2.3169
22.41 2.32318
22.44 2.32951
22.47 2.33587
22.5 2.34228
22.53 2.34873
22.56 2.35522
22.59 2.36175
22.62 2.36832
22.65 2.37494
22.68 2.3816
22.71 2.3883
22.74 2.39504
22.77 2.40182
22.8 2.40865
22.83 2.41552
22.86 2.42243
22.89 2.42938
22.92 2.43638
22.95 2.44341
22.98 2.45049
23.01 2.45761
23.04 2.46478
23.07 2.47198
23.1 2.47923
23.13 2.48652
23.16 2.49385
23.19 2.50122
23.22 2.50863
23.25 2.51608
23.28 2.52358
23.31 2.53111
23.34 2.53869
23.37 2.5463
23.4 2.55396
23.43 2.56165
23.46 2.56939
23.49 2.57716
23.52 2.58497
23.55 2.59282
23.58 2.60071
23.61 2.60863
23.64 2.61659
23.67 2.62459
23.7 2.63263
23.73 2.6407
23.76 2.6488
23.79 2.65694
23.82 2.66512
23.85 2.67333
23.88 2.68157
23.91 2.68984
23.94 2.69815
23.97 2.70649
24 2.71486
24.03 2.72325
24.06 2.73168
24.09 2.74014
24.12 2.74862
24.15 2.75713
24.18 2.76567
24.21 2.77423
24.24 2.78282
24.27 2.79143
24.3 2.80007
24.33 2.80872
24.36 2.8174
24.39 2.8261
24.42 2.83481
24.45 2.84355
24.48 2.8523
24.51 2.86107
24.54 2.86985
24.57 2.87865
24.6 2.88746
24.63 2.89629
24.66 2.90512
24.69 2.91397
24.72 2.92282
24.75 2.93169
24.78 2.94055
24.81 2.94943
24.84 2.95831
24.87 2.96719
24.9 2.97607
24.93 2.98495
24.96 2.99384
24.99 3.00272
25.02 3.0116
25.05 3.02047
25.08 3.02934
25.11 3.0382
25.14 3.04706
25.17 3.0559
25.2 3.06474
25.23 3.07356
25.26 3.08237
25.29 3.09116
25.32 3.09994
25.35 3.10871
25.38 3.11745
25.41 3.12618
25.44 3.13488
25.47 3.14356
25.5 3.15222
25.53 3.16086
25.56 3.16947
25.59 3.17805
25.62 3.1866
25.65 3.19512
25.68 3.20362
25.71 3.21208
25.74 3.22051
25.77 3.2289
25.8 3.23726
25.83 3.24558
25.86 3.25387
25.89 3.26211
25.92 3.27032
25.95 3.27849
25.98 3.28661
26.01 3.29469
26.04 3.30273
26.07 3.31072
26.1 3.31866
26.13 3.32656
26.16 3.33441
26.19 3.34221
26.22 3.34996
26.25 3.35766
26.28 3.36531
26.31 3.37291
26.34 3.38046
26.37 3.38795
26.4 3.39538
26.43 3.40276
26.46 3.41009
26.49 3.41736
26.52 3.42457
26.55 3.43172
26.58 3.43882
26.61 3.44585
26.64 3.45283
26.67 3.45975
26.7 3.4666
26.73 3.4734
26.76 3.48013
26.79 3.48681
26.82 3.49342
26.85 3.49997
26.88 3.50645
26.91 3.51287
26.94 3.51923
26.97 3.52553
27 3.53176
27.03 3.53793
27.06 3.54404
27.09 3.55008
27.12 3.55605
27.15 3.56197
27.18 3.56782
27.21 3.5736
27.24 3.57932
27.27 3.58497
27.3 3.59057
27.33 3.59609
27.36 3.60156
27.39 3.60695
27.42 3.61229
27.45 3.61756
27.48 3.62277
27.51 3.62791
27.54 3.63299
27.57 3.63801
27.6 3.64297
27.63 3.64786
27.66 3.65269
27.69 3.65746
27.72 3.66217
27.75 3.66681
27.78 3.6714
27.81 3.67592
27.84 3.68039
27.87 3.68479
27.9 3.68914
27.93 3.69342
27.96 3.69765
27.99 3.70182
28.02 3.70593
28.05 3.70998
28.08 3.71398
28.11 3.71792
28.14 3.7218
28.17 3.72563
28.2 3.72941
28.23 3.73312
28.26 3.73679
28.29 3.7404
28.32 3.74396
28.35 3.74746
28.38 3.75092
28.41 3.75432
28.44 3.75767
28.47 3.76097
28.5 3.76422
28.53 3.76742
28.56 3.77057
28.59 3.77368
28.62 3.77673
28.65 3.77974
28.68 3.7827
28.71 3.78562
28.74 3.78849
28.77 3.79131
28.8 3.79409
28.83 3.79683
28.86 3.79952
28.89 3.80217
28.92 3.80478
28.95 3.80734
28.98 3.80987
29.01 3.81235
29.04 3.8148
29.07 3.8172
29.1 3.81956
29.13 3.82189
29.16 3.82418
29.19 3.82643
29.22 3.82864
29.25 3.83082
29.28 3.83296
29.31 3.83506
29.34 3.83713
29.37 3.83917
29.4 3.84117
29.43 3.84314
29.46 3.84508
29.49 3.84698
29.52 3.84885
29.55 3.85069
29.58 3.8525
29.61 3.85428
29.64 3.85602
29.67 3.85774
29.7 3.85943
29.73 3.86109
29.76 3.86272
29.79 3.86433
29.82 3.8659
29.85 3.86745
29.88 3.86898
29.91 3.87047
29.94 3.87194
29.97 3.87339
30 3.87481
30.001 0
