0 -10
0.03 -8.71437
0.06 -8.71432
0.09 -8.71428
0.12 -8.71424
0.15 -8.7142
0.18 -8.71416
0.21 -8.71412
0.24 -8.71408
0.27 -8.71404
0.3 -8.714
0.33 -8.71396
0.36 -8.71392
0.39 -8.71388
0.42 -8.71384
0.45 -8.7138
0.48 -8.71376
0.51 -8.71372
0.54 -8.71368
0.57 -8.71364
0.6 -8.7136
0.63 -8.71356
0.66 -8.71353
0.69 -8.71349
0.72 -8.71345
0.75 -8.71341
0.78 -8.71337
0.81 -8.71333
0.84 -8.71329
0.87 -8.71325
0.9 -8.71321
0.93 -8.71317
0.96 -8.71313
0.99 -8.71309
1.02 -8.71306
1.05 -8.71302
1.08 -8.71298
1.11 -8.71294
1.14 -8.7129
1.17 -8.71286
1.2 -8.71282
1.23 -8.71278
1.26 -8.71275
1.29 -8.71271
1.32 -8.71267
1.35 -8.71263
1.38 -8.71259
1.41 -8.71255
1.44 -8.71252
1.47 -8.71248
1.5 -8.71244
1.53 -8.7124
1.56 -8.71236
1.59 -8.71233
1.62 -8.71229
1.65 -8.71225
1.68 -8.71221
1.71 -8.71218
1.74 -8.71214
1.77 -8.7121
1.8 -8.71206
1.83 -8.71203
1.86 -8.71199
1.89 -8.71195
1.92 -8.71191
1.95 -8.71188
1.98 -8.71184
2.01 -8.7118
2.04 -8.71177
2.07 -8.71173
2.1 -8.71169
2.13 -8.71165
2.16 -8.71162
2.19 -8.71158
2.22 -8.71154
2.25 -8.71151
2.28 -8.71147
2.31 -8.71143
2.34 -8.7114
2.37 -8.71136
2.4 -8.71132
2.43 -8.71129
2.46 -8.71125
2.49 -8.71122
2.52 -8.71118
2.55 -8.71114
2.58 -8.71111
2.61 -8.71107
2.64 -8.71103
2.67 -8.711
2.7 -8.71096
2.73 -8.71093
2.76 -8.71089
2.79 -8.71085
2.82 -8.71082
2.85 -8.71078
2.88 -8.71075
2.91 -8.71071
2.94 -8.71068
2.97 -8.71064
3 -8.71061
3.03 -8.71057
3.06 -8.71054
3.09 -8.7105
3.12 -8.71046
3.15 -8.71043
3.18 -8.71039
3.21 -8.71036
3.24 -8.71032
3.27 -8.71029
3.3 -8.71025
3.33 -8.71022
3.36 -8.71018
3.39 -8.71015
3.42 -8.71012
3.45 -8.71008
3.48 -8.71005
3.51 -8.71001
3.54 -8.70998
3.57 -8.70994
3.6 -8.70991
3.63 -8.70987
3.66 -8.70984
3.69 -8.70981
3.72 -8.70977
3.75 -8.70974
3.78 -8.7097
3.81 -8.70967
3.84 -8.70964
3.87 -8.7096
3.9 -8.70957
3.93 -8.70953
3.96 -8.7095
3.99 -8.70947
4.02 -8.70943
4.05 -8.7094
4.08 -8.70937
4.11 -8.70933
4.14 -8.7093
4.17 -8.70927
4.2 -8.70923
4.23 -8.7092
4.26 -8.70917
4.29 -8.70913
4.32 -8.7091
4.35 -8.70907
4.38 -8.70903
4.41 -8.709
4.44 -8.70897
4.47 -8.70893
4.5 -8.7089
4.53 -8.70887
4.56 -8.70884
4.59 -8.7088
4.62 -8.70877
4.65 -8.70874
4.68 -8.70871
4.71 -8.70867
4.74 -8.70864
4.77 -8.70861
4.8 -8.70858
4.83 -8.70854
4.86 -8.70851
4.89 -8.70848
4.92 -8.70845
4.95 -8.70842
4.98 -8.70838
5.01 -8.70835
5.04 -8.70832
5.07 -8.70829
5.1 -8.70826
5.13 -8.70823
5.16 -8.70819
5.19 -8.70816
5.22 -8.70813
5.25 -8.7081
5.28 -8.70807
5.31 -8.70804
5.34 -8.70801
5.37 -8.70797
5.4 -8.70794
5.43 -8.70791
5.46 -8.70788
5.49 -8.70785
5.52 -8.70782
5.55 -8.70779
5.58 -8.70776
5.61 -8.70773
5.64 -8.7077
5.67 -8.70767
5.7 -8.70763
5.73 -8.7076
5.76 -8.70757
5.79 -8.70754
5.82 -8.70751
5.85 -8.70748
5.88 -8.70745
5.91 -8.70742
5.94 -8.70739
5.97 -8.70736
6 -8.70733
6.03 -8.7073
6.06 -8.70727
6.09 -8.70724
6.12 -8.70721
6.15 -8.70718
6.18 -8.70715
6.21 -8.70712
6.24 -8.70709
6.27 -8.70706
6.3 -8.70703
6.33 -8.70701
6.36 -8.70698
6.39 -8.70695
6.42 -8.70692
6.45 -8.70689
6.48 -8.70686
6.51 -8.70683
6.54 -8.7068
6.57 -8.70677
6.6 -8.70674
6.63 -8.70671
6.66 -8.70669
6.69 -8.70666
6.72 -8.70663
6.75 -8.7066
6.78 -8.70657
6.81 -8.70654
6.84 -8.70651
6.87 -8.70649
6.9 -8.70646
6.93 -8.70643
6.96 -8.7064
6.99 -8.70637
7.02 -8.70635
7.05 -8.70632
7.08 -8.70629
7.11 -8.70626
7.14 -8.70623
7.17 -8.70621
7.2 -8.70618
7.23 -8.70615
7.26 -8.70612
7.29 -8.7061
7.32 -8.70607
7.35 -8.70604
7.38 -8.70601
7.41 -8.70599
7.44 -8.70596
7.47 -8.70593
7.5 -8.70591
7.53 -8.70588
7.56 -8.70585
7.59 -8.70583
7.62 -8.7058
7.65 -8.70577
7.68 -8.70574
7.71 -8.70572
7.74 -8.70569
7.77 -8.70567
7.8 -8.70564
7.83 -8.70561
7.86 -8.70559
7.89 -8.70556
7.92 -8.70553
7.95 -8.70551
7.98 -8.70548
8.01 -8.70546
8.04 -8.70543
8.07 -8.7054
8.1 -8.70538
8.13 -8.70535
8.16 -8.70533
8.19 -8.7053
8.22 -8.70528
8.25 -8.70525
8.28 -8.70523
8.31 -8.7052
8.34 -8.70518
8.37 -8.70515
8.4 -8.70513
8.43 -8.7051
8.46 -8.70508
8.49 -8.70505
8.52 -8.70503
8.55 -8.705
8.58 -8.70498
8.61 -8.70495
8.64 -8.70493
8.67 -8.7049
8.7 -8.70488
8.73 -8.70486
8.76 -8.70483
8.79 -8.70481
8.82 -8.70478
8.85 -8.70476
8.88 -8.70474
8.91 -8.70471
8.94 -8.70469
8.97 -8.70466
9 -8.70464
9.03 -8.70462
9.06 -8.70459
9.09 -8.70457
9.12 -8.70455
9.15 -8.70452
9.18 -8.7045
9.21 -8.70448
9.24 -8.70446
9.27 -8.70443
9.3 -8.70441
9.33 -8.70439
9.36 -8.70437
9.39 -8.70434
9.42 -8.70432
9.45 -8.7043
9.48 -8.70428
9.51 -8.70425
9.54 -8.70423
9.57 -8.70421
9.6 -8.70419
9.63 -8.70417
9.66 -8.70414
9.69 -8.70412
9.72 -8.7041
9.75 -8.70408
9.78 -8.70406
9.81 -8.70404
9.84 -8.70401
9.87 -8.70399
9.9 -8.70397
9.93 -8.70395
9.96 -8.70393
9.99 -8.70391
10.02 -8.70389
10.05 -8.70387
10.08 -8.70385
10.11 -8.70383
10.14 -8.70381
10.17 -8.70379
10.2 -8.70377
10.23 -8.70375
10.26 -8.70373
10.29 -8.70371
10.32 -8.70369
10.35 -8.70367
10.38 -8.70365
10.41 -8.70363
10.44 -8.70361
10.47 -8.70359
10.5 -8.70357
10.53 -8.70355
10.56 -8.70353
10.59 -8.70351
10.62 -8.70349
10.65 -8.70348
10.68 -8.70346
10.71 -8.70344
10.74 -8.70342
10.77 -8.7034
10.8 -8.70338
10.83 -8.70337
10.86 -8.70335
10.89 -8.70333
10.92 -8.70331
10.95 -8.70329
10.98 -8.70328
11.01 -8.70326
11.04 -8.70324
11.07 -8.70322
11.1 -8.70321
11.13 -8.70319
11.16 -8.70317
11.19 -8.70316
11.22 -8.70314
11.25 -8.70312
11.28 -8.70311
11.31 -8.70309
11.34 -8.70307
11.37 -8.70306
11.4 -8.70304
11.43 -8.70303
11.46 -8.70301
11.49 -8.703
11.52 -8.70298
11.55 -8.70296
11.58 -8.70295
11.61 -8.70293
11.64 -8.70292
11.67 -8.7029
11.7 -8.70289
11.73 -8.70287
11.76 -8.70286
11.79 -8.70285
11.82 -8.70283
11.85 -8.70282
11.88 -8.7028
11.91 -8.70279
11.94 -8.70278
11.97 -8.70276
12 -8.70275
12.03 -8.70273
12.06 -8.70272
12.09 -8.70271
12.12 -8.7027
12.15 -8.70268
12.18 -8.70267
12.21 -8.70266
12.24 -8.70265
12.27 -8.70263
12.3 -8.70262
12.33 -8.70261
12.36 -8.7026
12.39 -8.70259
12.42 -8.70257
12.45 -8.70256
12.48 -8.70255
12.51 -8.70254
12.54 -8.70253
12.57 -8.70252
12.6 -8.70251
12.63 -8.7025
12.66 -8.70249
12.69 -8.70248
12.72 -8.70247
12.75 -8.70246
12.78 -8.70245
12.81 -8.70244
12.84 -8.70243
12.87 -8.70242
12.9 -8.70241
12.93 -8.7024
12.96 -8.70239
12.99 -8.70238
13.02 -8.70238
13.05 -8.70237
13.08 -8.70236
13.11 -8.70235
13.14 -8.70234
13.17 -8.70234
13.2 -8.70233
13.23 -8.70232
13.26 -8.70231
13.29 -8.70231
13.32 -8.7023
13.35 -8.7023
13.38 -8.70229
13.41 -8.70228
13.44 -8.70228
13.47 -8.70227
13.5 -8.70227
13.53 -8.70226
13.56 -8.70226
13.59 -8.70225
13.62 -8.70225
13.65 -8.70224
13.68 -8.70224
13.71 -8.70223
13.74 -8.70223
13.77 -8.70223
13.8 -8.70222
13.83 -8.70222
13.86 -8.70222
13.89 -8.70221
13.92 -8.70221
13.95 -8.70221
13.98 -8.70221
14.01 -8.7022
14.04 -8.7022
14.07 -8.7022
14.1 -8.7022
14.13 -8.7022
14.16 -8.7022
14.19 -8.7022
14.22 -8.7022
14.25 -8.7022
14.28 -8.7022
14.31 -8.7022
14.34 -8.7022
14.37 -8.7022
14.4 -8.7022
14.43 -8.7022
14.46 -8.7022
14.49 -8.70221
14.52 -8.70221
14.55 -8.70221
14.58 -8.70221
14.61 -8.70222
14.64 -8.70222
14.67 -8.70222
14.7 -8.70223
14.73 -8.70223
14.76 -8.70224
14.79 -8.70224
14.82 -8.70225
14.85 -8.70225
14.88 -8.70226
14.91 -8.70226
14.94 -8.70227
14.97 -8.70227
15 -8.70228
15.03 -8.70229
15.06 -8.7023
15.09 -8.7023
15.12 -8.70231
15.15 -8.70232
15.18 -8.70233
15.21 -8.70234
15.24 -8.70235
15.27 -8.70236
15.3 -8.70236
15.33 -8.70238
15.36 -8.70239
15.39 -8.7024
15.42 -8.70241
15.45 -8.70242
15.48 -8.70243
15.51 -8.70244
15.54 -8.70246
15.57 -8.70247
15.6 -8.70248
15.63 -8.7025
15.66 -8.70251
15.69 -8.70252
15.72 -8.70254
15.75 -8.70255
15.78 -8.70257
15.81 -8.70259
15.84 -8.7026
15.87 -8.70262
15.9 -8.70264
15.93 -8.70265
15.96 -8.70267
15.99 -8.70269
16.02 -8.70271
16.05 -8.70273
16.08 -8.70275
16.11 -8.70277
16.14 -8.70279
16.17 -8.70281
16.2 -8.70283
16.23 -8.70285
16.26 -8.70287
16.29 -8.7029
16.32 -8.70292
16.35 -8.70294
16.38 -8.70297
16.41 -8.70299
16.44 -8.70302
16.47 -8.70304
16.5 -8.70307
16.53 -8.7031
16.56 -8.70312
16.59 -8.70315
16.62 -8.70318
16.65 -8.70321
16.68 -8.70324
16.71 -8.70327
16.74 -8.7033
16.77 -8.70333
16.8 -8.70336
16.83 -8.70339
16.86 -8.70342
16.89 -8.70346
16.92 -8.70349
16.95 -8.70352
16.98 -8.70356
17.01 -8.70359
17.04 -8.70363
17.07 -8.70367
17.1 -8.7037
17.13 -8.70374
17.16 -8.70378
17.19 -8.70382
17.22 -8.70386
17.25 -8.7039
17.28 -8.70394
17.31 -8.70398
17.34 -8.70402
17.37 -8.70407
17.4 -8.70411
17.43 -8.70416
17.46 -8.7042
17.49 -8.70425
17.52 -8.70429
17.55 -8.70434
17.58 -8.70439
17.61 -8.70444
17.64 -8.70449
17.67 -8.70454
17.7 -8.70459
17.73 -8.70464
17.76 -8.70469
17.79 -8.70475
17.82 -8.7048
17.85 -8.70485
17.88 -8.70491
17.91 -8.70497
17.94 -8.70502
17.97 -8.70508
18 -8.70514
18.03 -8.7052
18.06 -8.70526
18.09 -8.70532
18.12 -8.70539
18.15 -8.70545
18.18 -8.70552
18.21 -8.70558
18.24 -8.70565
18.27 -8.70571
18.3 -8.70578
18.33 -8.70585
18.36 -8.70592
18.39 -8.70599
18.42 -8.70607
18.45 -8.70614
18.48 -8.70621
18.51 -8.70629
18.54 -8.70637
18.57 -8.70644
18.6 -8.70652
18.63 -8.7066
18.66 -8.70668
18.69 -8.70677
18.72 -8.70685
18.75 -8.70693
18.78 -8.70702
18.81 -8.70711
18.84 -8.7072
18.87 -8.70728
18.9 -8.70737
18.93 -8.70747
18.96 -8.70756
18.99 -8.70765
19.02 -8.70775
19.05 -8.70785
19.08 -8.70795
19.11 -8.70804
19.14 -8.70815
19.17 -8.70825
19.2 -8.70835
19.23 -8.70846
19.26 -8.70856
19.29 -8.70867
19.32 -8.70878
19.35 -8.70889
19.38 -8.70901
19.41 -8.70912
19.44 -8.70924
19.47 -8.70935
19.5 -8.70947
19.53 -8.70959
19.56 -8.70972
19.59 -8.70984
19.62 -8.70997
19.65 -8.71009
19.68 -8.71022
19.71 -8.71035
19.74 -8.71048
19.77 -8.71062
19.8 -8.71076
19.83 -8.71089
19.86 -8.71103
19.89 -8.71117
19.92 -8.71132
19.95 -8.71146
19.98 -8.71161
20.01 -8.71176
20.04 -8.71191
20.07 -8.71207
20.1 -8.71222
20.13 -8.71238
20.16 -8.71254
20.19 -8.7127
20.22 -8.71287
20.25 -8.71303
20.28 -8.7132
20.31 -8.71337
20.34 -8.71354
20.37 -8.71372
20.4 -8.7139
20.43 -8.71408
20.46 -8.71426
20.49 -8.71445
20.52 -8.71463
20.55 -8.71482
20.58 -8.71502
20.61 -8.71521
20.64 -8.71541
20.67 -8.71561
20.7 -8.71581
20.73 -8.71602
20.76 -8.71623
20.79 -8.71644
20.82 -8.71665
20.85 -8.71687
20.88 -8.71709
20.91 -8.71731
20.94 -8.71754
20.97 -8.71777
21 -8.718
21.03 -8.71824
21.06 -8.71847
21.09 -8.71872
21.12 -8.71896
21.15 -8.71921
21.18 -8.71946
21.21 -8.71971
21.24 -8.71997
21.27 -8.72023
21.3 -8.7205
21.33 -8.72077
21.36 -8.72104
21.39 -8.72131
21.42 -8.72159
21.45 -8.72188
21.48 -8.72216
21.51 -8.72245
21.54 -8.72275
21.57 -8.72304
21.6 -8.72335
21.63 -8.72365
21.66 -8.72396
21.69 -8.72428
21.72 -8.7246
21.75 -8.72492
21.78 -8.72524
21.81 -8.72558
21.84 -8.72591
21.87 -8.72625
21.9 -8.7266
21.93 -8.72694
21.96 -8.7273
21.99 -8.72766
22.02 -8.72802
22.05 -8.72839
22.08 -8.72876
22.11 -8.72914
22.14 -8.72952
22.17 -8.7299
22.2 -8.7303
22.23 -8.73069
22.26 -8.7311
22.29 -8.7315
22.32 -8.73192
22.35 -8.73233
22.38 -8.73276
22.41 -8.73319
22.44 -8.73362
22.47 -8.73406
22.5 -8.73451
22.53 -8.73496
22.56 -8.73542
22.59 -8.73588
22.62 -8.73635
22.65 -8.73682
22.68 -8.7373
22.71 -8.73779
22.74 -8.73829
22.77 -8.73878
22.8 -8.73929
22.83 -8.7398
22.86 -8.74032
22.89 -8.74085
22.92 -8.74138
22.95 -8.74192
22.98 -8.74246
23.01 -8.74301
23.04 -8.74357
23.07 -8.74414
23.1 -8.74471
23.13 -8.74529
23.16 -8.74588
23.19 -8.74647
23.22 -8.74707
23.25 -8.74768
23.28 -8.74829
23.31 -8.74892
23.34 -8.74955
23.37 -8.75018
23.4 -8.75083
23.43 -8.75148
23.46 -8.75214
23.49 -8.75281
23.52 -8.75349
23.55 -8.75417
23.58 -8.75486
23.61 -8.75556
23.64 -8.75627
23.67 -8.75699
23.7 -8.75771
23.73 -8.75845
23.76 -8.75919
23.79 -8.75994
23.82 -8.76069
23.85 -8.76146
23.88 -8.76223
23.91 -8.76302
23.94 -8.76381
23.97 -8.76461
24 -8.76542
24.03 -8.76623
24.06 -8.76706
24.09 -8.76789
24.12 -8.76874
24.15 -8.76959
24.18 -8.77045
24.21 -8.77132
24.24 -8.7722
24.27 -8.77308
24.3 -8.77398
24.33 -8.77489
24.36 -8.7758
24.39 -8.77672
24.42 -8.77765
24.45 -8.77859
24.48 -8.77954
24.51 -8.7805
24.54 -8.78147
24.57 -8.78245
24.6 -8.78343
24.63 -8.78443
24.66 -8.78543
24.69 -8.78644
24.72 -8.78746
24.75 -8.78849
24.78 -8.78953
24.81 -8.79057
24.84 -8.79163
24.87 -8.79269
24.9 -8.79377
24.93 -8.79485
24.96 -8.79594
24.99 -8.79704
25.02 -8.79814
25.05 -8.79926
25.08 -8.80038
25.11 -8.80151
25.14 -8.80265
25.17 -8.8038
25.2 -8.80495
25.23 -8.80612
25.26 -8.80729
25.29 -8.80847
25.32 -8.80965
25.35 -8.81085
25.38 -8.81205
25.41 -8.81325
25.44 -8.81447
25.47 -8.81569
25.5 -8.81692
25.53 -8.81816
25.56 -8.8194
25.59 -8.82065
25.62 -8.82191
25.65 -8.82317
25.68 -8.82444
25.71 -8.82571
25.74 -8.82699
25.77 -8.82828
25.8 -8.82957
25.83 -8.83087
25.86 -8.83217
25.89 -8.83347
25.92 -8.83479
25.95 -8.8361
25.98 -8.83743
26.01 -8.83875
26.04 -8.84008
26.07 -8.84142
26.1 -8.84276
26.13 -8.8441
26.16 -8.84545
26.19 -8.84679
26.22 -8.84815
26.25 -8.8495
26.28 -8.85086
26.31 -8.85222
26.34 -8.85359
26.37 -8.85496
26.4 -8.85633
26.43 -8.8577
26.46 -8.85907
26.49 -8.86044
26.52 -8.86182
26.55 -8.8632
26.58 -8.86458
26.61 -8.86596
26.64 -8.86734
26.67 -8.86872
26.7 -8.8701
26.73 -8.87149
26.76 -8.87287
26.79 -8.87425
26.82 -8.87563
26.85 -8.87702
26.88 -8.8784
26.91 -8.87978
26.94 -8.88116
26.97 -8.88254
27 -8.88392
27.03 -8.8853
27.06 -8.88667
27.09 -8.88805
27.12 -8.88942
27.15 -8.89079
27.18 -8.89216
27.21 -8.89353
27.24 -8.89489
27.27 -8.89625
27.3 -8.89761
27.33 -8.89897
27.36 -8.90033
27.39 -8.90168
27.42 -8.90303
27.45 -8.90437
27.48 -8.90571
27.51 -8.90705
27.54 -8.90839
27.57 -8.90972
27.6 -8.91105
27.63 -8.91238
27.66 -8.9137
27.69 -8.91501
27.72 -8.91633
27.75 -8.91764
27.78 -8.91894
27.81 -8.92024
27.84 -8.92154
27.87 -8.92283
27.9 -8.92412
27.93 -8.9254
27.96 -8.92668
27.99 -8.92795
28.02 -8.92922
28.05 -8.93049
28.08 -8.93175
28.11 -8.933
28.14 -8.93425
28.17 -8.9355
28.2 -8.93673
28.23 -8.93797
28.26 -8.9392
28.29 -8.94042
28.32 -8.94164
28.35 -8.94285
28.38 -8.94406
28.41 -8.94526
28.44 -8.94646
28.47 -8.94765
28.5 -8.94884
28.53 -8.95002
28.56 -8.95119
28.59 -8.95236
28.62 -8.95353
28.65 -8.95468
28.68 -8.95584
28.71 -8.95698
28.74 -8.95812
28.77 -8.95926
28.8 -8.96039
28.83 -8.96151
28.86 -8.96263
28.89 -8.96374
28.92 -8.96485
28.95 -8.96595
28.98 -8.96705
29.01 -8.96813
29.04 -8.96922
29.07 -8.97029
29.1 -8.97137
29.13 -8.97243
29.16 -8.97349
29.19 -8.97455
29.22 -8.97559
29.25 -8.97664
29.28 -8.97767
29.31 -8.9787
29.34 -8.97973
29.37 -8.98074
29.4 -8.98176
29.43 -8.98276
29.46 -8.98376
29.49 -8.98476
29.52 -8.98575
29.55 -8.98673
29.58 -8.98771
29.61 -8.98868
29.64 -8.98965
29.67 -8.99061
29.7 -8.99156
29.73 -8.99251
29.76 -8.99345
29.79 -8.99439
29.82 -8.99532
29.85 -8.99624
29.88 -8.99716
29.91 -8.99807
29.94 -8.99898
29.97 -8.99988
30 -9.00078
30.001 -10
