0 5
0.03 5.02965
0.06 5.02978
0.09 5.0299
0.12 5.03003
0.15 5.03016
0.18 5.03029
0.21 5.03042
0.24 5.03055
0.27 5.03068
0.3 5.03081
0.33 5.03094
0.36 5.03107
0.39 5.0312
0.42 5.03133
0.45 5.03146
0.48 5.03159
0.51 5.03172
0.54 5.03185
0.57 5.03198
0.6 5.03211
0.63 5.03224
0.66 5.03237
0.69 5.0325
0.72 5.03263
0.75 5.03276
0.78 5.0329
0.81 5.03303
0.84 5.03316
0.87 5.03329
0.9 5.03342
0.93 5.03355
0.96 5.03369
0.99 5.03382
1.02 5.03395
1.05 5.03408
1.08 5.03421
1.11 5.03435
1.14 5.03448
1.17 5.03461
1.2 5.03475
1.23 5.03488
1.26 5.03501
1.29 5.03514
1.32 5.03528
1.35 5.03541
1.38 5.03555
1.41 5.03568
1.44 5.03581
1.47 5.03595
1.5 5.03608
1.53 5.03621
1.56 5.03635
1.59 5.03648
1.62 5.03662
1.65 5.03675
1.68 5.03689
1.71 5.03702
1.74 5.03716
1.77 5.03729
1.8 5.03743
1.83 5.03756
1.86 5.0377
1.89 5.03783
1.92 5.03797
1.95 5.03811
1.98 5.03824
2.01 5.03838
2.04 5.03851
2.07 5.03865
2.1 5.03879
2.13 5.03892
2.16 5.03906
2.19 5.0392
2.22 5.03934
2.25 5.03947
2.28 5.03961
2.31 5.03975
2.34 5.03989
2.37 5.04002
2.4 5.04016
2.43 5.0403
2.46 5.04044
2.49 5.04058
2.52 5.04071
2.55 5.04085
2.58 5.04099
2.61 5.04113
2.64 5.04127
2.67 5.04141
2.7 5.04155
2.73 5.04169
2.76 5.04183
2.79 5.04197
2.82 5.04211
2.85 5.04225
2.88 5.04239
2.91 5.04253
2.94 5.04267
2.97 5.04281
3 5.04295
3.03 5.04309
3.06 5.04323
3.09 5.04337
3.12 5.04351
3.15 5.04366
3.18 5.0438
3.21 5.04394
3.24 5.04408
3.27 5.04422
3.3 5.04437
3.33 5.04451
3.36 5.04465
3.39 5.04479
3.42 5.04494
3.45 5.04508
3.48 5.04522
3.51 5.04537
3.54 5.04551
3.57 5.04565
3.6 5.0458
3.63 5.04594
3.66 5.04609
3.69 5.04623
3.72 5.04638
3.75 5.04652
3.78 5.04666
3.81 5.04681
3.84 5.04696
3.87 5.0471
3.9 5.04725
3.93 5.04739
3.96 5.04754
3.99 5.04768
4.02 5.04783
4.05 5.04798
4.08 5.04812
4.11 5.04827
4.14 5.04842
4.17 5.04856
4.2 5.04871
4.23 5.04886
4.26 5.04901
4.29 5.04915
4.32 5.0493
4.35 5.04945
4.38 5.0496
4.41 5.04975
4.44 5.0499
4.47 5.05005
4.5 5.05019
4.53 5.05034
4.56 5.05049
4.59 5.05064
4.62 5.05079
4.65 5.05094
4.68 5.05109
4.71 5.05124
4.74 5.05139
4.77 5.05155
4.8 5.0517
4.83 5.05185
4.86 5.052
4.89 5.05215
4.92 5.0523
4.95 5.05245
4.98 5.05261
5.01 5.05276
5.04 5.05291
5.07 5.05307
5.1 5.05322
5.13 5.05337
5.16 5.05352
5.19 5.05368
5.22 5.05383
5.25 5.05399
5.28 5.05414
5.31 5.0543
5.34 5.05445
5.37 5.0546
5.4 5.05476
5.43 5.05492
5.46 5.05507
5.49 5.05523
5.52 5.05538
5.55 5.05554
5.58 5.0557
5.61 5.05585
5.64 5.05601
5.67 5.05617
5.7 5.05632
5.73 5.05648
5.76 5.05664
5.79 5.0568
5.82 5.05695
5.85 5.05711
5.88 5.05727
5.91 5.05743
5.94 5.05759
5.97 5.05775
6 5.05791
6.03 5.05807
6.06 5.05823
6.09 5.05839
6.12 5.05855
6.15 5.05871
6.18 5.05887
6.21 5.05903
6.24 5.05919
6.27 5.05936
6.3 5.05952
6.33 5.05968
6.36 5.05984
6.39 5.06001
6.42 5.06017
6.45 5.06033
6.48 5.0605
6.51 5.06066
6.54 5.06082
6.57 5.06099
6.6 5.06115
6.63 5.06132
6.66 5.06148
6.69 5.06165
6.72 5.06181
6.75 5.06198
6.78 5.06214
6.81 5.06231
6.84 5.06248
6.87 5.06264
6.9 5.06281
6.93 5.06298
6.96 5.06315
6.99 5.06331
7.02 5.06348
7.05 5.06365
7.08 5.06382
7.11 5.06399
7.14 5.06416
7.17 5.06433
7.2 5.0645
7.23 5.06467
7.26 5.06484
7.29 5.06501
7.32 5.06518
7.35 5.06535
7.38 5.06552
7.41 5.0657
7.44 5.06587
7.47 5.06604
7.5 5.06621
7.53 5.06639
7.56 5.06656
7.59 5.06673
7.62 5.06691
7.65 5.06708
7.68 5.06726
7.71 5.06743
7.74 5.06761
7.77 5.06778
7.8 5.06796
7.83 5.06813
7.86 5.06831
7.89 5.06849
7.92 5.06867
7.95 5.06884
7.98 5.06902
8.01 5.0692
8.04 5.06938
8.07 5.06956
8.1 5.06973
8.13 5.06991
8.16 5.07009
8.19 5.07027
8.22 5.07045
8.25 5.07064
8.28 5.07082
8.31 5.071
8.34 5.07118
8.37 5.07136
8.4 5.07154
8.43 5.07173
8.46 5.07191
8.49 5.07209
8.52 5.07228
8.55 5.07246
8.58 5.07265
8.61 5.07283
8.64 5.07302
8.67 5.0732
8.7 5.07339
8.73 5.07357
8.76 5.07376
8.79 5.07395
8.82 5.07414
8.85 5.07432
8.88 5.07451
8.91 5.0747
8.94 5.07489
8.97 5.07508
9 5.07527
9.03 5.07546
9.06 5.07565
9.09 5.07584
9.12 5.07603
9.15 5.07622
9.18 5.07642
9.21 5.07661
9.24 5.0768
9.27 5.07699
9.3 5.07719
9.33 5.07738
9.36 5.07758
9.39 5.07777
9.42 5.07797
9.45 5.07816
9.48 5.07836
9.51 5.07855
9.54 5.07875
9.57 5.07895
9.6 5.07915
9.63 5.07935
9.66 5.07954
9.69 5.07974
9.72 5.07994
9.75 5.08014
9.78 5.08034
9.81 5.08054
9.84 5.08074
9.87 5.08095
9.9 5.08115
9.93 5.08135
9.96 5.08155
9.99 5.08176
10.02 5.08196
10.05 5.08217
10.08 5.08237
10.11 5.08258
10.14 5.08278
10.17 5.08299
10.2 5.0832
10.23 5.0834
10.26 5.08361
10.29 5.08382
10.32 5.08403
10.35 5.08424
10.38 5.08445
10.41 5.08466
10.44 5.08487
10.47 5.08508
10.5 5.08529
10.53 5.0855
10.56 5.08571
10.59 5.08593
10.62 5.08614
10.65 5.08635
10.68 5.08657
10.71 5.08678
10.74 5.087
10.77 5.08722
10.8 5.08743
10.83 5.08765
10.86 5.08787
10.89 5.08809
10.92 5.08831
10.95 5.08852
10.98 5.08874
11.01 5.08897
11.04 5.08919
11.07 5.08941
11.1 5.08963
11.13 5.08985
11.16 5.09008
11.19 5.0903
11.22 5.09052
11.25 5.09075
11.28 5.09097
11.31 5.0912
11.34 5.09143
11.37 5.09165
11.4 5.09188
11.43 5.09211
11.46 5.09234
11.49 5.09257
11.52 5.0928
11.55 5.09303
11.58 5.09326
11.61 5.09349
11.64 5.09373
11.67 5.09396
11.7 5.09419
11.73 5.09443
11.76 5.09466
11.79 5.0949
11.82 5.09514
11.85 5.09537
11.88 5.09561
11.91 5.09585
11.94 5.09609
11.97 5.09633
12 5.09657
12.03 5.09681
12.06 5.09705
12.09 5.09729
12.12 5.09754
12.15 5.09778
12.18 5.09802
12.21 5.09827
12.24 5.09852
12.27 5.09876
12.3 5.09901
12.33 5.09926
12.36 5.0995
12.39 5.09975
12.42 5.1
12.45 5.10025
12.48 5.10051
12.51 5.10076
12.54 5.10101
12.57 5.10126
12.6 5.10152
12.63 5.10177
12.66 5.10203
12.69 5.10229
12.72 5.10254
12.75 5.1028
12.78 5.10306
12.81 5.10332
12.84 5.10358
12.87 5.10384
12.9 5.1041
12.93 5.10437
12.96 5.10463
12.99 5.1049
13.02 5.10516
13.05 5.10543
13.08 5.10569
13.11 5.10596
13.14 5.10623
13.17 5.1065
13.2 5.10677
13.23 5.10704
13.26 5.10731
13.29 5.10759
13.32 5.10786
13.35 5.10813
13.38 5.10841
13.41 5.10869
13.44 5.10896
13.47 5.10924
13.5 5.10952
13.53 5.1098
13.56 5.11008
13.59 5.11036
13.62 5.11064
13.65 5.11093
13.68 5.11121
13.71 5.1115
13.74 5.11178
13.77 5.11207
13.8 5.11236
13.83 5.11265
13.86 5.11294
13.89 5.11323
13.92 5.11352
13.95 5.11381
13.98 5.11411
14.01 5.1144
14.04 5.1147
14.07 5.115
14.1 5.11529
14.13 5.11559
14.16 5.11589
14.19 5.1162
14.22 5.1165
14.25 5.1168
14.28 5.11711
14.31 5.11741
14.34 5.11772
14.37 5.11802
14.4 5.11833
14.43 5.11864
14.46 5.11895
14.49 5.11927
14.52 5.11958
14.55 5.11989
14.58 5.12021
14.61 5.12053
14.64 5.12084
14.67 5.12116
14.7 5.12148
14.73 5.1218
14.76 5.12213
14.79 5.12245
14.82 5.12277
14.85 5.1231
14.88 5.12343
14.91 5.12376
14.94 5.12409
14.97 5.12442
15 5.12475
15.03 5.12508
15.06 5.12542
15.09 5.12575
15.12 5.12609
15.15 5.12643
15.18 5.12677
15.21 5.12711
15.24 5.12745
15.27 5.1278
15.3 5.12814
15.33 5.12849
15.36 5.12884
15.39 5.12919
15.42 5.12954
15.45 5.12989
15.48 5.13025
15.51 5.1306
15.54 5.13096
15.57 5.13132
15.6 5.13167
15.63 5.13204
15.66 5.1324
15.69 5.13276
15.72 5.13313
15.75 5.13349
15.78 5.13386
15.81 5.13423
15.84 5.1346
15.87 5.13498
15.9 5.13535
15.93 5.13573
15.96 5.13611
15.99 5.13649
16.02 5.13687
16.05 5.13725
16.08 5.13763
16.11 5.13802
16.14 5.13841
16.17 5.1388
16.2 5.13919
16.23 5.13958
16.26 5.13998
16.29 5.14037
16.32 5.14077
16.35 5.14117
16.38 5.14157
16.41 5.14198
16.44 5.14238
16.47 5.14279
16.5 5.1432
16.53 5.14361
16.56 5.14402
16.59 5.14444
16.62 5.14485
16.65 5.14527
16.68 5.14569
16.71 5.14611
16.74 5.14654
16.77 5.14696
16.8 5.14739
16.83 5.14782
16.86 5.14825
16.89 5.14869
16.92 5.14913
16.95 5.14956
16.98 5.15
17.01 5.15045
17.04 5.15089
17.07 5.15134
17.1 5.15179
17.13 5.15224
17.16 5.15269
17.19 5.15315
17.22 5.15361
17.25 5.15407
17.28 5.15453
17.31 5.155
17.34 5.15546
17.37 5.15593
17.4 5.1564
17.43 5.15688
17.46 5.15736
17.49 5.15783
17.52 5.15832
17.55 5.1588
17.58 5.15929
17.61 5.15978
17.64 5.16027
17.67 5.16076
17.7 5.16126
17.73 5.16176
17.76 5.16226
17.79 5.16277
17.82 5.16327
17.85 5.16378
17.88 5.1643
17.91 5.16481
17.94 5.16533
17.97 5.16585
18 5.16637
18.03 5.1669
18.06 5.16743
18.09 5.16796
18.12 5.1685
18.15 5.16904
18.18 5.16958
18.21 5.17012
18.24 5.17067
18.27 5.17122
18.3 5.17177
18.33 5.17233
18.36 5.17289
18.39 5.17345
18.42 5.17402
18.45 5.17459
18.48 5.17516
18.51 5.17574
18.54 5.17632
18.57 5.1769
18.6 5.17749
18.63 5.17808
18.66 5.17867
18.69 5.17926
18.72 5.17986
18.75 5.18047
18.78 5.18107
18.81 5.18169
18.84 5.1823
18.87 5.18292
18.9 5.18354
18.93 5.18416
18.96 5.18479
18.99 5.18543
19.02 5.18606
19.05 5.1867
19.08 5.18735
19.11 5.18799
19.14 5.18865
19.17 5.1893
19.2 5.18996
19.23 5.19063
19.26 5.1913
19.29 5.19197
19.32 5.19265
19.35 5.19333
19.38 5.19401
19.41 5.1947
19.44 5.1954
19.47 5.19609
19.5 5.1968
19.53 5.1975
19.56 5.19822
19.59 5.19893
19.62 5.19965
19.65 5.20038
19.68 5.20111
19.71 5.20184
19.74 5.20258
19.77 5.20333
19.8 5.20408
19.83 5.20483
19.86 5.20559
19.89 5.20636
19.92 5.20712
19.95 5.2079
19.98 5.20868
20.01 5.20946
20.04 5.21025
20.07 5.21105
20.1 5.21185
20.13 5.21265
20.16 5.21347
20.19 5.21428
20.22 5.2151
20.25 5.21593
20.28 5.21676
20.31 5.2176
20.34 5.21845
20.37 5.2193
20.4 5.22015
20.43 5.22102
20.46 5.22188
20.49 5.22276
20.52 5.22364
20.55 5.22452
20.58 5.22541
20.61 5.22631
20.64 5.22722
20.67 5.22813
20.7 5.22904
20.73 5.22997
20.76 5.2309
20.79 5.23183
20.82 5.23277
20.85 5.23372
20.88 5.23468
20.91 5.23564
20.94 5.23661
20.97 5.23758
21 5.23856
21.03 5.23955
21.06 5.24055
21.09 5.24155
21.12 5.24256
21.15 5.24358
21.18 5.2446
21.21 5.24563
21.24 5.24667
21.27 5.24772
21.3 5.24877
21.33 5.24983
21.36 5.2509
21.39 5.25197
21.42 5.25305
21.45 5.25414
21.48 5.25524
21.51 5.25635
21.54 5.25746
21.57 5.25858
21.6 5.25971
21.63 5.26084
21.66 5.26199
21.69 5.26314
21.72 5.2643
21.75 5.26547
21.78 5.26664
21.81 5.26782
21.84 5.26902
21.87 5.27022
21.9 5.27142
21.93 5.27264
21.96 5.27386
21.99 5.2751
22.02 5.27634
22.05 5.27759
22.08 5.27884
22.11 5.28011
22.14 5.28138
22.17 5.28266
22.2 5.28396
22.23 5.28525
22.26 5.28656
22.29 5.28788
22.32 5.2892
22.35 5.29054
22.38 5.29188
22.41 5.29323
22.44 5.29459
22.47 5.29595
22.5 5.29733
22.53 5.29871
22.56 5.30011
22.59 5.30151
22.62 5.30292
22.65 5.30433
22.68 5.30576
22.71 5.3072
22.74 5.30864
22.77 5.31009
22.8 5.31155
22.83 5.31302
22.86 5.3145
22.89 5.31598
22.92 5.31747
22.95 5.31898
22.98 5.32049
23.01 5.322
23.04 5.32353
23.07 5.32506
23.1 5.3266
23.13 5.32815
23.16 5.32971
23.19 5.33127
23.22 5.33285
23.25 5.33443
23.28 5.33601
23.31 5.33761
23.34 5.33921
23.37 5.34082
23.4 5.34244
23.43 5.34406
23.46 5.34569
23.49 5.34732
23.52 5.34897
23.55 5.35062
23.58 5.35227
23.61 5.35393
23.64 5.3556
23.67 5.35728
23.7 5.35896
23.73 5.36064
23.76 5.36233
23.79 5.36403
23.82 5.36573
23.85 5.36743
23.88 5.36914
23.91 5.37086
23.94 5.37258
23.97 5.3743
24 5.37603
24.03 5.37776
24.06 5.37949
24.09 5.38123
24.12 5.38297
24.15 5.38472
24.18 5.38646
24.21 5.38821
24.24 5.38996
24.27 5.39171
24.3 5.39347
24.33 5.39522
24.36 5.39698
24.39 5.39874
24.42 5.4005
24.45 5.40225
24.48 5.40401
24.51 5.40577
24.54 5.40753
24.57 5.40929
24.6 5.41104
24.63 5.4128
24.66 5.41455
24.69 5.4163
24.72 5.41805
24.75 5.4198
24.78 5.42155
24.81 5.42329
24.84 5.42503
24.87 5.42676
24.9 5.42849
24.93 5.43022
24.96 5.43194
24.99 5.43366
25.02 5.43537
25.05 5.43708
25.08 5.43878
25.11 5.44047
25.14 5.44216
25.17 5.44385
25.2 5.44552
25.23 5.44719
25.26 5.44885
25.29 5.45051
25.32 5.45215
25.35 5.45379
25.38 5.45542
25.41 5.45704
25.44 5.45865
25.47 5.46026
25.5 5.46185
25.53 5.46343
25.56 5.46501
25.59 5.46657
25.62 5.46813
25.65 5.46967
25.68 5.4712
25.71 5.47272
25.74 5.47423
25.77 5.47573
25.8 5.47722
25.83 5.47869
25.86 5.48015
25.89 5.4816
25.92 5.48304
25.95 5.48447
25.98 5.48588
26.01 5.48728
26.04 5.48867
26.07 5.49004
26.1 5.4914
26.13 5.49275
26.16 5.49408
26.19 5.4954
26.22 5.49671
26.25 5.498
26.28 5.49928
26.31 5.50055
26.34 5.5018
26.37 5.50304
26.4 5.50426
26.43 5.50547
26.46 5.50666
26.49 5.50784
26.52 5.50901
26.55 5.51016
26.58 5.5113
26.61 5.51242
26.64 5.51353
26.67 5.51463
26.7 5.51571
26.73 5.51677
26.76 5.51782
26.79 5.51886
26.82 5.51989
26.85 5.5209
26.88 5.52189
26.91 5.52287
26.94 5.52384
26.97 5.52479
27 5.52573
27.03 5.52666
27.06 5.52757
27.09 5.52847
27.12 5.52935
27.15 5.53022
27.18 5.53108
27.21 5.53193
27.24 5.53276
27.27 5.53358
27.3 5.53438
27.33 5.53517
27.36 5.53595
27.39 5.53672
27.42 5.53748
27.45 5.53822
27.48 5.53895
27.51 5.53966
27.54 5.54037
27.57 5.54106
27.6 5.54174
27.63 5.54241
27.66 5.54307
27.69 5.54372
27.72 5.54435
27.75 5.54498
27.78 5.54559
27.81 5.54619
27.84 5.54679
27.87 5.54737
27.9 5.54794
27.93 5.5485
27.96 5.54905
27.99 5.54959
28.02 5.55011
28.05 5.55063
28.08 5.55114
28.11 5.55164
28.14 5.55214
28.17 5.55262
28.2 5.55309
28.23 5.55355
28.26 5.55401
28.29 5.55445
28.32 5.55489
28.35 5.55532
28.38 5.55573
28.41 5.55615
28.44 5.55655
28.47 5.55694
28.5 5.55733
28.53 5.55771
28.56 5.55808
28.59 5.55845
28.62 5.5588
28.65 5.55915
28.68 5.55949
28.71 5.55983
28.74 5.56015
28.77 5.56047
28.8 5.56079
28.83 5.5611
28.86 5.5614
28.89 5.56169
28.92 5.56198
28.95 5.56226
28.98 5.56254
29.01 5.5628
29.04 5.56307
29.07 5.56333
29.1 5.56358
29.13 5.56382
29.16 5.56406
29.19 5.5643
29.22 5.56453
29.25 5.56475
29.28 5.56497
29.31 5.56519
29.34 5.5654
29.37 5.5656
29.4 5.5658
29.43 5.56599
29.46 5.56618
29.49 5.56637
29.52 5.56655
29.55 5.56673
29.58 5.5669
29.61 5.56706
29.64 5.56723
29.67 5.56739
29.7 5.56754
29.73 5.56769
29.76 5.56784
29.79 5.56798
29.82 5.56812
29.85 5.56826
29.88 5.56839
29.91 5.56852
29.94 5.56865
29.97 5.56877
30 5.56889
30.001 5
