0 0
0.03 0.317413
0.06 0.318129
0.09 0.318849
0.12 0.319575
0.15 0.320306
0.18 0.321042
0.21 0.321783
0.24 0.322529
0.27 0.323281
0.3 0.324038
0.33 0.324801
0.36 0.325569
0.39 0.326342
0.42 0.327121
0.45 0.327905
0.48 0.328695
0.51 0.329491
0.54 0.330292
0.57 0.331099
0.6 0.331912
0.63 0.332731
0.66 0.333555
0.69 0.334385
0.72 0.335221
0.75 0.336064
0.78 0.336912
0.81 0.337766
0.84 0.338626
0.87 0.339492
0.9 0.340365
0.93 0.341243
0.96 0.342128
0.99 0.343019
1.02 0.343917
1.05 0.344821
1.08 0.345731
1.11 0.346647
1.14 0.347571
1.17 0.3485
1.2 0.349436
1.23 0.350379
1.26 0.351328
1.29 0.352284
1.32 0.353247
1.35 0.354216
1.38 0.355193
1.41 0.356176
1.44 0.357165
1.47 0.358162
1.5 0.359166
1.53 0.360176
1.56 0.361194
1.59 0.362219
1.62 0.36325
1.65 0.364289
1.68 0.365335
1.71 0.366388
1.74 0.367448
1.77 0.368516
1.8 0.369591
1.83 0.370673
1.86 0.371762
1.89 0.372859
1.92 0.373963
1.95 0.375075
1.98 0.376194
2.01 0.37732
2.04 0.378454
2.07 0.379596
2.1 0.380745
2.13 0.381902
2.16 0.383066
2.19 0.384239
2.22 0.385418
2.25 0.386606
2.28 0.387801
2.31 0.389004
2.34 0.390215
2.37 0.391433
2.4 0.39266
2.43 0.393894
2.46 0.395136
2.49 0.396386
2.52 0.397644
2.55 0.39891
2.58 0.400184
2.61 0.401465
2.64 0.402755
2.67 0.404053
2.7 0.405359
2.73 0.406673
2.76 0.407995
2.79 0.409325
2.82 0.410663
2.85 0.412009
2.88 0.413363
2.91 0.414725
2.94 0.416096
2.97 0.417475
3 0.418861
3.03 0.420256
3.06 0.42166
3.09 0.423071
3.12 0.42449
3.15 0.425918
3.18 0.427354
3.21 0.428798
3.24 0.43025
3.27 0.431711
3.3 0.433179
3.33 0.434656
3.36 0.436141
3.39 0.437635
3.42 0.439136
3.45 0.440646
3.48 0.442163
3.51 0.443689
3.54 0.445224
3.57 0.446766
3.6 0.448316
3.63 0.449875
3.66 0.451442
3.69 0.453017
3.72 0.4546
3.75 0.456191
3.78 0.45779
3.81 0.459398
3.84 0.461013
3.87 0.462636
3.9 0.464268
3.93 0.465907
3.96 0.467555
3.99 0.469211
4.02 0.470874
4.05 0.472545
4.08 0.474225
4.11 0.475912
4.14 0.477607
4.17 0.47931
4.2 0.481021
4.23 0.48274
4.26 0.484466
4.29 0.486201
4.32 0.487943
4.35 0.489692
4.38 0.49145
4.41 0.493215
4.44 0.494988
4.47 0.496768
4.5 0.498556
4.53 0.500351
4.56 0.502154
4.59 0.503964
4.62 0.505782
4.65 0.507607
4.68 0.50944
4.71 0.51128
4.74 0.513127
4.77 0.514981
4.8 0.516843
4.83 0.518712
4.86 0.520588
4.89 0.522471
4.92 0.524361
4.95 0.526258
4.98 0.528162
5.01 0.530073
5.04 0.531991
5.07 0.533916
5.1 0.535848
5.13 0.537787
5.16 0.539732
5.19 0.541684
5.22 0.543643
5.25 0.545608
5.28 0.54758
5.31 0.549558
5.34 0.551543
5.37 0.553534
5.4 0.555532
5.43 0.557536
5.46 0.559546
5.49 0.561563
5.52 0.563586
5.55 0.565615
5.58 0.56765
5.61 0.569691
5.64 0.571738
5.67 0.573791
5.7 0.57585
5.73 0.577915
5.76 0.579986
5.79 0.582063
5.82 0.584145
5.85 0.586234
5.88 0.588327
5.91 0.590427
5.94 0.592532
5.97 0.594642
6 0.596759
6.03 0.59888
6.06 0.601007
6.09 0.603139
6.12 0.605277
6.15 0.607419
6.18 0.609567
6.21 0.61172
6.24 0.613879
6.27 0.616042
6.3 0.61821
6.33 0.620384
6.36 0.622562
6.39 0.624745
6.42 0.626933
6.45 0.629126
6.48 0.631324
6.51 0.633526
6.54 0.635734
6.57 0.637945
6.6 0.640162
6.63 0.642383
6.66 0.644608
6.69 0.646838
6.72 0.649073
6.75 0.651312
6.78 0.653555
6.81 0.655803
6.84 0.658055
6.87 0.660311
6.9 0.662572
6.93 0.664836
6.96 0.667105
6.99 0.669378
7.02 0.671656
7.05 0.673937
7.08 0.676222
7.11 0.678512
7.14 0.680805
7.17 0.683102
7.2 0.685403
7.23 0.687709
7.26 0.690018
7.29 0.69233
7.32 0.694647
7.35 0.696968
7.38 0.699292
7.41 0.70162
7.44 0.703952
7.47 0.706287
7.5 0.708626
7.53 0.710969
7.56 0.713316
7.59 0.715666
7.62 0.71802
7.65 0.720377
7.68 0.722738
7.71 0.725102
7.74 0.72747
7.77 0.729842
7.8 0.732217
7.83 0.734596
7.86 0.736978
7.89 0.739363
7.92 0.741753
7.95 0.744145
7.98 0.746541
8.01 0.748941
8.04 0.751344
8.07 0.75375
8.1 0.75616
8.13 0.758573
8.16 0.76099
8.19 0.76341
8.22 0.765833
8.25 0.76826
8.28 0.770691
8.31 0.773125
8.34 0.775562
8.37 0.778003
8.4 0.780447
8.43 0.782894
8.46 0.785346
8.49 0.7878
8.52 0.790258
8.55 0.79272
8.58 0.795185
8.61 0.797653
8.64 0.800125
8.67 0.802601
8.7 0.80508
8.73 0.807563
8.76 0.810049
8.79 0.812539
8.82 0.815032
8.85 0.817529
8.88 0.82003
8.91 0.822535
8.94 0.825043
8.97 0.827554
9 0.83007
9.03 0.832589
9.06 0.835112
9.09 0.837639
9.12 0.84017
9.15 0.842704
9.18 0.845243
9.21 0.847785
9.24 0.850331
9.27 0.852882
9.3 0.855436
9.33 0.857994
9.36 0.860557
9.39 0.863123
9.42 0.865694
9.45 0.868269
9.48 0.870848
9.51 0.873431
9.54 0.876019
9.57 0.878611
9.6 0.881207
9.63 0.883808
9.66 0.886413
9.69 0.889023
9.72 0.891637
9.75 0.894256
9.78 0.896879
9.81 0.899507
9.84 0.90214
9.87 0.904778
9.9 0.90742
9.93 0.910067
9.96 0.912719
9.99 0.915377
10.02 0.918039
10.05 0.920706
10.08 0.923378
10.11 0.926056
10.14 0.928739
10.17 0.931427
10.2 0.93412
10.23 0.936819
10.26 0.939523
10.29 0.942233
10.32 0.944949
10.35 0.94767
10.38 0.950396
10.41 0.953129
10.44 0.955867
10.47 0.958611
10.5 0.961361
10.53 0.964117
10.56 0.96688
10.59 0.969648
10.62 0.972423
10.65 0.975203
10.68 0.97799
10.71 0.980784
10.74 0.983584
10.77 0.98639
10.8 0.989204
10.83 0.992023
10.86 0.99485
10.89 0.997683
10.92 1.00052
10.95 1.00337
10.98 1.00622
11.01 1.00909
11.04 1.01195
11.07 1.01483
11.1 1.01771
11.13 1.0206
11.16 1.0235
11.19 1.02641
11.22 1.02932
11.25 1.03224
11.28 1.03517
11.31 1.03811
11.34 1.04105
11.37 1.044
11.4 1.04697
11.43 1.04993
11.46 1.05291
11.49 1.0559
11.52 1.05889
11.55 1.06189
11.58 1.0649
11.61 1.06792
11.64 1.07095
11.67 1.07399
11.7 1.07704
11.73 1.08009
11.76 1.08315
11.79 1.08623
11.82 1.08931
11.85 1.0924
11.88 1.0955
11.91 1.09862
11.94 1.10174
11.97 1.10487
12 1.10801
12.03 1.11116
12.06 1.11432
12.09 1.11749
12.12 1.12067
12.15 1.12386
12.18 1.12706
12.21 1.13027
12.24 1.13349
12.27 1.13672
12.3 1.13996
12.33 1.14322
12.36 1.14648
12.39 1.14976
12.42 1.15304
12.45 1.15634
12.48 1.15965
12.51 1.16297
12.54 1.1663
12.57 1.16964
12.6 1.173
12.63 1.17636
12.66 1.17974
12.69 1.18313
12.72 1.18653
12.75 1.18994
12.78 1.19337
12.81 1.1968
12.84 1.20025
12.87 1.20372
12.9 1.20719
12.93 1.21068
12.96 1.21418
12.99 1.21769
13.02 1.22121
13.05 1.22475
13.08 1.2283
13.11 1.23187
13.14 1.23544
13.17 1.23903
13.2 1.24264
13.23 1.24625
13.26 1.24988
13.29 1.25353
13.32 1.25718
13.35 1.26086
13.38 1.26454
13.41 1.26824
13.44 1.27195
13.47 1.27568
13.5 1.27942
13.53 1.28318
13.56 1.28695
13.59 1.29073
13.62 1.29453
13.65 1.29834
13.68 1.30217
13.71 1.30601
13.74 1.30987
13.77 1.31374
13.8 1.31763
13.83 1.32153
13.86 1.32545
13.89 1.32938
13.92 1.33333
13.95 1.33729
13.98 1.34127
14.01 1.34526
14.04 1.34927
14.07 1.3533
14.1 1.35734
14.13 1.3614
14.16 1.36547
14.19 1.36956
14.22 1.37366
14.25 1.37779
14.28 1.38192
14.31 1.38608
14.34 1.39025
14.37 1.39443
14.4 1.39863
14.43 1.40285
14.46 1.40709
14.49 1.41134
14.52 1.41561
14.55 1.41989
14.58 1.4242
14.61 1.42852
14.64 1.43285
14.67 1.4372
14.7 1.44157
14.73 1.44596
14.76 1.45037
14.79 1.45479
14.82 1.45923
14.85 1.46368
14.88 1.46816
14.91 1.47265
14.94 1.47716
14.97 1.48168
15 1.48623
15.03 1.49079
15.06 1.49537
15.09 1.49996
15.12 1.50458
15.15 1.50921
15.18 1.51386
15.21 1.51853
15.24 1.52322
15.27 1.52792
15.3 1.53264
15.33 1.53738
15.36 1.54214
15.39 1.54692
15.42 1.55171
15.45 1.55652
15.48 1.56135
15.51 1.5662
15.54 1.57107
15.57 1.57596
15.6 1.58086
15.63 1.58578
15.66 1.59073
15.69 1.59568
15.72 1.60066
15.75 1.60566
15.78 1.61067
15.81 1.61571
15.84 1.62076
15.87 1.62583
15.9 1.63092
15.93 1.63602
15.96 1.64115
15.99 1.6463
16.02 1.65146
16.05 1.65664
16.08 1.66184
16.11 1.66706
16.14 1.6723
16.17 1.67755
16.2 1.68283
16.23 1.68812
16.26 1.69343
16.29 1.69876
16.32 1.70411
16.35 1.70948
16.38 1.71487
16.41 1.72027
16.44 1.7257
16.47 1.73114
16.5 1.7366
16.53 1.74208
16.56 1.74758
16.59 1.75309
16.62 1.75863
16.65 1.76418
16.68 1.76976
16.71 1.77535
16.74 1.78096
16.77 1.78658
16.8 1.79223
16.83 1.79789
16.86 1.80358
16.89 1.80928
16.92 1.815
16.95 1.82073
16.98 1.82649
17.01 1.83226
17.04 1.83806
17.07 1.84387
17.1 1.8497
17.13 1.85554
17.16 1.86141
17.19 1.86729
17.22 1.87319
17.25 1.87911
17.28 1.88505
17.31 1.89101
17.34 1.89698
17.37 1.90297
17.4 1.90898
17.43 1.91501
17.46 1.92105
17.49 1.92712
17.52 1.9332
17.55 1.9393
17.58 1.94541
17.61 1.95155
17.64 1.9577
17.67 1.96387
17.7 1.97006
17.73 1.97627
17.76 1.98249
17.79 1.98873
17.82 1.99499
17.85 2.00127
17.88 2.00757
17.91 2.01388
17.94 2.02021
17.97 2.02656
18 2.03293
18.03 2.03931
18.06 2.04572
18.09 2.05214
18.12 2.05858
18.15 2.06503
18.18 2.07151
18.21 2.078
18.24 2.08452
18.27 2.09105
18.3 2.0976
18.33 2.10417
18.36 2.11076
18.39 2.11736
18.42 2.12399
18.45 2.13063
18.48 2.1373
18.51 2.14398
18.54 2.15068
18.57 2.15741
18.6 2.16415
18.63 2.17092
18.66 2.1777
18.69 2.18451
18.72 2.19133
18.75 2.19818
18.78 2.20505
18.81 2.21194
18.84 2.21885
18.87 2.22579
18.9 2.23274
18.93 2.23973
18.96 2.24673
18.99 2.25376
19.02 2.26081
19.05 2.26789
19.08 2.27499
19.11 2.28211
19.14 2.28927
19.17 2.29645
19.2 2.30365
19.23 2.31089
19.26 2.31815
19.29 2.32544
19.32 2.33276
19.35 2.3401
19.38 2.34748
19.41 2.35489
19.44 2.36233
19.47 2.3698
19.5 2.37731
19.53 2.38485
19.56 2.39242
19.59 2.40003
19.62 2.40767
19.65 2.41535
19.68 2.42307
19.71 2.43082
19.74 2.43862
19.77 2.44645
19.8 2.45433
19.83 2.46224
19.86 2.4702
19.89 2.4782
19.92 2.48625
19.95 2.49434
19.98 2.50248
20.01 2.51066
20.04 2.5189
20.07 2.52718
20.1 2.53551
20.13 2.5439
20.16 2.55233
20.19 2.56082
20.22 2.56937
20.25 2.57797
20.28 2.58663
20.31 2.59534
20.34 2.60411
20.37 2.61295
20.4 2.62184
20.43 2.6308
20.46 2.63982
20.49 2.64891
20.52 2.65806
20.55 2.66727
20.58 2.67656
20.61 2.68591
20.64 2.69533
20.67 2.70482
20.7 2.71439
20.73 2.72402
20.76 2.73373
20.79 2.74351
20.82 2.75337
20.85 2.76331
20.88 2.77332
20.91 2.7834
20.94 2.79357
20.97 2.80381
21 2.81413
21.03 2.82453
21.06 2.83501
21.09 2.84557
21.12 2.85621
21.15 2.86693
21.18 2.87772
21.21 2.8886
21.24 2.89956
21.27 2.9106
21.3 2.92172
21.33 2.93291
21.36 2.94418
21.39 2.95554
21.42 2.96696
21.45 2.97847
21.48 2.99004
21.51 3.00169
21.54 3.01342
21.57 3.02521
21.6 3.03707
21.63 3.049
21.66 3.06099
21.69 3.07304
21.72 3.08516
21.75 3.09734
21.78 3.10957
21.81 3.12185
21.84 3.13418
21.87 3.14656
21.9 3.15898
21.93 3.17145
21.96 3.18395
21.99 3.19649
22.02 3.20905
22.05 3.22164
22.08 3.23425
22.11 3.24688
22.14 3.25953
22.17 3.27218
22.2 3.28484
22.23 3.29749
22.26 3.31015
22.29 3.32279
22.32 3.33542
22.35 3.34803
22.38 3.36061
22.41 3.37317
22.44 3.38569
22.47 3.39818
22.5 3.41061
22.53 3.423
22.56 3.43534
22.59 3.44761
22.62 3.45983
22.65 3.47197
22.68 3.48403
22.71 3.49602
22.74 3.50793
22.77 3.51974
22.8 3.53146
22.83 3.54309
22.86 3.55461
22.89 3.56602
22.92 3.57733
22.95 3.58852
22.98 3.59959
23.01 3.61054
23.04 3.62136
23.07 3.63205
23.1 3.64262
23.13 3.65304
23.16 3.66333
23.19 3.67348
23.22 3.68348
23.25 3.69334
23.28 3.70305
23.31 3.71261
23.34 3.72202
23.37 3.73127
23.4 3.74038
23.43 3.74932
23.46 3.75811
23.49 3.76674
23.52 3.77521
23.55 3.78352
23.58 3.79168
23.61 3.79967
23.64 3.80751
23.67 3.81518
23.7 3.8227
23.73 3.83006
23.76 3.83725
23.79 3.8443
23.82 3.85118
23.85 3.85791
23.88 3.86448
23.91 3.87091
23.94 3.87717
23.97 3.88329
24 3.88926
24.03 3.89508
24.06 3.90075
24.09 3.90628
24.12 3.91167
24.15 3.91691
24.18 3.92202
24.21 3.92699
24.24 3.93182
24.27 3.93652
24.3 3.94109
24.33 3.94553
24.36 3.94985
24.39 3.95404
24.42 3.9581
24.45 3.96205
24.48 3.96588
24.51 3.96959
24.54 3.97319
24.57 3.97668
24.6 3.98006
24.63 3.98333
24.66 3.9865
24.69 3.98957
24.72 3.99253
24.75 3.9954
24.78 3.99817
24.81 4.00085
24.84 4.00344
24.87 4.00594
24.9 4.00835
24.93 4.01068
24.96 4.01293
24.99 4.01509
25.02 4.01718
25.05 4.01919
25.08 4.02112
25.11 4.02298
25.14 4.02478
25.17 4.0265
25.2 4.02815
25.23 4.02974
25.26 4.03127
25.29 4.03274
25.32 4.03414
25.35 4.03549
25.38 4.03678
25.41 4.03801
25.44 4.03919
25.47 4.04032
25.5 4.0414
25.53 4.04243
25.56 4.04342
25.59 4.04435
25.62 4.04524
25.65 4.04609
25.68 4.0469
25.71 4.04766
25.74 4.04839
25.77 4.04908
25.8 4.04973
25.83 4.05034
25.86 4.05092
25.89 4.05147
25.92 4.05198
25.95 4.05246
25.98 4.05291
26.01 4.05333
26.04 4.05372
26.07 4.05409
26.1 4.05443
26.13 4.05474
26.16 4.05502
26.19 4.05529
26.22 4.05552
26.25 4.05574
26.28 4.05593
26.31 4.05611
26.34 4.05626
26.37 4.05639
26.4 4.0565
26.43 4.0566
26.46 4.05668
26.49 4.05674
26.52 4.05678
26.55 4.05681
26.58 4.05682
26.61 4.05681
26.64 4.0568
26.67 4.05676
26.7 4.05672
26.73 4.05666
26.76 4.05659
26.79 4.05651
26.82 4.05642
26.85 4.05631
26.88 4.05619
26.91 4.05607
26.94 4.05593
26.97 4.05579
27 4.05563
27.03 4.05547
27.06 4.0553
27.09 4.05512
27.12 4.05493
27.15 4.05474
27.18 4.05454
27.21 4.05433
27.24 4.05411
27.27 4.05389
27.3 4.05366
27.33 4.05343
27.36 4.05319
27.39 4.05295
27.42 4.0527
27.45 4.05244
27.48 4.05218
27.51 4.05192
27.54 4.05165
27.57 4.05138
27.6 4.05111
27.63 4.05083
27.66 4.05055
27.69 4.05026
27.72 4.04997
27.75 4.04968
27.78 4.04938
27.81 4.04909
27.84 4.04879
27.87 4.04849
27.9 4.04818
27.93 4.04787
27.96 4.04757
27.99 4.04725
28.02 4.04694
28.05 4.04663
28.08 4.04631
28.11 4.046
28.14 4.04568
28.17 4.04536
28.2 4.04504
28.23 4.04472
28.26 4.04439
28.29 4.04407
28.32 4.04375
28.35 4.04342
28.38 4.0431
28.41 4.04277
28.44 4.04244
28.47 4.04212
28.5 4.04179
28.53 4.04146
28.56 4.04113
28.59 4.04081
28.62 4.04048
28.65 4.04015
28.68 4.03982
28.71 4.0395
28.74 4.03917
28.77 4.03884
28.8 4.03851
28.83 4.03819
28.86 4.03786
28.89 4.03753
28.92 4.03721
28.95 4.03688
28.98 4.03655
29.01 4.03623
29.04 4.03591
29.07 4.03558
29.1 4.03526
29.13 4.03494
29.16 4.03461
29.19 4.03429
29.22 4.03397
29.25 4.03365
29.28 4.03333
29.31 4.03301
29.34 4.0327
29.37 4.03238
29.4 4.03206
29.43 4.03175
29.46 4.03143
29.49 4.03112
29.52 4.03081
29.55 4.0305
29.58 4.03019
29.61 4.02988
29.64 4.02957
29.67 4.02926
29.7 4.02895
29.73 4.02865
29.76 4.02834
29.79 4.02804
29.82 4.02773
29.85 4.02743
29.88 4.02713
29.91 4.02683
29.94 4.02653
29.97 4.02624
30 4.02594
30.001 0
