0 -10
0.03 -8.8771
0.06 -8.8769
0.09 -8.8767
0.12 -8.8765
0.15 -8.87629
0.18 -8.87609
0.21 -8.87588
0.24 -8.87567
0.27 -8.87546
0.3 -8.87525
0.33 -8.87504
0.36 -8.87483
0.39 -8.87462
0.42 -8.8744
0.45 -8.87418
0.48 -8.87396
0.51 -8.87374
0.54 -8.87352
0.57 -8.8733
0.6 -8.87307
0.63 -8.87285
0.66 -8.87262
0.69 -8.87239
0.72 -8.87216
0.75 -8.87193
0.78 -8.8717
0.81 -8.87146
0.84 -8.87122
0.87 -8.87099
0.9 -8.87075
0.93 -8.8705
0.96 -8.87026
0.99 -8.87002
1.02 -8.86977
1.05 -8.86952
1.08 -8.86927
1.11 -8.86902
1.14 -8.86877
1.17 -8.86852
1.2 -8.86826
1.23 -8.868
1.26 -8.86774
1.29 -8.86748
1.32 -8.86722
1.35 -8.86696
1.38 -8.86669
1.41 -8.86642
1.44 -8.86615
1.47 -8.86588
1.5 -8.86561
1.53 -8.86534
1.56 -8.86506
1.59 -8.86478
1.62 -8.8645
1.65 -8.86422
1.68 -8.86394
1.71 -8.86365
1.74 -8.86337
1.77 -8.86308
1.8 -8.86279
1.83 -8.8625
1.86 -8.8622
1.89 -8.86191
1.92 -8.86161
1.95 -8.86131
1.98 -8.86101
2.01 -8.86071
2.04 -8.8604
2.07 -8.8601
2.1 -8.85979
2.13 -8.85948
2.16 -8.85917
2.19 -8.85886
2.22 -8.85854
2.25 -8.85822
2.28 -8.85791
2.31 -8.85758
2.34 -8.85726
2.37 -8.85694
2.4 -8.85661
2.43 -8.85628
2.46 -8.85595
2.49 -8.85562
2.52 -8.85529
2.55 -8.85495
2.58 -8.85462
2.61 -8.85428
2.64 -8.85394
2.67 -8.8536
2.7 -8.85325
2.73 -8.8529
2.76 -8.85256
2.79 -8.85221
2.82 -8.85185
2.85 -8.8515
2.88 -8.85115
2.91 -8.85079
2.94 -8.85043
2.97 -8.85007
3 -8.84971
3.03 -8.84934
3.06 -8.84898
3.09 -8.84861
3.12 -8.84824
3.15 -8.84787
3.18 -8.84749
3.21 -8.84712
3.24 -8.84674
3.27 -8.84636
3.3 -8.84598
3.33 -8.8456
3.36 -8.84522
3.39 -8.84483
3.42 -8.84444
3.45 -8.84406
3.48 -8.84367
3.51 -8.84327
3.54 -8.84288
3.57 -8.84248
3.6 -8.84209
3.63 -8.84169
3.66 -8.84129
3.69 -8.84088
3.72 -8.84048
3.75 -8.84007
3.78 -8.83967
3.81 -8.83926
3.84 -8.83885
3.87 -8.83843
3.9 -8.83802
3.93 -8.8376
3.96 -8.83719
3.99 -8.83677
4.02 -8.83635
4.05 -8.83593
4.08 -8.8355
4.11 -8.83508
4.14 -8.83465
4.17 -8.83423
4.2 -8.8338
4.23 -8.83337
4.26 -8.83293
4.29 -8.8325
4.32 -8.83207
4.35 -8.83163
4.38 -8.83119
4.41 -8.83075
4.44 -8.83031
4.47 -8.82987
4.5 -8.82943
4.53 -8.82898
4.56 -8.82854
4.59 -8.82809
4.62 -8.82764
4.65 -8.82719
4.68 -8.82674
4.71 -8.82629
4.74 -8.82584
4.77 -8.82538
4.8 -8.82493
4.83 -8.82447
4.86 -8.82401
4.89 -8.82355
4.92 -8.82309
4.95 -8.82263
4.98 -8.82217
5.01 -8.82171
5.04 -8.82124
5.07 -8.82078
5.1 -8.82031
5.13 -8.81984
5.16 -8.81938
5.19 -8.81891
5.22 -8.81844
5.25 -8.81796
5.28 -8.81749
5.31 -8.81702
5.34 -8.81654
5.37 -8.81607
5.4 -8.81559
5.43 -8.81512
5.46 -8.81464
5.49 -8.81416
5.52 -8.81368
5.55 -8.8132
5.58 -8.81272
5.61 -8.81224
5.64 -8.81176
5.67 -8.81128
5.7 -8.81079
5.73 -8.81031
5.76 -8.80982
5.79 -8.80934
5.82 -8.80885
5.85 -8.80836
5.88 -8.80788
5.91 -8.80739
5.94 -8.8069
5.97 -8.80641
6 -8.80592
6.03 -8.80543
6.06 -8.80494
6.09 -8.80445
6.12 -8.80396
6.15 -8.80347
6.18 -8.80297
6.21 -8.80248
6.24 -8.80199
6.27 -8.80149
6.3 -8.801
6.33 -8.80051
6.36 -8.80001
6.39 -8.79952
6.42 -8.79902
6.45 -8.79853
6.48 -8.79803
6.51 -8.79753
6.54 -8.79704
6.57 -8.79654
6.6 -8.79604
6.63 -8.79555
6.66 -8.79505
6.69 -8.79455
6.72 -8.79405
6.75 -8.79355
6.78 -8.79306
6.81 -8.79256
6.84 -8.79206
6.87 -8.79156
6.9 -8.79106
6.93 -8.79056
6.96 -8.79006
6.99 -8.78956
7.02 -8.78907
7.05 -8.78857
7.08 -8.78807
7.11 -8.78757
7.14 -8.78707
7.17 -8.78657
7.2 -8.78607
7.23 -8.78557
7.26 -8.78507
7.29 -8.78457
7.32 -8.78407
7.35 -8.78357
7.38 -8.78307
7.41 -8.78257
7.44 -8.78207
7.47 -8.78158
7.5 -8.78108
7.53 -8.78058
7.56 -8.78008
7.59 -8.77958
7.62 -8.77908
7.65 -8.77858
7.68 -8.77808
7.71 -8.77759
7.74 -8.77709
7.77 -8.77659
7.8 -8.77609
7.83 -8.77559
7.86 -8.7751
7.89 -8.7746
7.92 -8.7741
7.95 -8.77361
7.98 -8.77311
8.01 -8.77261
8.04 -8.77211
8.07 -8.77162
8.1 -8.77112
8.13 -8.77063
8.16 -8.77013
8.19 -8.76963
8.22 -8.76914
8.25 -8.76864
8.28 -8.76815
8.31 -8.76765
8.34 -8.76716
8.37 -8.76666
8.4 -8.76617
8.43 -8.76568
8.46 -8.76518
8.49 -8.76469
8.52 -8.7642
8.55 -8.7637
8.58 -8.76321
8.61 -8.76272
8.64 -8.76223
8.67 -8.76173
8.7 -8.76124
8.73 -8.76075
8.76 -8.76026
8.79 -8.75977
8.82 -8.75928
8.85 -8.75878
8.88 -8.75829
8.91 -8.7578
8.94 -8.75731
8.97 -8.75682
9 -8.75633
9.03 -8.75584
9.06 -8.75535
9.09 -8.75487
9.12 -8.75438
9.15 -8.75389
9.18 -8.7534
9.21 -8.75291
9.24 -8.75242
9.27 -8.75194
9.3 -8.75145
9.33 -8.75096
9.36 -8.75047
9.39 -8.74999
9.42 -8.7495
9.45 -8.74901
9.48 -8.74853
9.51 -8.74804
9.54 -8.74755
9.57 -8.74707
9.6 -8.74658
9.63 -8.7461
9.66 -8.74561
9.69 -8.74513
9.72 -8.74464
9.75 -8.74416
9.78 -8.74367
9.81 -8.74319
9.84 -8.7427
9.87 -8.74222
9.9 -8.74173
9.93 -8.74125
9.96 -8.74076
9.99 -8.74028
10.02 -8.7398
10.05 -8.73931
10.08 -8.73883
10.11 -8.73835
10.14 -8.73786
10.17 -8.73738
10.2 -8.7369
10.23 -8.73641
10.26 -8.73593
10.29 -8.73545
10.32 -8.73496
10.35 -8.73448
10.38 -8.734
10.41 -8.73352
10.44 -8.73303
10.47 -8.73255
10.5 -8.73207
10.53 -8.73159
10.56 -8.7311
10.59 -8.73062
10.62 -8.73014
10.65 -8.72966
10.68 -8.72917
10.71 -8.72869
10.74 -8.72821
10.77 -8.72773
10.8 -8.72724
10.83 -8.72676
10.86 -8.72628
10.89 -8.72579
10.92 -8.72531
10.95 -8.72483
10.98 -8.72435
11.01 -8.72386
11.04 -8.72338
11.07 -8.7229
11.1 -8.72242
11.13 -8.72193
11.16 -8.72145
11.19 -8.72097
11.22 -8.72048
11.25 -8.72
11.28 -8.71952
11.31 -8.71903
11.34 -8.71855
11.37 -8.71807
11.4 -8.71758
11.43 -8.7171
11.46 -8.71661
11.49 -8.71613
11.52 -8.71565
11.55 -8.71516
11.58 -8.71468
11.61 -8.71419
11.64 -8.71371
11.67 -8.71322
11.7 -8.71274
11.73 -8.71225
11.76 -8.71177
11.79 -8.71128
11.82 -8.71079
11.85 -8.71031
11.88 -8.70982
11.91 -8.70934
11.94 -8.70885
11.97 -8.70836
12 -8.70788
12.03 -8.70739
12.06 -8.7069
12.09 -8.70642
12.12 -8.70593
12.15 -8.70544
12.18 -8.70495
12.21 -8.70447
12.24 -8.70398
12.27 -8.70349
12.3 -8.703
12.33 -8.70251
12.36 -8.70202
12.39 -8.70154
12.42 -8.70105
12.45 -8.70056
12.48 -8.70007
12.51 -8.69958
12.54 -8.69909
12.57 -8.6986
12.6 -8.69811
12.63 -8.69762
12.66 -8.69713
12.69 -8.69664
12.72 -8.69614
12.75 -8.69565
12.78 -8.69516
12.81 -8.69467
12.84 -8.69418
12.87 -8.69369
12.9 -8.6932
12.93 -8.6927
12.96 -8.69221
12.99 -8.69172
13.02 -8.69123
13.05 -8.69073
13.08 -8.69024
13.11 -8.68975
13.14 -8.68926
13.17 -8.68876
13.2 -8.68827
13.23 -8.68778
13.26 -8.68728
13.29 -8.68679
13.32 -8.68629
13.35 -8.6858
13.38 -8.68531
13.41 -8.68481
13.44 -8.68432
13.47 -8.68382
13.5 -8.68333
13.53 -8.68284
13.56 -8.68234
13.59 -8.68185
13.62 -8.68135
13.65 -8.68086
13.68 -8.68036
13.71 -8.67987
13.74 -8.67938
13.77 -8.67888
13.8 -8.67839
13.83 -8.67789
13.86 -8.6774
13.89 -8.6769
13.92 -8.67641
13.95 -8.67592
13.98 -8.67542
14.01 -8.67493
14.04 -8.67443
14.07 -8.67394
14.1 -8.67345
14.13 -8.67295
14.16 -8.67246
14.19 -8.67197
14.22 -8.67147
14.25 -8.67098
14.28 -8.67049
14.31 -8.67
14.34 -8.6695
14.37 -8.66901
14.4 -8.66852
14.43 -8.66803
14.46 -8.66754
14.49 -8.66705
14.52 -8.66656
14.55 -8.66607
14.58 -8.66558
14.61 -8.66509
14.64 -8.6646
14.67 -8.66411
14.7 -8.66362
14.73 -8.66313
14.76 -8.66265
14.79 -8.66216
14.82 -8.66167
14.85 -8.66119
14.88 -8.6607
14.91 -8.66022
14.94 -8.65973
14.97 -8.65925
15 -8.65876
15.03 -8.65828
15.06 -8.6578
15.09 -8.65732
15.12 -8.65684
15.15 -8.65636
15.18 -8.65588
15.21 -8.6554
15.24 -8.65492
15.27 -8.65444
15.3 -8.65397
15.33 -8.65349
15.36 -8.65302
15.39 -8.65254
15.42 -8.65207
15.45 -8.6516
15.48 -8.65113
15.51 -8.65065
15.54 -8.65018
15.57 -8.64972
15.6 -8.64925
15.63 -8.64878
15.66 -8.64832
15.69 -8.64785
15.72 -8.64739
15.75 -8.64693
15.78 -8.64646
15.81 -8.646
15.84 -8.64554
15.87 -8.64509
15.9 -8.64463
15.93 -8.64417
15.96 -8.64372
15.99 -8.64327
16.02 -8.64282
16.05 -8.64236
16.08 -8.64192
16.11 -8.64147
16.14 -8.64102
16.17 -8.64058
16.2 -8.64013
16.23 -8.63969
16.26 -8.63925
16.29 -8.63881
16.32 -8.63837
16.35 -8.63794
16.38 -8.6375
16.41 -8.63707
16.44 -8.63664
16.47 -8.63621
16.5 -8.63578
16.53 -8.63535
16.56 -8.63493
16.59 -8.63451
16.62 -8.63408
16.65 -8.63367
16.68 -8.63325
16.71 -8.63283
16.74 -8.63242
16.77 -8.63201
16.8 -8.6316
16.83 -8.63119
16.86 -8.63078
16.89 -8.63038
16.92 -8.62997
16.95 -8.62957
16.98 -8.62917
17.01 -8.62878
17.04 -8.62838
17.07 -8.62799
17.1 -8.6276
17.13 -8.62721
17.16 -8.62683
17.19 -8.62644
17.22 -8.62606
17.25 -8.62568
17.28 -8.62531
17.31 -8.62493
17.34 -8.62456
17.37 -8.62419
17.4 -8.62382
17.43 -8.62345
17.46 -8.62309
17.49 -8.62273
17.52 -8.62237
17.55 -8.62202
17.58 -8.62166
17.61 -8.62131
17.64 -8.62096
17.67 -8.62062
17.7 -8.62027
17.73 -8.61993
17.76 -8.6196
17.79 -8.61926
17.82 -8.61893
17.85 -8.6186
17.88 -8.61827
17.91 -8.61794
17.94 -8.61762
17.97 -8.6173
18 -8.61699
18.03 -8.61667
18.06 -8.61636
18.09 -8.61605
18.12 -8.61575
18.15 -8.61544
18.18 -8.61514
18.21 -8.61485
18.24 -8.61455
18.27 -8.61426
18.3 -8.61397
18.33 -8.61369
18.36 -8.6134
18.39 -8.61312
18.42 -8.61285
18.45 -8.61257
18.48 -8.6123
18.51 -8.61204
18.54 -8.61177
18.57 -8.61151
18.6 -8.61125
18.63 -8.611
18.66 -8.61074
18.69 -8.6105
18.72 -8.61025
18.75 -8.61001
18.78 -8.60977
18.81 -8.60953
18.84 -8.6093
18.87 -8.60907
18.9 -8.60885
18.93 -8.60862
18.96 -8.60841
18.99 -8.60819
19.02 -8.60798
19.05 -8.60777
19.08 -8.60756
19.11 -8.60736
19.14 -8.60716
19.17 -8.60697
19.2 -8.60678
19.23 -8.60659
19.26 -8.60641
19.29 -8.60623
19.32 -8.60605
19.35 -8.60588
19.38 -8.60571
19.41 -8.60555
19.44 -8.60539
19.47 -8.60523
19.5 -8.60508
19.53 -8.60493
19.56 -8.60479
19.59 -8.60465
19.62 -8.60451
19.65 -8.60438
19.68 -8.60425
19.71 -8.60413
19.74 -8.60401
19.77 -8.6039
19.8 -8.60379
19.83 -8.60368
19.86 -8.60358
19.89 -8.60349
19.92 -8.6034
19.95 -8.60331
19.98 -8.60323
20.01 -8.60315
20.04 -8.60308
20.07 -8.60302
20.1 -8.60296
20.13 -8.60291
20.16 -8.60286
20.19 -8.60282
20.22 -8.60278
20.25 -8.60275
20.28 -8.60272
20.31 -8.6027
20.34 -8.60269
20.37 -8.60268
20.4 -8.60269
20.43 -8.60269
20.46 -8.60271
20.49 -8.60273
20.52 -8.60275
20.55 -8.60279
20.58 -8.60283
20.61 -8.60288
20.64 -8.60294
20.67 -8.603
20.7 -8.60308
20.73 -8.60316
20.76 -8.60325
20.79 -8.60335
20.82 -8.60346
20.85 -8.60357
20.88 -8.6037
20.91 -8.60384
20.94 -8.60398
20.97 -8.60414
21 -8.6043
21.03 -8.60448
21.06 -8.60466
21.09 -8.60486
21.12 -8.60507
21.15 -8.60529
21.18 -8.60552
21.21 -8.60576
21.24 -8.60601
21.27 -8.60628
21.3 -8.60656
21.33 -8.60685
21.36 -8.60716
21.39 -8.60748
21.42 -8.60781
21.45 -8.60816
21.48 -8.60852
21.51 -8.6089
21.54 -8.60929
21.57 -8.6097
21.6 -8.61012
21.63 -8.61056
21.66 -8.61102
21.69 -8.61149
21.72 -8.61198
21.75 -8.61248
21.78 -8.61301
21.81 -8.61355
21.84 -8.61411
21.87 -8.61468
21.9 -8.61528
21.93 -8.6159
21.96 -8.61653
21.99 -8.61719
22.02 -8.61786
22.05 -8.61856
22.08 -8.61928
22.11 -8.62001
22.14 -8.62077
22.17 -8.62155
22.2 -8.62235
22.23 -8.62317
22.26 -8.62402
22.29 -8.62489
22.32 -8.62578
22.35 -8.62669
22.38 -8.62763
22.41 -8.62858
22.44 -8.62957
22.47 -8.63057
22.5 -8.6316
22.53 -8.63265
22.56 -8.63373
22.59 -8.63482
22.62 -8.63595
22.65 -8.63709
22.68 -8.63826
22.71 -8.63945
22.74 -8.64067
22.77 -8.64191
22.8 -8.64317
22.83 -8.64445
22.86 -8.64576
22.89 -8.64709
22.92 -8.64844
22.95 -8.64982
22.98 -8.65121
23.01 -8.65263
23.04 -8.65407
23.07 -8.65553
23.1 -8.65701
23.13 -8.65851
23.16 -8.66003
23.19 -8.66156
23.22 -8.66312
23.25 -8.6647
23.28 -8.66629
23.31 -8.6679
23.34 -8.66952
23.37 -8.67117
23.4 -8.67283
23.43 -8.6745
23.46 -8.67619
23.49 -8.67789
23.52 -8.6796
23.55 -8.68133
23.58 -8.68307
23.61 -8.68482
23.64 -8.68658
23.67 -8.68835
23.7 -8.69013
23.73 -8.69192
23.76 -8.69372
23.79 -8.69553
23.82 -8.69734
23.85 -8.69916
23.88 -8.70098
23.91 -8.70281
23.94 -8.70465
23.97 -8.70649
24 -8.70833
24.03 -8.71017
24.06 -8.71202
24.09 -8.71387
24.12 -8.71572
24.15 -8.71757
24.18 -8.71942
24.21 -8.72127
24.24 -8.72312
24.27 -8.72497
24.3 -8.72681
24.33 -8.72866
24.36 -8.7305
24.39 -8.73234
24.42 -8.73417
24.45 -8.736
24.48 -8.73782
24.51 -8.73964
24.54 -8.74146
24.57 -8.74327
24.6 -8.74507
24.63 -8.74687
24.66 -8.74866
24.69 -8.75044
24.72 -8.75221
24.75 -8.75398
24.78 -8.75574
24.81 -8.75749
24.84 -8.75924
24.87 -8.76097
24.9 -8.7627
24.93 -8.76441
24.96 -8.76612
24.99 -8.76782
25.02 -8.7695
25.05 -8.77118
25.08 -8.77285
25.11 -8.77451
25.14 -8.77615
25.17 -8.77779
25.2 -8.77941
25.23 -8.78103
25.26 -8.78263
25.29 -8.78422
25.32 -8.78581
25.35 -8.78738
25.38 -8.78894
25.41 -8.79048
25.44 -8.79202
25.47 -8.79354
25.5 -8.79506
25.53 -8.79656
25.56 -8.79805
25.59 -8.79953
25.62 -8.80099
25.65 -8.80245
25.68 -8.80389
25.71 -8.80532
25.74 -8.80674
25.77 -8.80814
25.8 -8.80954
25.83 -8.81092
25.86 -8.8123
25.89 -8.81366
25.92 -8.815
25.95 -8.81634
25.98 -8.81766
26.01 -8.81898
26.04 -8.82028
26.07 -8.82157
26.1 -8.82285
26.13 -8.82411
26.16 -8.82537
26.19 -8.82661
26.22 -8.82784
26.25 -8.82907
26.28 -8.83028
26.31 -8.83147
26.34 -8.83266
26.37 -8.83384
26.4 -8.835
26.43 -8.83616
26.46 -8.8373
26.49 -8.83843
26.52 -8.83955
26.55 -8.84067
26.58 -8.84177
26.61 -8.84286
26.64 -8.84394
26.67 -8.845
26.7 -8.84606
26.73 -8.84711
26.76 -8.84815
26.79 -8.84918
26.82 -8.8502
26.85 -8.85121
26.88 -8.8522
26.91 -8.85319
26.94 -8.85417
26.97 -8.85514
27 -8.8561
27.03 -8.85705
27.06 -8.858
27.09 -8.85893
27.12 -8.85985
27.15 -8.86077
27.18 -8.86167
27.21 -8.86257
27.24 -8.86345
27.27 -8.86433
27.3 -8.8652
27.33 -8.86606
27.36 -8.86692
27.39 -8.86776
27.42 -8.8686
27.45 -8.86943
27.48 -8.87025
27.51 -8.87106
27.54 -8.87186
27.57 -8.87266
27.6 -8.87345
27.63 -8.87423
27.66 -8.875
27.69 -8.87577
27.72 -8.87652
27.75 -8.87727
27.78 -8.87802
27.81 -8.87875
27.84 -8.87948
27.87 -8.8802
27.9 -8.88092
27.93 -8.88163
27.96 -8.88233
27.99 -8.88302
28.02 -8.88371
28.05 -8.88439
28.08 -8.88506
28.11 -8.88573
28.14 -8.88639
28.17 -8.88705
28.2 -8.8877
28.23 -8.88834
28.26 -8.88897
28.29 -8.8896
28.32 -8.89023
28.35 -8.89085
28.38 -8.89146
28.41 -8.89206
28.44 -8.89267
28.47 -8.89326
28.5 -8.89385
28.53 -8.89443
28.56 -8.89501
28.59 -8.89558
28.62 -8.89615
28.65 -8.89671
28.68 -8.89727
28.71 -8.89782
28.74 -8.89837
28.77 -8.89891
28.8 -8.89945
28.83 -8.89998
28.86 -8.90051
28.89 -8.90103
28.92 -8.90154
28.95 -8.90206
28.98 -8.90256
29.01 -8.90307
29.04 -8.90356
29.07 -8.90406
29.1 -8.90455
29.13 -8.90503
29.16 -8.90551
29.19 -8.90599
29.22 -8.90646
29.25 -8.90693
29.28 -8.90739
29.31 -8.90785
29.34 -8.90831
29.37 -8.90876
29.4 -8.9092
29.43 -8.90965
29.46 -8.91009
29.49 -8.91052
29.52 -8.91095
29.55 -8.91138
29.58 -8.91181
29.61 -8.91223
29.64 -8.91264
29.67 -8.91306
29.7 -8.91346
29.73 -8.91387
29.76 -8.91427
29.79 -8.91467
29.82 -8.91507
29.85 -8.91546
29.88 -8.91585
29.91 -8.91623
29.94 -8.91662
29.97 -8.917
30 -8.91737
30.001 -10
