0 5
0.03 5.03915
0.06 5.03931
0.09 5.03947
0.12 5.03962
0.15 5.03978
0.18 5.03994
0.21 5.0401
0.24 5.04027
0.27 5.04043
0.3 5.04059
0.33 5.04076
0.36 5.04092
0.39 5.04109
0.42 5.04126
0.45 5.04143
0.48 5.0416
0.51 5.04177
0.54 5.04194
0.57 5.04211
0.6 5.04229
0.63 5.04246
0.66 5.04264
0.69 5.04282
0.72 5.04299
0.75 5.04317
0.78 5.04335
0.81 5.04354
0.84 5.04372
0.87 5.0439
0.9 5.04409
0.93 5.04427
0.96 5.04446
0.99 5.04465
1.02 5.04484
1.05 5.04503
1.08 5.04522
1.11 5.04541
1.14 5.04561
1.17 5.0458
1.2 5.046
1.23 5.0462
1.26 5.0464
1.29 5.0466
1.32 5.0468
1.35 5.047
1.38 5.04721
1.41 5.04741
1.44 5.04762
1.47 5.04783
1.5 5.04803
1.53 5.04824
1.56 5.04846
1.59 5.04867
1.62 5.04888
1.65 5.0491
1.68 5.04932
1.71 5.04953
1.74 5.04975
1.77 5.04997
1.8 5.0502
1.83 5.05042
1.86 5.05064
1.89 5.05087
1.92 5.0511
1.95 5.05133
1.98 5.05156
2.01 5.05179
2.04 5.05202
2.07 5.05226
2.1 5.05249
2.13 5.05273
2.16 5.05297
2.19 5.05321
2.22 5.05345
2.25 5.05369
2.28 5.05394
2.31 5.05418
2.34 5.05443
2.37 5.05468
2.4 5.05493
2.43 5.05518
2.46 5.05544
2.49 5.05569
2.52 5.05595
2.55 5.05621
2.58 5.05646
2.61 5.05673
2.64 5.05699
2.67 5.05725
2.7 5.05752
2.73 5.05778
2.76 5.05805
2.79 5.05832
2.82 5.05859
2.85 5.05887
2.88 5.05914
2.91 5.05942
2.94 5.0597
2.97 5.05998
3 5.06026
3.03 5.06054
3.06 5.06082
3.09 5.06111
3.12 5.0614
3.15 5.06169
3.18 5.06198
3.21 5.06227
3.24 5.06256
3.27 5.06286
3.3 5.06315
3.33 5.06345
3.36 5.06375
3.39 5.06405
3.42 5.06436
3.45 5.06466
3.48 5.06497
3.51 5.06528
3.54 5.06559
3.57 5.0659
3.6 5.06621
3.63 5.06653
3.66 5.06684
3.69 5.06716
3.72 5.06748
3.75 5.0678
3.78 5.06812
3.81 5.06845
3.84 5.06878
3.87 5.0691
3.9 5.06943
3.93 5.06976
3.96 5.0701
3.99 5.07043
4.02 5.07077
4.05 5.0711
4.08 5.07144
4.11 5.07178
4.14 5.07213
4.17 5.07247
4.2 5.07281
4.23 5.07316
4.26 5.07351
4.29 5.07386
4.32 5.07421
4.35 5.07457
4.38 5.07492
4.41 5.07528
4.44 5.07564
4.47 5.076
4.5 5.07636
4.53 5.07672
4.56 5.07709
4.59 5.07745
4.62 5.07782
4.65 5.07819
4.68 5.07856
4.71 5.07894
4.74 5.07931
4.77 5.07969
4.8 5.08006
4.83 5.08044
4.86 5.08082
4.89 5.08121
4.92 5.08159
4.95 5.08197
4.98 5.08236
5.01 5.08275
5.04 5.08314
5.07 5.08353
5.1 5.08392
5.13 5.08432
5.16 5.08471
5.19 5.08511
5.22 5.08551
5.25 5.08591
5.28 5.08631
5.31 5.08672
5.34 5.08712
5.37 5.08753
5.4 5.08793
5.43 5.08834
5.46 5.08875
5.49 5.08917
5.52 5.08958
5.55 5.09
5.58 5.09041
5.61 5.09083
5.64 5.09125
5.67 5.09167
5.7 5.09209
5.73 5.09252
5.76 5.09294
5.79 5.09337
5.82 5.0938
5.85 5.09422
5.88 5.09465
5.91 5.09509
5.94 5.09552
5.97 5.09595
6 5.09639
6.03 5.09683
6.06 5.09727
6.09 5.09771
6.12 5.09815
6.15 5.09859
6.18 5.09903
6.21 5.09948
6.24 5.09993
6.27 5.10037
6.3 5.10082
6.33 5.10127
6.36 5.10173
6.39 5.10218
6.42 5.10263
6.45 5.10309
6.48 5.10354
6.51 5.104
6.54 5.10446
6.57 5.10492
6.6 5.10538
6.63 5.10585
6.66 5.10631
6.69 5.10678
6.72 5.10724
6.75 5.10771
6.78 5.10818
6.81 5.10865
6.84 5.10912
6.87 5.10959
6.9 5.11007
6.93 5.11054
6.96 5.11102
6.99 5.1115
7.02 5.11197
7.05 5.11245
7.08 5.11293
7.11 5.11342
7.14 5.1139
7.17 5.11438
7.2 5.11487
7.23 5.11536
7.26 5.11584
7.29 5.11633
7.32 5.11682
7.35 5.11731
7.38 5.11781
7.41 5.1183
7.44 5.11879
7.47 5.11929
7.5 5.11978
7.53 5.12028
7.56 5.12078
7.59 5.12128
7.62 5.12178
7.65 5.12228
7.68 5.12279
7.71 5.12329
7.74 5.1238
7.77 5.1243
7.8 5.12481
7.83 5.12532
7.86 5.12583
7.89 5.12634
7.92 5.12685
7.95 5.12737
7.98 5.12788
8.01 5.1284
8.04 5.12891
8.07 5.12943
8.1 5.12995
8.13 5.13047
8.16 5.13099
8.19 5.13151
8.22 5.13204
8.25 5.13256
8.28 5.13308
8.31 5.13361
8.34 5.13414
8.37 5.13467
8.4 5.1352
8.43 5.13573
8.46 5.13626
8.49 5.13679
8.52 5.13733
8.55 5.13786
8.58 5.1384
8.61 5.13894
8.64 5.13948
8.67 5.14002
8.7 5.14056
8.73 5.1411
8.76 5.14165
8.79 5.14219
8.82 5.14274
8.85 5.14328
8.88 5.14383
8.91 5.14438
8.94 5.14493
8.97 5.14548
9 5.14604
9.03 5.14659
9.06 5.14715
9.09 5.14771
9.12 5.14826
9.15 5.14882
9.18 5.14938
9.21 5.14995
9.24 5.15051
9.27 5.15108
9.3 5.15164
9.33 5.15221
9.36 5.15278
9.39 5.15335
9.42 5.15392
9.45 5.15449
9.48 5.15507
9.51 5.15564
9.54 5.15622
9.57 5.1568
9.6 5.15738
9.63 5.15796
9.66 5.15854
9.69 5.15913
9.72 5.15971
9.75 5.1603
9.78 5.16089
9.81 5.16148
9.84 5.16207
9.87 5.16266
9.9 5.16326
9.93 5.16385
9.96 5.16445
9.99 5.16505
10.02 5.16565
10.05 5.16625
10.08 5.16686
10.11 5.16747
10.14 5.16807
10.17 5.16868
10.2 5.16929
10.23 5.16991
10.26 5.17052
10.29 5.17114
10.32 5.17175
10.35 5.17237
10.38 5.173
10.41 5.17362
10.44 5.17424
10.47 5.17487
10.5 5.1755
10.53 5.17613
10.56 5.17676
10.59 5.1774
10.62 5.17804
10.65 5.17867
10.68 5.17931
10.71 5.17996
10.74 5.1806
10.77 5.18125
10.8 5.1819
10.83 5.18255
10.86 5.1832
10.89 5.18386
10.92 5.18451
10.95 5.18517
10.98 5.18583
11.01 5.1865
11.04 5.18716
11.07 5.18783
11.1 5.1885
11.13 5.18917
11.16 5.18985
11.19 5.19053
11.22 5.19121
11.25 5.19189
11.28 5.19257
11.31 5.19326
11.34 5.19395
11.37 5.19464
11.4 5.19534
11.43 5.19603
11.46 5.19673
11.49 5.19743
11.52 5.19814
11.55 5.19885
11.58 5.19956
11.61 5.20027
11.64 5.20098
11.67 5.2017
11.7 5.20242
11.73 5.20315
11.76 5.20387
11.79 5.2046
11.82 5.20533
11.85 5.20607
11.88 5.20681
11.91 5.20755
11.94 5.20829
11.97 5.20904
12 5.20979
12.03 5.21054
12.06 5.21129
12.09 5.21205
12.12 5.21282
12.15 5.21358
12.18 5.21435
12.21 5.21512
12.24 5.2159
12.27 5.21667
12.3 5.21745
12.33 5.21824
12.36 5.21903
12.39 5.21982
12.42 5.22061
12.45 5.22141
12.48 5.22221
12.51 5.22302
12.54 5.22383
12.57 5.22464
12.6 5.22545
12.63 5.22627
12.66 5.2271
12.69 5.22792
12.72 5.22875
12.75 5.22959
12.78 5.23043
12.81 5.23127
12.84 5.23211
12.87 5.23296
12.9 5.23382
12.93 5.23467
12.96 5.23553
12.99 5.2364
13.02 5.23727
13.05 5.23814
13.08 5.23902
13.11 5.2399
13.14 5.24078
13.17 5.24167
13.2 5.24257
13.23 5.24346
13.26 5.24437
13.29 5.24527
13.32 5.24618
13.35 5.2471
13.38 5.24802
13.41 5.24894
13.44 5.24987
13.47 5.2508
13.5 5.25174
13.53 5.25268
13.56 5.25363
13.59 5.25458
13.62 5.25553
13.65 5.25649
13.68 5.25746
13.71 5.25843
13.74 5.2594
13.77 5.26038
13.8 5.26136
13.83 5.26235
13.86 5.26334
13.89 5.26434
13.92 5.26534
13.95 5.26635
13.98 5.26736
14.01 5.26838
14.04 5.26941
14.07 5.27043
14.1 5.27147
14.13 5.2725
14.16 5.27355
14.19 5.2746
14.22 5.27565
14.25 5.27671
14.28 5.27777
14.31 5.27884
14.34 5.27991
14.37 5.28099
14.4 5.28208
14.43 5.28317
14.46 5.28427
14.49 5.28537
14.52 5.28647
14.55 5.28759
14.58 5.2887
14.61 5.28983
14.64 5.29096
14.67 5.29209
14.7 5.29323
14.73 5.29438
14.76 5.29553
14.79 5.29668
14.82 5.29785
14.85 5.29901
14.88 5.30019
14.91 5.30137
14.94 5.30255
14.97 5.30375
15 5.30494
15.03 5.30615
15.06 5.30736
15.09 5.30857
15.12 5.30979
15.15 5.31102
15.18 5.31225
15.21 5.31349
15.24 5.31473
15.27 5.31599
15.3 5.31724
15.33 5.31851
15.36 5.31977
15.39 5.32105
15.42 5.32233
15.45 5.32362
15.48 5.32491
15.51 5.32621
15.54 5.32752
15.57 5.32883
15.6 5.33015
15.63 5.33147
15.66 5.3328
15.69 5.33414
15.72 5.33548
15.75 5.33683
15.78 5.33819
15.81 5.33955
15.84 5.34092
15.87 5.34229
15.9 5.34367
15.93 5.34506
15.96 5.34645
15.99 5.34785
16.02 5.34926
16.05 5.35067
16.08 5.35209
16.11 5.35351
16.14 5.35495
16.17 5.35638
16.2 5.35783
16.23 5.35928
16.26 5.36074
16.29 5.3622
16.32 5.36367
16.35 5.36514
16.38 5.36663
16.41 5.36812
16.44 5.36961
16.47 5.37111
16.5 5.37262
16.53 5.37413
16.56 5.37565
16.59 5.37718
16.62 5.37872
16.65 5.38025
16.68 5.3818
16.71 5.38335
16.74 5.38491
16.77 5.38648
16.8 5.38805
16.83 5.38962
16.86 5.39121
16.89 5.3928
16.92 5.39439
16.95 5.396
16.98 5.39761
17.01 5.39922
17.04 5.40084
17.07 5.40247
17.1 5.4041
17.13 5.40574
17.16 5.40739
17.19 5.40904
17.22 5.4107
17.25 5.41236
17.28 5.41403
17.31 5.41571
17.34 5.41739
17.37 5.41908
17.4 5.42077
17.43 5.42247
17.46 5.42418
17.49 5.42589
17.52 5.42761
17.55 5.42933
17.58 5.43106
17.61 5.4328
17.64 5.43454
17.67 5.43628
17.7 5.43804
17.73 5.4398
17.76 5.44156
17.79 5.44333
17.82 5.44511
17.85 5.44689
17.88 5.44868
17.91 5.45047
17.94 5.45227
17.97 5.45407
18 5.45588
18.03 5.4577
18.06 5.45952
18.09 5.46134
18.12 5.46318
18.15 5.46501
18.18 5.46686
18.21 5.46871
18.24 5.47056
18.27 5.47242
18.3 5.47428
18.33 5.47616
18.36 5.47803
18.39 5.47991
18.42 5.4818
18.45 5.48369
18.48 5.48559
18.51 5.4875
18.54 5.48941
18.57 5.49132
18.6 5.49324
18.63 5.49517
18.66 5.4971
18.69 5.49904
18.72 5.50098
18.75 5.50293
18.78 5.50488
18.81 5.50685
18.84 5.50881
18.87 5.51078
18.9 5.51276
18.93 5.51475
18.96 5.51674
18.99 5.51873
19.02 5.52073
19.05 5.52274
19.08 5.52476
19.11 5.52678
19.14 5.52881
19.17 5.53084
19.2 5.53288
19.23 5.53493
19.26 5.53698
19.29 5.53904
19.32 5.54111
19.35 5.54319
19.38 5.54527
19.41 5.54736
19.44 5.54946
19.47 5.55156
19.5 5.55368
19.53 5.5558
19.56 5.55792
19.59 5.56006
19.62 5.5622
19.65 5.56436
19.68 5.56652
19.71 5.56869
19.74 5.57087
19.77 5.57306
19.8 5.57526
19.83 5.57746
19.86 5.57968
19.89 5.5819
19.92 5.58414
19.95 5.58639
19.98 5.58864
20.01 5.59091
20.04 5.59319
20.07 5.59548
20.1 5.59778
20.13 5.60009
20.16 5.60241
20.19 5.60474
20.22 5.60709
20.25 5.60945
20.28 5.61182
20.31 5.6142
20.34 5.6166
20.37 5.619
20.4 5.62142
20.43 5.62386
20.46 5.6263
20.49 5.62876
20.52 5.63124
20.55 5.63372
20.58 5.63623
20.61 5.63874
20.64 5.64127
20.67 5.64381
20.7 5.64637
20.73 5.64894
20.76 5.65153
20.79 5.65412
20.82 5.65674
20.85 5.65937
20.88 5.66201
20.91 5.66467
20.94 5.66734
20.97 5.67002
21 5.67272
21.03 5.67543
21.06 5.67816
21.09 5.6809
21.12 5.68365
21.15 5.68642
21.18 5.6892
21.21 5.69199
21.24 5.69479
21.27 5.69761
21.3 5.70043
21.33 5.70327
21.36 5.70611
21.39 5.70897
21.42 5.71184
21.45 5.71471
21.48 5.71759
21.51 5.72048
21.54 5.72337
21.57 5.72628
21.6 5.72918
21.63 5.73209
21.66 5.735
21.69 5.73791
21.72 5.74083
21.75 5.74374
21.78 5.74666
21.81 5.74957
21.84 5.75247
21.87 5.75537
21.9 5.75827
21.93 5.76116
21.96 5.76404
21.99 5.76691
22.02 5.76977
22.05 5.77261
22.08 5.77544
22.11 5.77826
22.14 5.78106
22.17 5.78384
22.2 5.7866
22.23 5.78933
22.26 5.79205
22.29 5.79474
22.32 5.7974
22.35 5.80004
22.38 5.80264
22.41 5.80522
22.44 5.80776
22.47 5.81027
22.5 5.81274
22.53 5.81518
22.56 5.81758
22.59 5.81994
22.62 5.82226
22.65 5.82454
22.68 5.82678
22.71 5.82897
22.74 5.83112
22.77 5.83322
22.8 5.83528
22.83 5.83729
22.86 5.83925
22.89 5.84116
22.92 5.84302
22.95 5.84483
22.98 5.84659
23.01 5.8483
23.04 5.84996
23.07 5.85157
23.1 5.85312
23.13 5.85462
23.16 5.85607
23.19 5.85747
23.22 5.85882
23.25 5.86012
23.28 5.86136
23.31 5.86255
23.34 5.8637
23.37 5.86479
23.4 5.86583
23.43 5.86683
23.46 5.86777
23.49 5.86867
23.52 5.86952
23.55 5.87032
23.58 5.87108
23.61 5.87179
23.64 5.87246
23.67 5.87309
23.7 5.87368
23.73 5.87422
23.76 5.87472
23.79 5.87519
23.82 5.87561
23.85 5.876
23.88 5.87635
23.91 5.87667
23.94 5.87695
23.97 5.8772
24 5.87742
24.03 5.87761
24.06 5.87777
24.09 5.87789
24.12 5.87799
24.15 5.87807
24.18 5.87811
24.21 5.87814
24.24 5.87813
24.27 5.87811
24.3 5.87806
24.33 5.87799
24.36 5.8779
24.39 5.87779
24.42 5.87766
24.45 5.87751
24.48 5.87735
24.51 5.87717
24.54 5.87697
24.57 5.87676
24.6 5.87654
24.63 5.8763
24.66 5.87605
24.69 5.87578
24.72 5.87551
24.75 5.87522
24.78 5.87493
24.81 5.87462
24.84 5.87431
24.87 5.87398
24.9 5.87365
24.93 5.87331
24.96 5.87296
24.99 5.87261
25.02 5.87225
25.05 5.87188
25.08 5.87151
25.11 5.87113
25.14 5.87075
25.17 5.87037
25.2 5.86998
25.23 5.86958
25.26 5.86919
25.29 5.86879
25.32 5.86838
25.35 5.86798
25.38 5.86757
25.41 5.86716
25.44 5.86675
25.47 5.86634
25.5 5.86592
25.53 5.86551
25.56 5.86509
25.59 5.86468
25.62 5.86426
25.65 5.86384
25.68 5.86342
25.71 5.86301
25.74 5.86259
25.77 5.86217
25.8 5.86176
25.83 5.86134
25.86 5.86092
25.89 5.86051
25.92 5.86009
25.95 5.85968
25.98 5.85927
26.01 5.85886
26.04 5.85845
26.07 5.85804
26.1 5.85763
26.13 5.85723
26.16 5.85682
26.19 5.85642
26.22 5.85602
26.25 5.85562
26.28 5.85522
26.31 5.85483
26.34 5.85443
26.37 5.85404
26.4 5.85365
26.43 5.85326
26.46 5.85288
26.49 5.85249
26.52 5.85211
26.55 5.85173
26.58 5.85135
26.61 5.85098
26.64 5.85061
26.67 5.85023
26.7 5.84987
26.73 5.8495
26.76 5.84913
26.79 5.84877
26.82 5.84841
26.85 5.84805
26.88 5.8477
26.91 5.84734
26.94 5.84699
26.97 5.84664
27 5.8463
27.03 5.84595
27.06 5.84561
27.09 5.84527
27.12 5.84493
27.15 5.8446
27.18 5.84427
27.21 5.84394
27.24 5.84361
27.27 5.84328
27.3 5.84296
27.33 5.84264
27.36 5.84232
27.39 5.842
27.42 5.84168
27.45 5.84137
27.48 5.84106
27.51 5.84075
27.54 5.84044
27.57 5.84014
27.6 5.83984
27.63 5.83954
27.66 5.83924
27.69 5.83894
27.72 5.83865
27.75 5.83836
27.78 5.83807
27.81 5.83778
27.84 5.8375
27.87 5.83721
27.9 5.83693
27.93 5.83665
27.96 5.83638
27.99 5.8361
28.02 5.83583
28.05 5.83555
28.08 5.83529
28.11 5.83502
28.14 5.83475
28.17 5.83449
28.2 5.83423
28.23 5.83397
28.26 5.83371
28.29 5.83345
28.32 5.8332
28.35 5.83294
28.38 5.83269
28.41 5.83244
28.44 5.8322
28.47 5.83195
28.5 5.83171
28.53 5.83147
28.56 5.83123
28.59 5.83099
28.62 5.83075
28.65 5.83051
28.68 5.83028
28.71 5.83005
28.74 5.82982
28.77 5.82959
28.8 5.82936
28.83 5.82914
28.86 5.82891
28.89 5.82869
28.92 5.82847
28.95 5.82825
28.98 5.82803
29.01 5.82782
29.04 5.8276
29.07 5.82739
29.1 5.82718
29.13 5.82696
29.16 5.82676
29.19 5.82655
29.22 5.82634
29.25 5.82614
29.28 5.82593
29.31 5.82573
29.34 5.82553
29.37 5.82533
29.4 5.82513
29.43 5.82494
29.46 5.82474
29.49 5.82455
29.52 5.82436
29.55 5.82416
29.58 5.82397
29.61 5.82379
29.64 5.8236
29.67 5.82341
29.7 5.82323
29.73 5.82304
29.76 5.82286
29.79 5.82268
29.82 5.8225
29.85 5.82232
29.88 5.82214
29.91 5.82196
29.94 5.82179
29.97 5.82161
30 5.82144
30.001 5
