0 5
0.03 4.9853
0.06 4.98535
0.09 4.9854
0.12 4.98545
0.15 4.98551
0.18 4.98556
0.21 4.98561
0.24 4.98566
0.27 4.98572
0.3 4.98577
0.33 4.98582
0.36 4.98588
0.39 4.98593
0.42 4.98598
0.45 4.98604
0.48 4.98609
0.51 4.98615
0.54 4.9862
0.57 4.98625
0.6 4.98631
0.63 4.98636
0.66 4.98642
0.69 4.98647
0.72 4.98653
0.75 4.98658
0.78 4.98664
0.81 4.98669
0.84 4.98675
0.87 4.9868
0.9 4.98686
0.93 4.98692
0.96 4.98697
0.99 4.98703
1.02 4.98708
1.05 4.98714
1.08 4.9872
1.11 4.98725
1.14 4.98731
1.17 4.98737
1.2 4.98742
1.23 4.98748
1.26 4.98754
1.29 4.9876
1.32 4.98765
1.35 4.98771
1.38 4.98777
1.41 4.98783
1.44 4.98789
1.47 4.98794
1.5 4.988
1.53 4.98806
1.56 4.98812
1.59 4.98818
1.62 4.98824
1.65 4.9883
1.68 4.98836
1.71 4.98842
1.74 4.98848
1.77 4.98853
1.8 4.98859
1.83 4.98865
1.86 4.98872
1.89 4.98878
1.92 4.98884
1.95 4.9889
1.98 4.98896
2.01 4.98902
2.04 4.98908
2.07 4.98914
2.1 4.9892
2.13 4.98926
2.16 4.98933
2.19 4.98939
2.22 4.98945
2.25 4.98951
2.28 4.98958
2.31 4.98964
2.34 4.9897
2.37 4.98976
2.4 4.98983
2.43 4.98989
2.46 4.98995
2.49 4.99002
2.52 4.99008
2.55 4.99014
2.58 4.99021
2.61 4.99027
2.64 4.99034
2.67 4.9904
2.7 4.99047
2.73 4.99053
2.76 4.9906
2.79 4.99066
2.82 4.99073
2.85 4.99079
2.88 4.99086
2.91 4.99093
2.94 4.99099
2.97 4.99106
3 4.99112
3.03 4.99119
3.06 4.99126
3.09 4.99133
3.12 4.99139
3.15 4.99146
3.18 4.99153
3.21 4.9916
3.24 4.99166
3.27 4.99173
3.3 4.9918
3.33 4.99187
3.36 4.99194
3.39 4.99201
3.42 4.99208
3.45 4.99214
3.48 4.99221
3.51 4.99228
3.54 4.99235
3.57 4.99242
3.6 4.99249
3.63 4.99257
3.66 4.99264
3.69 4.99271
3.72 4.99278
3.75 4.99285
3.78 4.99292
3.81 4.99299
3.84 4.99306
3.87 4.99314
3.9 4.99321
3.93 4.99328
3.96 4.99335
3.99 4.99343
4.02 4.9935
4.05 4.99357
4.08 4.99365
4.11 4.99372
4.14 4.9938
4.17 4.99387
4.2 4.99394
4.23 4.99402
4.26 4.99409
4.29 4.99417
4.32 4.99424
4.35 4.99432
4.38 4.9944
4.41 4.99447
4.44 4.99455
4.47 4.99463
4.5 4.9947
4.53 4.99478
4.56 4.99486
4.59 4.99493
4.62 4.99501
4.65 4.99509
4.68 4.99517
4.71 4.99525
4.74 4.99532
4.77 4.9954
4.8 4.99548
4.83 4.99556
4.86 4.99564
4.89 4.99572
4.92 4.9958
4.95 4.99588
4.98 4.99596
5.01 4.99604
5.04 4.99612
5.07 4.99621
5.1 4.99629
5.13 4.99637
5.16 4.99645
5.19 4.99653
5.22 4.99662
5.25 4.9967
5.28 4.99678
5.31 4.99687
5.34 4.99695
5.37 4.99703
5.4 4.99712
5.43 4.9972
5.46 4.99729
5.49 4.99737
5.52 4.99746
5.55 4.99754
5.58 4.99763
5.61 4.99771
5.64 4.9978
5.67 4.99789
5.7 4.99797
5.73 4.99806
5.76 4.99815
5.79 4.99824
5.82 4.99833
5.85 4.99841
5.88 4.9985
5.91 4.99859
5.94 4.99868
5.97 4.99877
6 4.99886
6.03 4.99895
6.06 4.99904
6.09 4.99913
6.12 4.99922
6.15 4.99931
6.18 4.99941
6.21 4.9995
6.24 4.99959
6.27 4.99968
6.3 4.99978
6.33 4.99987
6.36 4.99996
6.39 5.00006
6.42 5.00015
6.45 5.00025
6.48 5.00034
6.51 5.00044
6.54 5.00053
6.57 5.00063
6.6 5.00072
6.63 5.00082
6.66 5.00092
6.69 5.00102
6.72 5.00111
6.75 5.00121
6.78 5.00131
6.81 5.00141
6.84 5.00151
6.87 5.00161
6.9 5.00171
6.93 5.00181
6.96 5.00191
6.99 5.00201
7.02 5.00211
7.05 5.00221
7.08 5.00231
7.11 5.00241
7.14 5.00252
7.17 5.00262
7.2 5.00272
7.23 5.00283
7.26 5.00293
7.29 5.00304
7.32 5.00314
7.35 5.00325
7.38 5.00335
7.41 5.00346
7.44 5.00357
7.47 5.00367
7.5 5.00378
7.53 5.00389
7.56 5.004
7.59 5.0041
7.62 5.00421
7.65 5.00432
7.68 5.00443
7.71 5.00454
7.74 5.00465
7.77 5.00476
7.8 5.00488
7.83 5.00499
7.86 5.0051
7.89 5.00521
7.92 5.00533
7.95 5.00544
7.98 5.00555
8.01 5.00567
8.04 5.00578
8.07 5.0059
8.1 5.00601
8.13 5.00613
8.16 5.00625
8.19 5.00636
8.22 5.00648
8.25 5.0066
8.28 5.00672
8.31 5.00684
8.34 5.00696
8.37 5.00708
8.4 5.0072
8.43 5.00732
8.46 5.00744
8.49 5.00756
8.52 5.00768
8.55 5.00781
8.58 5.00793
8.61 5.00805
8.64 5.00818
8.67 5.0083
8.7 5.00843
8.73 5.00856
8.76 5.00868
8.79 5.00881
8.82 5.00894
8.85 5.00907
8.88 5.00919
8.91 5.00932
8.94 5.00945
8.97 5.00958
9 5.00971
9.03 5.00984
9.06 5.00998
9.09 5.01011
9.12 5.01024
9.15 5.01038
9.18 5.01051
9.21 5.01064
9.24 5.01078
9.27 5.01092
9.3 5.01105
9.33 5.01119
9.36 5.01133
9.39 5.01146
9.42 5.0116
9.45 5.01174
9.48 5.01188
9.51 5.01202
9.54 5.01216
9.57 5.01231
9.6 5.01245
9.63 5.01259
9.66 5.01274
9.69 5.01288
9.72 5.01302
9.75 5.01317
9.78 5.01332
9.81 5.01346
9.84 5.01361
9.87 5.01376
9.9 5.01391
9.93 5.01406
9.96 5.01421
9.99 5.01436
10.02 5.01451
10.05 5.01466
10.08 5.01481
10.11 5.01497
10.14 5.01512
10.17 5.01528
10.2 5.01543
10.23 5.01559
10.26 5.01575
10.29 5.0159
10.32 5.01606
10.35 5.01622
10.38 5.01638
10.41 5.01654
10.44 5.0167
10.47 5.01686
10.5 5.01703
10.53 5.01719
10.56 5.01736
10.59 5.01752
10.62 5.01769
10.65 5.01785
10.68 5.01802
10.71 5.01819
10.74 5.01836
10.77 5.01853
10.8 5.0187
10.83 5.01887
10.86 5.01904
10.89 5.01921
10.92 5.01939
10.95 5.01956
10.98 5.01974
11.01 5.01991
11.04 5.02009
11.07 5.02027
11.1 5.02045
11.13 5.02063
11.16 5.02081
11.19 5.02099
11.22 5.02117
11.25 5.02136
11.28 5.02154
11.31 5.02172
11.34 5.02191
11.37 5.0221
11.4 5.02229
11.43 5.02247
11.46 5.02266
11.49 5.02285
11.52 5.02305
11.55 5.02324
11.58 5.02343
11.61 5.02362
11.64 5.02382
11.67 5.02402
11.7 5.02421
11.73 5.02441
11.76 5.02461
11.79 5.02481
11.82 5.02501
11.85 5.02521
11.88 5.02542
11.91 5.02562
11.94 5.02583
11.97 5.02603
12 5.02624
12.03 5.02645
12.06 5.02666
12.09 5.02687
12.12 5.02708
12.15 5.02729
12.18 5.0275
12.21 5.02772
12.24 5.02793
12.27 5.02815
12.3 5.02837
12.33 5.02859
12.36 5.02881
12.39 5.02903
12.42 5.02925
12.45 5.02947
12.48 5.0297
12.51 5.02992
12.54 5.03015
12.57 5.03038
12.6 5.03061
12.63 5.03084
12.66 5.03107
12.69 5.0313
12.72 5.03154
12.75 5.03177
12.78 5.03201
12.81 5.03225
12.84 5.03248
12.87 5.03272
12.9 5.03297
12.93 5.03321
12.96 5.03345
12.99 5.0337
13.02 5.03394
13.05 5.03419
13.08 5.03444
13.11 5.03469
13.14 5.03494
13.17 5.0352
13.2 5.03545
13.23 5.03571
13.26 5.03596
13.29 5.03622
13.32 5.03648
13.35 5.03674
13.38 5.037
13.41 5.03727
13.44 5.03753
13.47 5.0378
13.5 5.03807
13.53 5.03834
13.56 5.03861
13.59 5.03888
13.62 5.03916
13.65 5.03943
13.68 5.03971
13.71 5.03999
13.74 5.04027
13.77 5.04055
13.8 5.04083
13.83 5.04111
13.86 5.0414
13.89 5.04169
13.92 5.04198
13.95 5.04227
13.98 5.04256
14.01 5.04285
14.04 5.04315
14.07 5.04344
14.1 5.04374
14.13 5.04404
14.16 5.04434
14.19 5.04465
14.22 5.04495
14.25 5.04526
14.28 5.04557
14.31 5.04588
14.34 5.04619
14.37 5.0465
14.4 5.04682
14.43 5.04713
14.46 5.04745
14.49 5.04777
14.52 5.04809
14.55 5.04842
14.58 5.04874
14.61 5.04907
14.64 5.0494
14.67 5.04973
14.7 5.05006
14.73 5.05039
14.76 5.05073
14.79 5.05107
14.82 5.05141
14.85 5.05175
14.88 5.05209
14.91 5.05244
14.94 5.05278
14.97 5.05313
15 5.05348
15.03 5.05384
15.06 5.05419
15.09 5.05455
15.12 5.05491
15.15 5.05527
15.18 5.05563
15.21 5.05599
15.24 5.05636
15.27 5.05673
15.3 5.0571
15.33 5.05747
15.36 5.05784
15.39 5.05822
15.42 5.0586
15.45 5.05898
15.48 5.05936
15.51 5.05975
15.54 5.06013
15.57 5.06052
15.6 5.06091
15.63 5.06131
15.66 5.0617
15.69 5.0621
15.72 5.0625
15.75 5.0629
15.78 5.0633
15.81 5.06371
15.84 5.06412
15.87 5.06453
15.9 5.06494
15.93 5.06535
15.96 5.06577
15.99 5.06619
16.02 5.06661
16.05 5.06704
16.08 5.06746
16.11 5.06789
16.14 5.06832
16.17 5.06875
16.2 5.06919
16.23 5.06963
16.26 5.07007
16.29 5.07051
16.32 5.07095
16.35 5.0714
16.38 5.07185
16.41 5.0723
16.44 5.07275
16.47 5.07321
16.5 5.07367
16.53 5.07413
16.56 5.07459
16.59 5.07506
16.62 5.07553
16.65 5.076
16.68 5.07647
16.71 5.07695
16.74 5.07743
16.77 5.07791
16.8 5.07839
16.83 5.07888
16.86 5.07937
16.89 5.07986
16.92 5.08035
16.95 5.08085
16.98 5.08135
17.01 5.08185
17.04 5.08236
17.07 5.08286
17.1 5.08337
17.13 5.08388
17.16 5.0844
17.19 5.08492
17.22 5.08544
17.25 5.08596
17.28 5.08648
17.31 5.08701
17.34 5.08754
17.37 5.08808
17.4 5.08861
17.43 5.08915
17.46 5.08969
17.49 5.09024
17.52 5.09078
17.55 5.09133
17.58 5.09189
17.61 5.09244
17.64 5.093
17.67 5.09356
17.7 5.09413
17.73 5.09469
17.76 5.09526
17.79 5.09583
17.82 5.09641
17.85 5.09699
17.88 5.09757
17.91 5.09815
17.94 5.09874
17.97 5.09933
18 5.09992
18.03 5.10052
18.06 5.10112
18.09 5.10172
18.12 5.10232
18.15 5.10293
18.18 5.10354
18.21 5.10415
18.24 5.10477
18.27 5.10539
18.3 5.10601
18.33 5.10664
18.36 5.10727
18.39 5.1079
18.42 5.10853
18.45 5.10917
18.48 5.10981
18.51 5.11045
18.54 5.1111
18.57 5.11175
18.6 5.1124
18.63 5.11306
18.66 5.11372
18.69 5.11438
18.72 5.11505
18.75 5.11572
18.78 5.11639
18.81 5.11707
18.84 5.11774
18.87 5.11843
18.9 5.11911
18.93 5.1198
18.96 5.12049
18.99 5.12119
19.02 5.12189
19.05 5.12259
19.08 5.12329
19.11 5.124
19.14 5.12471
19.17 5.12543
19.2 5.12615
19.23 5.12687
19.26 5.1276
19.29 5.12833
19.32 5.12906
19.35 5.12979
19.38 5.13053
19.41 5.13128
19.44 5.13203
19.47 5.13278
19.5 5.13353
19.53 5.13429
19.56 5.13505
19.59 5.13582
19.62 5.13658
19.65 5.13736
19.68 5.13813
19.71 5.13891
19.74 5.1397
19.77 5.14049
19.8 5.14128
19.83 5.14208
19.86 5.14288
19.89 5.14368
19.92 5.14449
19.95 5.1453
19.98 5.14612
20.01 5.14694
20.04 5.14776
20.07 5.14859
20.1 5.14943
20.13 5.15026
20.16 5.15111
20.19 5.15195
20.22 5.1528
20.25 5.15366
20.28 5.15452
20.31 5.15538
20.34 5.15625
20.37 5.15713
20.4 5.15801
20.43 5.15889
20.46 5.15978
20.49 5.16068
20.52 5.16158
20.55 5.16248
20.58 5.16339
20.61 5.1643
20.64 5.16522
20.67 5.16615
20.7 5.16708
20.73 5.16802
20.76 5.16896
20.79 5.16991
20.82 5.17087
20.85 5.17183
20.88 5.17279
20.91 5.17376
20.94 5.17474
20.97 5.17573
21 5.17672
21.03 5.17772
21.06 5.17873
21.09 5.17974
21.12 5.18076
21.15 5.18178
21.18 5.18282
21.21 5.18386
21.24 5.18491
21.27 5.18596
21.3 5.18703
21.33 5.1881
21.36 5.18918
21.39 5.19027
21.42 5.19136
21.45 5.19247
21.48 5.19358
21.51 5.1947
21.54 5.19584
21.57 5.19698
21.6 5.19813
21.63 5.19929
21.66 5.20046
21.69 5.20164
21.72 5.20283
21.75 5.20403
21.78 5.20525
21.81 5.20647
21.84 5.20771
21.87 5.20895
21.9 5.21021
21.93 5.21148
21.96 5.21276
21.99 5.21406
22.02 5.21537
22.05 5.21669
22.08 5.21802
22.11 5.21937
22.14 5.22073
22.17 5.22211
22.2 5.2235
22.23 5.2249
22.26 5.22633
22.29 5.22776
22.32 5.22922
22.35 5.23068
22.38 5.23217
22.41 5.23367
22.44 5.23519
22.47 5.23673
22.5 5.23829
22.53 5.23986
22.56 5.24146
22.59 5.24307
22.62 5.24471
22.65 5.24636
22.68 5.24803
22.71 5.24973
22.74 5.25145
22.77 5.25319
22.8 5.25495
22.83 5.25673
22.86 5.25854
22.89 5.26038
22.92 5.26223
22.95 5.26411
22.98 5.26602
23.01 5.26796
23.04 5.26991
23.07 5.2719
23.1 5.27392
23.13 5.27596
23.16 5.27803
23.19 5.28013
23.22 5.28225
23.25 5.28441
23.28 5.2866
23.31 5.28882
23.34 5.29107
23.37 5.29335
23.4 5.29567
23.43 5.29801
23.46 5.30039
23.49 5.30281
23.52 5.30526
23.55 5.30774
23.58 5.31025
23.61 5.31281
23.64 5.31539
23.67 5.31802
23.7 5.32067
23.73 5.32337
23.76 5.3261
23.79 5.32886
23.82 5.33167
23.85 5.33451
23.88 5.33738
23.91 5.3403
23.94 5.34325
23.97 5.34623
24 5.34925
24.03 5.35231
24.06 5.3554
24.09 5.35853
24.12 5.3617
24.15 5.36489
24.18 5.36812
24.21 5.37139
24.24 5.37468
24.27 5.37801
24.3 5.38137
24.33 5.38475
24.36 5.38817
24.39 5.39161
24.42 5.39508
24.45 5.39857
24.48 5.40209
24.51 5.40562
24.54 5.40918
24.57 5.41275
24.6 5.41634
24.63 5.41995
24.66 5.42356
24.69 5.42719
24.72 5.43082
24.75 5.43447
24.78 5.43811
24.81 5.44176
24.84 5.4454
24.87 5.44904
24.9 5.45267
24.93 5.4563
24.96 5.45992
24.99 5.46352
25.02 5.4671
25.05 5.47067
25.08 5.47421
25.11 5.47773
25.14 5.48123
25.17 5.4847
25.2 5.48813
25.23 5.49153
25.26 5.4949
25.29 5.49823
25.32 5.50151
25.35 5.50476
25.38 5.50796
25.41 5.51111
25.44 5.51422
25.47 5.51728
25.5 5.52029
25.53 5.52324
25.56 5.52614
25.59 5.52899
25.62 5.53178
25.65 5.53451
25.68 5.53719
25.71 5.53981
25.74 5.54237
25.77 5.54487
25.8 5.54731
25.83 5.5497
25.86 5.55202
25.89 5.55428
25.92 5.55649
25.95 5.55863
25.98 5.56072
26.01 5.56275
26.04 5.56472
26.07 5.56664
26.1 5.5685
26.13 5.5703
26.16 5.57205
26.19 5.57374
26.22 5.57538
26.25 5.57697
26.28 5.57851
26.31 5.58
26.34 5.58144
26.37 5.58283
26.4 5.58418
26.43 5.58548
26.46 5.58673
26.49 5.58794
26.52 5.58911
26.55 5.59024
26.58 5.59133
26.61 5.59238
26.64 5.59339
26.67 5.59436
26.7 5.5953
26.73 5.5962
26.76 5.59707
26.79 5.59791
26.82 5.59871
26.85 5.59948
26.88 5.60023
26.91 5.60094
26.94 5.60163
26.97 5.60229
27 5.60292
27.03 5.60353
27.06 5.60411
27.09 5.60467
27.12 5.6052
27.15 5.60571
27.18 5.6062
27.21 5.60667
27.24 5.60712
27.27 5.60755
27.3 5.60796
27.33 5.60835
27.36 5.60873
27.39 5.60908
27.42 5.60942
27.45 5.60974
27.48 5.61005
27.51 5.61034
27.54 5.61062
27.57 5.61088
27.6 5.61113
27.63 5.61136
27.66 5.61158
27.69 5.61179
27.72 5.61199
27.75 5.61217
27.78 5.61235
27.81 5.61251
27.84 5.61266
27.87 5.6128
27.9 5.61293
27.93 5.61305
27.96 5.61316
27.99 5.61326
28.02 5.61335
28.05 5.61343
28.08 5.61351
28.11 5.61358
28.14 5.61363
28.17 5.61368
28.2 5.61373
28.23 5.61376
28.26 5.61379
28.29 5.61381
28.32 5.61383
28.35 5.61384
28.38 5.61384
28.41 5.61384
28.44 5.61383
28.47 5.61382
28.5 5.61379
28.53 5.61377
28.56 5.61374
28.59 5.6137
28.62 5.61366
28.65 5.61362
28.68 5.61357
28.71 5.61351
28.74 5.61346
28.77 5.61339
28.8 5.61333
28.83 5.61326
28.86 5.61318
28.89 5.6131
28.92 5.61302
28.95 5.61294
28.98 5.61285
29.01 5.61276
29.04 5.61267
29.07 5.61257
29.1 5.61247
29.13 5.61237
29.16 5.61226
29.19 5.61216
29.22 5.61205
29.25 5.61193
29.28 5.61182
29.31 5.6117
29.34 5.61158
29.37 5.61146
29.4 5.61134
29.43 5.61122
29.46 5.61109
29.49 5.61096
29.52 5.61083
29.55 5.6107
29.58 5.61057
29.61 5.61043
29.64 5.6103
29.67 5.61016
29.7 5.61002
29.73 5.60988
29.76 5.60974
29.79 5.6096
29.82 5.60946
29.85 5.60931
29.88 5.60917
29.91 5.60902
29.94 5.60888
29.97 5.60873
30 5.60858
30.001 5
