0 -10
0.03 -8.8093
0.06 -8.80907
0.09 -8.80883
0.12 -8.8086
0.15 -8.80836
0.18 -8.80813
0.21 -8.80789
0.24 -8.80766
0.27 -8.80742
0.3 -8.80719
0.33 -8.80695
0.36 -8.80672
0.39 -8.80648
0.42 -8.80624
0.45 -8.80601
0.48 -8.80577
0.51 -8.80554
0.54 -8.8053
0.57 -8.80506
0.6 -8.80483
0.63 -8.80459
0.66 -8.80435
0.69 -8.80412
0.72 -8.80388
0.75 -8.80364
0.78 -8.80341
0.81 -8.80317
0.84 -8.80293
0.87 -8.80269
0.9 -8.80245
0.93 -8.80222
0.96 -8.80198
0.99 -8.80174
1.02 -8.8015
1.05 -8.80126
1.08 -8.80102
1.11 -8.80079
1.14 -8.80055
1.17 -8.80031
1.2 -8.80007
1.23 -8.79983
1.26 -8.79959
1.29 -8.79935
1.32 -8.79911
1.35 -8.79887
1.38 -8.79863
1.41 -8.79839
1.44 -8.79815
1.47 -8.79791
1.5 -8.79767
1.53 -8.79743
1.56 -8.79719
1.59 -8.79695
1.62 -8.7967
1.65 -8.79646
1.68 -8.79622
1.71 -8.79598
1.74 -8.79574
1.77 -8.7955
1.8 -8.79525
1.83 -8.79501
1.86 -8.79477
1.89 -8.79453
1.92 -8.79428
1.95 -8.79404
1.98 -8.7938
2.01 -8.79355
2.04 -8.79331
2.07 -8.79307
2.1 -8.79282
2.13 -8.79258
2.16 -8.79234
2.19 -8.79209
2.22 -8.79185
2.25 -8.7916
2.28 -8.79136
2.31 -8.79111
2.34 -8.79087
2.37 -8.79062
2.4 -8.79038
2.43 -8.79013
2.46 -8.78989
2.49 -8.78964
2.52 -8.7894
2.55 -8.78915
2.58 -8.78891
2.61 -8.78866
2.64 -8.78841
2.67 -8.78817
2.7 -8.78792
2.73 -8.78767
2.76 -8.78743
2.79 -8.78718
2.82 -8.78693
2.85 -8.78668
2.88 -8.78644
2.91 -8.78619
2.94 -8.78594
2.97 -8.78569
3 -8.78544
3.03 -8.7852
3.06 -8.78495
3.09 -8.7847
3.12 -8.78445
3.15 -8.7842
3.18 -8.78395
3.21 -8.7837
3.24 -8.78345
3.27 -8.7832
3.3 -8.78295
3.33 -8.7827
3.36 -8.78245
3.39 -8.7822
3.42 -8.78195
3.45 -8.7817
3.48 -8.78145
3.51 -8.7812
3.54 -8.78094
3.57 -8.78069
3.6 -8.78044
3.63 -8.78019
3.66 -8.77994
3.69 -8.77968
3.72 -8.77943
3.75 -8.77918
3.78 -8.77893
3.81 -8.77867
3.84 -8.77842
3.87 -8.77817
3.9 -8.77791
3.93 -8.77766
3.96 -8.77741
3.99 -8.77715
4.02 -8.7769
4.05 -8.77664
4.08 -8.77639
4.11 -8.77613
4.14 -8.77588
4.17 -8.77562
4.2 -8.77537
4.23 -8.77511
4.26 -8.77485
4.29 -8.7746
4.32 -8.77434
4.35 -8.77409
4.38 -8.77383
4.41 -8.77357
4.44 -8.77332
4.47 -8.77306
4.5 -8.7728
4.53 -8.77254
4.56 -8.77229
4.59 -8.77203
4.62 -8.77177
4.65 -8.77151
4.68 -8.77125
4.71 -8.77099
4.74 -8.77073
4.77 -8.77047
4.8 -8.77022
4.83 -8.76996
4.86 -8.7697
4.89 -8.76944
4.92 -8.76918
4.95 -8.76891
4.98 -8.76865
5.01 -8.76839
5.04 -8.76813
5.07 -8.76787
5.1 -8.76761
5.13 -8.76735
5.16 -8.76709
5.19 -8.76682
5.22 -8.76656
5.25 -8.7663
5.28 -8.76604
5.31 -8.76577
5.34 -8.76551
5.37 -8.76525
5.4 -8.76498
5.43 -8.76472
5.46 -8.76445
5.49 -8.76419
5.52 -8.76392
5.55 -8.76366
5.58 -8.76339
5.61 -8.76313
5.64 -8.76286
5.67 -8.7626
5.7 -8.76233
5.73 -8.76206
5.76 -8.7618
5.79 -8.76153
5.82 -8.76126
5.85 -8.761
5.88 -8.76073
5.91 -8.76046
5.94 -8.76019
5.97 -8.75993
6 -8.75966
6.03 -8.75939
6.06 -8.75912
6.09 -8.75885
6.12 -8.75858
6.15 -8.75831
6.18 -8.75804
6.21 -8.75777
6.24 -8.7575
6.27 -8.75723
6.3 -8.75696
6.33 -8.75669
6.36 -8.75642
6.39 -8.75615
6.42 -8.75587
6.45 -8.7556
6.48 -8.75533
6.51 -8.75506
6.54 -8.75478
6.57 -8.75451
6.6 -8.75424
6.63 -8.75396
6.66 -8.75369
6.69 -8.75342
6.72 -8.75314
6.75 -8.75287
6.78 -8.75259
6.81 -8.75232
6.84 -8.75204
6.87 -8.75177
6.9 -8.75149
6.93 -8.75121
6.96 -8.75094
6.99 -8.75066
7.02 -8.75038
7.05 -8.75011
7.08 -8.74983
7.11 -8.74955
7.14 -8.74927
7.17 -8.74899
7.2 -8.74871
7.23 -8.74844
7.26 -8.74816
7.29 -8.74788
7.32 -8.7476
7.35 -8.74732
7.38 -8.74704
7.41 -8.74675
7.44 -8.74647
7.47 -8.74619
7.5 -8.74591
7.53 -8.74563
7.56 -8.74535
7.59 -8.74506
7.62 -8.74478
7.65 -8.7445
7.68 -8.74422
7.71 -8.74393
7.74 -8.74365
7.77 -8.74336
7.8 -8.74308
7.83 -8.74279
7.86 -8.74251
7.89 -8.74222
7.92 -8.74194
7.95 -8.74165
7.98 -8.74137
8.01 -8.74108
8.04 -8.74079
8.07 -8.7405
8.1 -8.74022
8.13 -8.73993
8.16 -8.73964
8.19 -8.73935
8.22 -8.73906
8.25 -8.73877
8.28 -8.73848
8.31 -8.73819
8.34 -8.7379
8.37 -8.73761
8.4 -8.73732
8.43 -8.73703
8.46 -8.73674
8.49 -8.73645
8.52 -8.73616
8.55 -8.73587
8.58 -8.73557
8.61 -8.73528
8.64 -8.73499
8.67 -8.73469
8.7 -8.7344
8.73 -8.73411
8.76 -8.73381
8.79 -8.73352
8.82 -8.73322
8.85 -8.73292
8.88 -8.73263
8.91 -8.73233
8.94 -8.73204
8.97 -8.73174
9 -8.73144
9.03 -8.73114
9.06 -8.73085
9.09 -8.73055
9.12 -8.73025
9.15 -8.72995
9.18 -8.72965
9.21 -8.72935
9.24 -8.72905
9.27 -8.72875
9.3 -8.72845
9.33 -8.72815
9.36 -8.72785
9.39 -8.72755
9.42 -8.72725
9.45 -8.72694
9.48 -8.72664
9.51 -8.72634
9.54 -8.72603
9.57 -8.72573
9.6 -8.72543
9.63 -8.72512
9.66 -8.72482
9.69 -8.72451
9.72 -8.72421
9.75 -8.7239
9.78 -8.7236
9.81 -8.72329
9.84 -8.72298
9.87 -8.72268
9.9 -8.72237
9.93 -8.72206
9.96 -8.72175
9.99 -8.72144
10.02 -8.72113
10.05 -8.72082
10.08 -8.72051
10.11 -8.7202
10.14 -8.71989
10.17 -8.71958
10.2 -8.71927
10.23 -8.71896
10.26 -8.71865
10.29 -8.71834
10.32 -8.71802
10.35 -8.71771
10.38 -8.7174
10.41 -8.71709
10.44 -8.71677
10.47 -8.71646
10.5 -8.71614
10.53 -8.71583
10.56 -8.71551
10.59 -8.7152
10.62 -8.71488
10.65 -8.71456
10.68 -8.71425
10.71 -8.71393
10.74 -8.71361
10.77 -8.71329
10.8 -8.71298
10.83 -8.71266
10.86 -8.71234
10.89 -8.71202
10.92 -8.7117
10.95 -8.71138
10.98 -8.71106
11.01 -8.71074
11.04 -8.71042
11.07 -8.71009
11.1 -8.70977
11.13 -8.70945
11.16 -8.70913
11.19 -8.7088
11.22 -8.70848
11.25 -8.70816
11.28 -8.70783
11.31 -8.70751
11.34 -8.70718
11.37 -8.70686
11.4 -8.70653
11.43 -8.70621
11.46 -8.70588
11.49 -8.70555
11.52 -8.70523
11.55 -8.7049
11.58 -8.70457
11.61 -8.70425
11.64 -8.70392
11.67 -8.70359
11.7 -8.70326
11.73 -8.70293
11.76 -8.7026
11.79 -8.70227
11.82 -8.70194
11.85 -8.70161
11.88 -8.70128
11.91 -8.70095
11.94 -8.70061
11.97 -8.70028
12 -8.69995
12.03 -8.69962
12.06 -8.69928
12.09 -8.69895
12.12 -8.69862
12.15 -8.69828
12.18 -8.69795
12.21 -8.69761
12.24 -8.69728
12.27 -8.69694
12.3 -8.69661
12.33 -8.69627
12.36 -8.69593
12.39 -8.6956
12.42 -8.69526
12.45 -8.69492
12.48 -8.69458
12.51 -8.69425
12.54 -8.69391
12.57 -8.69357
12.6 -8.69323
12.63 -8.69289
12.66 -8.69255
12.69 -8.69221
12.72 -8.69187
12.75 -8.69153
12.78 -8.69119
12.81 -8.69085
12.84 -8.69051
12.87 -8.69016
12.9 -8.68982
12.93 -8.68948
12.96 -8.68914
12.99 -8.68879
13.02 -8.68845
13.05 -8.68811
13.08 -8.68776
13.11 -8.68742
13.14 -8.68708
13.17 -8.68673
13.2 -8.68639
13.23 -8.68604
13.26 -8.6857
13.29 -8.68535
13.32 -8.68501
13.35 -8.68466
13.38 -8.68431
13.41 -8.68397
13.44 -8.68362
13.47 -8.68327
13.5 -8.68292
13.53 -8.68258
13.56 -8.68223
13.59 -8.68188
13.62 -8.68153
13.65 -8.68119
13.68 -8.68084
13.71 -8.68049
13.74 -8.68014
13.77 -8.67979
13.8 -8.67944
13.83 -8.67909
13.86 -8.67874
13.89 -8.67839
13.92 -8.67804
13.95 -8.67769
13.98 -8.67734
14.01 -8.67699
14.04 -8.67664
14.07 -8.67629
14.1 -8.67594
14.13 -8.67558
14.16 -8.67523
14.19 -8.67488
14.22 -8.67453
14.25 -8.67418
14.28 -8.67383
14.31 -8.67347
14.34 -8.67312
14.37 -8.67277
14.4 -8.67242
14.43 -8.67207
14.46 -8.67171
14.49 -8.67136
14.52 -8.67101
14.55 -8.67065
14.58 -8.6703
14.61 -8.66995
14.64 -8.6696
14.67 -8.66924
14.7 -8.66889
14.73 -8.66854
14.76 -8.66818
14.79 -8.66783
14.82 -8.66748
14.85 -8.66712
14.88 -8.66677
14.91 -8.66642
14.94 -8.66606
14.97 -8.66571
15 -8.66536
15.03 -8.665
15.06 -8.66465
15.09 -8.6643
15.12 -8.66395
15.15 -8.66359
15.18 -8.66324
15.21 -8.66289
15.24 -8.66253
15.27 -8.66218
15.3 -8.66183
15.33 -8.66148
15.36 -8.66112
15.39 -8.66077
15.42 -8.66042
15.45 -8.66007
15.48 -8.65972
15.51 -8.65936
15.54 -8.65901
15.57 -8.65866
15.6 -8.65831
15.63 -8.65796
15.66 -8.65761
15.69 -8.65726
15.72 -8.65691
15.75 -8.65656
15.78 -8.65621
15.81 -8.65586
15.84 -8.65551
15.87 -8.65516
15.9 -8.65481
15.93 -8.65446
15.96 -8.65411
15.99 -8.65376
16.02 -8.65341
16.05 -8.65307
16.08 -8.65272
16.11 -8.65237
16.14 -8.65203
16.17 -8.65168
16.2 -8.65133
16.23 -8.65099
16.26 -8.65064
16.29 -8.6503
16.32 -8.64995
16.35 -8.64961
16.38 -8.64927
16.41 -8.64892
16.44 -8.64858
16.47 -8.64824
16.5 -8.64789
16.53 -8.64755
16.56 -8.64721
16.59 -8.64687
16.62 -8.64653
16.65 -8.64619
16.68 -8.64585
16.71 -8.64552
16.74 -8.64518
16.77 -8.64484
16.8 -8.6445
16.83 -8.64417
16.86 -8.64383
16.89 -8.6435
16.92 -8.64316
16.95 -8.64283
16.98 -8.64249
17.01 -8.64216
17.04 -8.64183
17.07 -8.6415
17.1 -8.64117
17.13 -8.64084
17.16 -8.64051
17.19 -8.64018
17.22 -8.63985
17.25 -8.63953
17.28 -8.6392
17.31 -8.63887
17.34 -8.63855
17.37 -8.63823
17.4 -8.6379
17.43 -8.63758
17.46 -8.63726
17.49 -8.63694
17.52 -8.63662
17.55 -8.6363
17.58 -8.63598
17.61 -8.63566
17.64 -8.63535
17.67 -8.63503
17.7 -8.63472
17.73 -8.6344
17.76 -8.63409
17.79 -8.63378
17.82 -8.63347
17.85 -8.63316
17.88 -8.63285
17.91 -8.63254
17.94 -8.63223
17.97 -8.63193
18 -8.63162
18.03 -8.63132
18.06 -8.63102
18.09 -8.63072
18.12 -8.63042
18.15 -8.63012
18.18 -8.62982
18.21 -8.62952
18.24 -8.62922
18.27 -8.62893
18.3 -8.62864
18.33 -8.62834
18.36 -8.62805
18.39 -8.62776
18.42 -8.62747
18.45 -8.62719
18.48 -8.6269
18.51 -8.62662
18.54 -8.62633
18.57 -8.62605
18.6 -8.62577
18.63 -8.62549
18.66 -8.62521
18.69 -8.62493
18.72 -8.62466
18.75 -8.62438
18.78 -8.62411
18.81 -8.62384
18.84 -8.62357
18.87 -8.6233
18.9 -8.62303
18.93 -8.62277
18.96 -8.6225
18.99 -8.62224
19.02 -8.62198
19.05 -8.62172
19.08 -8.62146
19.11 -8.6212
19.14 -8.62095
19.17 -8.62069
19.2 -8.62044
19.23 -8.62019
19.26 -8.61994
19.29 -8.61969
19.32 -8.61945
19.35 -8.6192
19.38 -8.61896
19.41 -8.61872
19.44 -8.61848
19.47 -8.61824
19.5 -8.61801
19.53 -8.61777
19.56 -8.61754
19.59 -8.61731
19.62 -8.61708
19.65 -8.61686
19.68 -8.61663
19.71 -8.61641
19.74 -8.61619
19.77 -8.61597
19.8 -8.61575
19.83 -8.61554
19.86 -8.61532
19.89 -8.61511
19.92 -8.6149
19.95 -8.6147
19.98 -8.61449
20.01 -8.61429
20.04 -8.61408
20.07 -8.61389
20.1 -8.61369
20.13 -8.61349
20.16 -8.6133
20.19 -8.61311
20.22 -8.61292
20.25 -8.61273
20.28 -8.61255
20.31 -8.61237
20.34 -8.61219
20.37 -8.61201
20.4 -8.61184
20.43 -8.61166
20.46 -8.61149
20.49 -8.61132
20.52 -8.61116
20.55 -8.611
20.58 -8.61083
20.61 -8.61068
20.64 -8.61052
20.67 -8.61037
20.7 -8.61022
20.73 -8.61007
20.76 -8.60992
20.79 -8.60978
20.82 -8.60964
20.85 -8.6095
20.88 -8.60937
20.91 -8.60924
20.94 -8.60911
20.97 -8.60898
21 -8.60886
21.03 -8.60874
21.06 -8.60863
21.09 -8.60851
21.12 -8.6084
21.15 -8.6083
21.18 -8.60819
21.21 -8.60809
21.24 -8.60799
21.27 -8.6079
21.3 -8.60781
21.33 -8.60772
21.36 -8.60764
21.39 -8.60756
21.42 -8.60748
21.45 -8.60741
21.48 -8.60734
21.51 -8.60728
21.54 -8.60722
21.57 -8.60716
21.6 -8.60711
21.63 -8.60706
21.66 -8.60702
21.69 -8.60698
21.72 -8.60694
21.75 -8.60691
21.78 -8.60689
21.81 -8.60687
21.84 -8.60685
21.87 -8.60684
21.9 -8.60683
21.93 -8.60683
21.96 -8.60684
21.99 -8.60685
22.02 -8.60686
22.05 -8.60688
22.08 -8.60691
22.11 -8.60694
22.14 -8.60698
22.17 -8.60702
22.2 -8.60707
22.23 -8.60713
22.26 -8.6072
22.29 -8.60727
22.32 -8.60734
22.35 -8.60743
22.38 -8.60752
22.41 -8.60762
22.44 -8.60773
22.47 -8.60784
22.5 -8.60796
22.53 -8.6081
22.56 -8.60824
22.59 -8.60838
22.62 -8.60854
22.65 -8.60871
22.68 -8.60888
22.71 -8.60907
22.74 -8.60926
22.77 -8.60947
22.8 -8.60968
22.83 -8.60991
22.86 -8.61014
22.89 -8.61039
22.92 -8.61065
22.95 -8.61092
22.98 -8.6112
23.01 -8.6115
23.04 -8.61181
23.07 -8.61213
23.1 -8.61246
23.13 -8.61281
23.16 -8.61317
23.19 -8.61355
23.22 -8.61394
23.25 -8.61435
23.28 -8.61477
23.31 -8.61521
23.34 -8.61566
23.37 -8.61613
23.4 -8.61662
23.43 -8.61713
23.46 -8.61765
23.49 -8.6182
23.52 -8.61876
23.55 -8.61934
23.58 -8.61994
23.61 -8.62056
23.64 -8.62121
23.67 -8.62187
23.7 -8.62256
23.73 -8.62327
23.76 -8.624
23.79 -8.62476
23.82 -8.62554
23.85 -8.62634
23.88 -8.62717
23.91 -8.62803
23.94 -8.62891
23.97 -8.62982
24 -8.63076
24.03 -8.63173
24.06 -8.63272
24.09 -8.63374
24.12 -8.6348
24.15 -8.63588
24.18 -8.637
24.21 -8.63815
24.24 -8.63933
24.27 -8.64054
24.3 -8.64178
24.33 -8.64306
24.36 -8.64438
24.39 -8.64572
24.42 -8.64711
24.45 -8.64853
24.48 -8.64998
24.51 -8.65148
24.54 -8.653
24.57 -8.65457
24.6 -8.65618
24.63 -8.65782
24.66 -8.6595
24.69 -8.66122
24.72 -8.66298
24.75 -8.66478
24.78 -8.66662
24.81 -8.66849
24.84 -8.67041
24.87 -8.67236
24.9 -8.67436
24.93 -8.67639
24.96 -8.67846
24.99 -8.68057
25.02 -8.68272
25.05 -8.6849
25.08 -8.68713
25.11 -8.68939
25.14 -8.69168
25.17 -8.69402
25.2 -8.69638
25.23 -8.69879
25.26 -8.70122
25.29 -8.70369
25.32 -8.70619
25.35 -8.70872
25.38 -8.71128
25.41 -8.71386
25.44 -8.71648
25.47 -8.71912
25.5 -8.72178
25.53 -8.72447
25.56 -8.72718
25.59 -8.72991
25.62 -8.73266
25.65 -8.73543
25.68 -8.73822
25.71 -8.74102
25.74 -8.74383
25.77 -8.74666
25.8 -8.74949
25.83 -8.75233
25.86 -8.75519
25.89 -8.75804
25.92 -8.7609
25.95 -8.76377
25.98 -8.76664
26.01 -8.7695
26.04 -8.77237
26.07 -8.77523
26.1 -8.77809
26.13 -8.78094
26.16 -8.78378
26.19 -8.78662
26.22 -8.78945
26.25 -8.79227
26.28 -8.79508
26.31 -8.79787
26.34 -8.80066
26.37 -8.80342
26.4 -8.80618
26.43 -8.80892
26.46 -8.81164
26.49 -8.81434
26.52 -8.81703
26.55 -8.81969
26.58 -8.82234
26.61 -8.82497
26.64 -8.82757
26.67 -8.83016
26.7 -8.83273
26.73 -8.83527
26.76 -8.83779
26.79 -8.84029
26.82 -8.84276
26.85 -8.84522
26.88 -8.84765
26.91 -8.85005
26.94 -8.85244
26.97 -8.8548
27 -8.85713
27.03 -8.85944
27.06 -8.86173
27.09 -8.86399
27.12 -8.86623
27.15 -8.86845
27.18 -8.87064
27.21 -8.87281
27.24 -8.87495
27.27 -8.87707
27.3 -8.87917
27.33 -8.88124
27.36 -8.88329
27.39 -8.88531
27.42 -8.88732
27.45 -8.88929
27.48 -8.89125
27.51 -8.89318
27.54 -8.89509
27.57 -8.89698
27.6 -8.89884
27.63 -8.90068
27.66 -8.9025
27.69 -8.9043
27.72 -8.90607
27.75 -8.90782
27.78 -8.90956
27.81 -8.91127
27.84 -8.91295
27.87 -8.91462
27.9 -8.91627
27.93 -8.9179
27.96 -8.9195
27.99 -8.92109
28.02 -8.92265
28.05 -8.9242
28.08 -8.92573
28.11 -8.92723
28.14 -8.92872
28.17 -8.93019
28.2 -8.93164
28.23 -8.93307
28.26 -8.93448
28.29 -8.93588
28.32 -8.93725
28.35 -8.93861
28.38 -8.93995
28.41 -8.94127
28.44 -8.94258
28.47 -8.94387
28.5 -8.94514
28.53 -8.9464
28.56 -8.94764
28.59 -8.94886
28.62 -8.95007
28.65 -8.95126
28.68 -8.95243
28.71 -8.95359
28.74 -8.95474
28.77 -8.95587
28.8 -8.95698
28.83 -8.95809
28.86 -8.95917
28.89 -8.96024
28.92 -8.9613
28.95 -8.96234
28.98 -8.96337
29.01 -8.96439
29.04 -8.96539
29.07 -8.96638
29.1 -8.96736
29.13 -8.96832
29.16 -8.96927
29.19 -8.97021
29.22 -8.97114
29.25 -8.97205
29.28 -8.97295
29.31 -8.97384
29.34 -8.97472
29.37 -8.97559
29.4 -8.97644
29.43 -8.97729
29.46 -8.97812
29.49 -8.97894
29.52 -8.97976
29.55 -8.98056
29.58 -8.98135
29.61 -8.98213
29.64 -8.9829
29.67 -8.98366
29.7 -8.98441
29.73 -8.98515
29.76 -8.98588
29.79 -8.98661
29.82 -8.98732
29.85 -8.98802
29.88 -8.98872
29.91 -8.9894
29.94 -8.99008
29.97 -8.99075
30 -8.99141
30.001 -10
