0 0
0.03 -0.112296
0.06 -0.111473
0.09 -0.11065
0.12 -0.109825
0.15 -0.108999
0.18 -0.108172
0.21 -0.107344
0.24 -0.106515
0.27 -0.105685
0.3 -0.104854
0.33 -0.104022
0.36 -0.103189
0.39 -0.102354
0.42 -0.101519
0.45 -0.100682
0.48 -0.0998444
0.51 -0.0990056
0.54 -0.0981657
0.57 -0.0973247
0.6 -0.0964826
0.63 -0.0956394
0.66 -0.094795
0.69 -0.0939496
0.72 -0.093103
0.75 -0.0922553
0.78 -0.0914064
0.81 -0.0905565
0.84 -0.0897054
0.87 -0.0888531
0.9 -0.0879997
0.93 -0.0871452
0.96 -0.0862895
0.99 -0.0854327
1.02 -0.0845747
1.05 -0.0837156
1.08 -0.0828553
1.11 -0.0819938
1.14 -0.0811311
1.17 -0.0802673
1.2 -0.0794023
1.23 -0.0785362
1.26 -0.0776688
1.29 -0.0768003
1.32 -0.0759305
1.35 -0.0750596
1.38 -0.0741874
1.41 -0.0733141
1.44 -0.0724396
1.47 -0.0715638
1.5 -0.0706868
1.53 -0.0698086
1.56 -0.0689292
1.59 -0.0680486
1.62 -0.0671667
1.65 -0.0662836
1.68 -0.0653993
1.71 -0.0645137
1.74 -0.0636269
1.77 -0.0627388
1.8 -0.0618495
1.83 -0.0609589
1.86 -0.060067
1.89 -0.0591739
1.92 -0.0582795
1.95 -0.0573838
1.98 -0.0564869
2.01 -0.0555886
2.04 -0.0546891
2.07 -0.0537883
2.1 -0.0528861
2.13 -0.0519827
2.16 -0.051078
2.19 -0.050172
2.22 -0.0492646
2.25 -0.0483559
2.28 -0.0474459
2.31 -0.0465346
2.34 -0.0456219
2.37 -0.0447079
2.4 -0.0437926
2.43 -0.0428759
2.46 -0.0419578
2.49 -0.0410384
2.52 -0.0401176
2.55 -0.0391955
2.58 -0.038272
2.61 -0.0373471
2.64 -0.0364208
2.67 -0.0354931
2.7 -0.0345641
2.73 -0.0336336
2.76 -0.0327018
2.79 -0.0317685
2.82 -0.0308338
2.85 -0.0298977
2.88 -0.0289602
2.91 -0.0280212
2.94 -0.0270808
2.97 -0.026139
3 -0.0251957
3.03 -0.024251
3.06 -0.0233048
3.09 -0.0223571
3.12 -0.021408
3.15 -0.0204574
3.18 -0.0195054
3.21 -0.0185518
3.24 -0.0175968
3.27 -0.0166402
3.3 -0.0156822
3.33 -0.0147226
3.36 -0.0137615
3.39 -0.012799
3.42 -0.0118348
3.45 -0.0108692
3.48 -0.00990202
3.51 -0.00893329
3.54 -0.00796301
3.57 -0.00699118
3.6 -0.00601778
3.63 -0.00504282
3.66 -0.00406628
3.69 -0.00308816
3.72 -0.00210845
3.75 -0.00112715
3.78 -0.000144248
3.81 0.00084026
3.84 0.00182638
3.87 0.00281412
3.9 0.00380349
3.93 0.00479449
3.96 0.00578713
3.99 0.00678142
4.02 0.00777736
4.05 0.00877496
4.08 0.00977422
4.11 0.0107752
4.14 0.0117778
4.17 0.0127821
4.2 0.0137881
4.23 0.0147958
4.26 0.0158052
4.29 0.0168163
4.32 0.0178292
4.35 0.0188438
4.38 0.0198601
4.41 0.0208781
4.44 0.021898
4.47 0.0229195
4.5 0.0239429
4.53 0.024968
4.56 0.0259949
4.59 0.0270236
4.62 0.0280541
4.65 0.0290864
4.68 0.0301205
4.71 0.0311564
4.74 0.0321942
4.77 0.0332337
4.8 0.0342752
4.83 0.0353185
4.86 0.0363636
4.89 0.0374106
4.92 0.0384595
4.95 0.0395103
4.98 0.040563
5.01 0.0416176
5.04 0.042674
5.07 0.0437324
5.1 0.0447928
5.13 0.045855
5.16 0.0469192
5.19 0.0479854
5.22 0.0490535
5.25 0.0501236
5.28 0.0511957
5.31 0.0522697
5.34 0.0533458
5.37 0.0544238
5.4 0.0555039
5.43 0.056586
5.46 0.0576701
5.49 0.0587563
5.52 0.0598445
5.55 0.0609348
5.58 0.0620271
5.61 0.0631216
5.64 0.0642181
5.67 0.0653167
5.7 0.0664174
5.73 0.0675202
5.76 0.0686252
5.79 0.0697323
5.82 0.0708415
5.85 0.0719529
5.88 0.0730665
5.91 0.0741822
5.94 0.0753001
5.97 0.0764203
6 0.0775426
6.03 0.0786671
6.06 0.0797939
6.09 0.0809229
6.12 0.0820541
6.15 0.0831876
6.18 0.0843234
6.21 0.0854615
6.24 0.0866018
6.27 0.0877444
6.3 0.0888894
6.33 0.0900366
6.36 0.0911862
6.39 0.0923382
6.42 0.0934925
6.45 0.0946491
6.48 0.0958082
6.51 0.0969696
6.54 0.0981334
6.57 0.0992996
6.6 0.100468
6.63 0.101639
6.66 0.102813
6.69 0.103989
6.72 0.105167
6.75 0.106348
6.78 0.107532
6.81 0.108718
6.84 0.109906
6.87 0.111097
6.9 0.11229
6.93 0.113486
6.96 0.114685
6.99 0.115886
7.02 0.11709
7.05 0.118296
7.08 0.119505
7.11 0.120717
7.14 0.121931
7.17 0.123148
7.2 0.124368
7.23 0.12559
7.26 0.126815
7.29 0.128042
7.32 0.129273
7.35 0.130506
7.38 0.131742
7.41 0.13298
7.44 0.134221
7.47 0.135465
7.5 0.136712
7.53 0.137962
7.56 0.139215
7.59 0.14047
7.62 0.141728
7.65 0.142989
7.68 0.144253
7.71 0.14552
7.74 0.14679
7.77 0.148062
7.8 0.149338
7.83 0.150616
7.86 0.151898
7.89 0.153182
7.92 0.15447
7.95 0.15576
7.98 0.157054
8.01 0.15835
8.04 0.15965
8.07 0.160952
8.1 0.162258
8.13 0.163567
8.16 0.164879
8.19 0.166194
8.22 0.167512
8.25 0.168833
8.28 0.170157
8.31 0.171485
8.34 0.172816
8.37 0.17415
8.4 0.175487
8.43 0.176828
8.46 0.178172
8.49 0.179519
8.52 0.180869
8.55 0.182223
8.58 0.18358
8.61 0.18494
8.64 0.186304
8.67 0.187671
8.7 0.189042
8.73 0.190415
8.76 0.191793
8.79 0.193174
8.82 0.194558
8.85 0.195946
8.88 0.197337
8.91 0.198732
8.94 0.20013
8.97 0.201532
9 0.202937
9.03 0.204346
9.06 0.205759
9.09 0.207175
9.12 0.208594
9.15 0.210018
9.18 0.211445
9.21 0.212876
9.24 0.21431
9.27 0.215749
9.3 0.217191
9.33 0.218637
9.36 0.220086
9.39 0.221539
9.42 0.222997
9.45 0.224458
9.48 0.225922
9.51 0.227391
9.54 0.228864
9.57 0.23034
9.6 0.231821
9.63 0.233305
9.66 0.234794
9.69 0.236286
9.72 0.237782
9.75 0.239283
9.78 0.240787
9.81 0.242296
9.84 0.243809
9.87 0.245325
9.9 0.246846
9.93 0.248371
9.96 0.2499
9.99 0.251434
10.02 0.252971
10.05 0.254513
10.08 0.256059
10.11 0.25761
10.14 0.259164
10.17 0.260723
10.2 0.262287
10.23 0.263854
10.26 0.265426
10.29 0.267003
10.32 0.268584
10.35 0.270169
10.38 0.271759
10.41 0.273353
10.44 0.274952
10.47 0.276555
10.5 0.278163
10.53 0.279775
10.56 0.281393
10.59 0.283014
10.62 0.28464
10.65 0.286271
10.68 0.287907
10.71 0.289547
10.74 0.291192
10.77 0.292842
10.8 0.294497
10.83 0.296156
10.86 0.297821
10.89 0.29949
10.92 0.301164
10.95 0.302842
10.98 0.304526
11.01 0.306215
11.04 0.307908
11.07 0.309607
11.1 0.311311
11.13 0.313019
11.16 0.314733
11.19 0.316452
11.22 0.318176
11.25 0.319905
11.28 0.321639
11.31 0.323379
11.34 0.325123
11.37 0.326873
11.4 0.328628
11.43 0.330388
11.46 0.332154
11.49 0.333925
11.52 0.335701
11.55 0.337483
11.58 0.33927
11.61 0.341063
11.64 0.342861
11.67 0.344664
11.7 0.346473
11.73 0.348288
11.76 0.350108
11.79 0.351934
11.82 0.353765
11.85 0.355602
11.88 0.357444
11.91 0.359293
11.94 0.361146
11.97 0.363006
12 0.364872
12.03 0.366743
12.06 0.36862
12.09 0.370503
12.12 0.372392
12.15 0.374286
12.18 0.376187
12.21 0.378093
12.24 0.380006
12.27 0.381924
12.3 0.383849
12.33 0.38578
12.36 0.387716
12.39 0.389659
12.42 0.391608
12.45 0.393563
12.48 0.395524
12.51 0.397492
12.54 0.399466
12.57 0.401446
12.6 0.403432
12.63 0.405425
12.66 0.407424
12.69 0.409429
12.72 0.411441
12.75 0.413459
12.78 0.415484
12.81 0.417516
12.84 0.419553
12.87 0.421598
12.9 0.423649
12.93 0.425706
12.96 0.42777
12.99 0.429841
13.02 0.431919
13.05 0.434003
13.08 0.436094
13.11 0.438192
13.14 0.440297
13.17 0.442408
13.2 0.444526
13.23 0.446652
13.26 0.448784
13.29 0.450923
13.32 0.453069
13.35 0.455222
13.38 0.457382
13.41 0.459549
13.44 0.461724
13.47 0.463905
13.5 0.466094
13.53 0.46829
13.56 0.470493
13.59 0.472703
13.62 0.47492
13.65 0.477145
13.68 0.479377
13.71 0.481617
13.74 0.483864
13.77 0.486118
13.8 0.48838
13.83 0.490649
13.86 0.492926
13.89 0.49521
13.92 0.497502
13.95 0.499802
13.98 0.502109
14.01 0.504423
14.04 0.506746
14.07 0.509076
14.1 0.511414
14.13 0.513759
14.16 0.516113
14.19 0.518474
14.22 0.520843
14.25 0.52322
14.28 0.525605
14.31 0.527998
14.34 0.530399
14.37 0.532807
14.4 0.535224
14.43 0.537649
14.46 0.540082
14.49 0.542523
14.52 0.544972
14.55 0.54743
14.58 0.549895
14.61 0.552369
14.64 0.554851
14.67 0.557342
14.7 0.55984
14.73 0.562347
14.76 0.564863
14.79 0.567386
14.82 0.569919
14.85 0.572459
14.88 0.575008
14.91 0.577566
14.94 0.580132
14.97 0.582707
15 0.58529
15.03 0.587882
15.06 0.590483
15.09 0.593092
15.12 0.59571
15.15 0.598337
15.18 0.600973
15.21 0.603617
15.24 0.60627
15.27 0.608932
15.3 0.611603
15.33 0.614282
15.36 0.616971
15.39 0.619668
15.42 0.622375
15.45 0.62509
15.48 0.627815
15.51 0.630549
15.54 0.633291
15.57 0.636043
15.6 0.638804
15.63 0.641574
15.66 0.644353
15.69 0.647142
15.72 0.649939
15.75 0.652746
15.78 0.655562
15.81 0.658388
15.84 0.661223
15.87 0.664067
15.9 0.666921
15.93 0.669784
15.96 0.672656
15.99 0.675538
16.02 0.678429
16.05 0.68133
16.08 0.68424
16.11 0.68716
16.14 0.69009
16.17 0.693029
16.2 0.695978
16.23 0.698936
16.26 0.701904
16.29 0.704882
16.32 0.707869
16.35 0.710867
16.38 0.713873
16.41 0.71689
16.44 0.719917
16.47 0.722953
16.5 0.725999
16.53 0.729055
16.56 0.732121
16.59 0.735197
16.62 0.738283
16.65 0.741379
16.68 0.744485
16.71 0.747601
16.74 0.750726
16.77 0.753862
16.8 0.757008
16.83 0.760164
16.86 0.763331
16.89 0.766507
16.92 0.769693
16.95 0.77289
16.98 0.776097
17.01 0.779314
17.04 0.782541
17.07 0.785779
17.1 0.789027
17.13 0.792285
17.16 0.795553
17.19 0.798832
17.22 0.802121
17.25 0.805421
17.28 0.808731
17.31 0.812052
17.34 0.815383
17.37 0.818724
17.4 0.822076
17.43 0.825438
17.46 0.828812
17.49 0.832195
17.52 0.835589
17.55 0.838994
17.58 0.84241
17.61 0.845836
17.64 0.849273
17.67 0.85272
17.7 0.856178
17.73 0.859648
17.76 0.863127
17.79 0.866618
17.82 0.87012
17.85 0.873632
17.88 0.877155
17.91 0.880689
17.94 0.884235
17.97 0.887791
18 0.891358
18.03 0.894936
18.06 0.898525
18.09 0.902126
18.12 0.905737
18.15 0.90936
18.18 0.912994
18.21 0.916639
18.24 0.920295
18.27 0.923963
18.3 0.927642
18.33 0.931332
18.36 0.935034
18.39 0.938747
18.42 0.942472
18.45 0.946208
18.48 0.949956
18.51 0.953716
18.54 0.957487
18.57 0.96127
18.6 0.965064
18.63 0.968871
18.66 0.972689
18.69 0.976519
18.72 0.980361
18.75 0.984215
18.78 0.988082
18.81 0.99196
18.84 0.995851
18.87 0.999753
18.9 1.00367
18.93 1.0076
18.96 1.01154
18.99 1.01549
19.02 1.01945
19.05 1.02343
19.08 1.02742
19.11 1.03143
19.14 1.03544
19.17 1.03947
19.2 1.04351
19.23 1.04757
19.26 1.05164
19.29 1.05572
19.32 1.05982
19.35 1.06393
19.38 1.06805
19.41 1.07219
19.44 1.07634
19.47 1.0805
19.5 1.08468
19.53 1.08888
19.56 1.09308
19.59 1.09731
19.62 1.10154
19.65 1.10579
19.68 1.11006
19.71 1.11434
19.74 1.11864
19.77 1.12295
19.8 1.12728
19.83 1.13163
19.86 1.13599
19.89 1.14036
19.92 1.14476
19.95 1.14917
19.98 1.15359
20.01 1.15803
20.04 1.1625
20.07 1.16697
20.1 1.17147
20.13 1.17598
20.16 1.18051
20.19 1.18506
20.22 1.18963
20.25 1.19422
20.28 1.19883
20.31 1.20345
20.34 1.2081
20.37 1.21276
20.4 1.21745
20.43 1.22216
20.46 1.22688
20.49 1.23163
20.52 1.23641
20.55 1.2412
20.58 1.24601
20.61 1.25085
20.64 1.25571
20.67 1.2606
20.7 1.26551
20.73 1.27044
20.76 1.2754
20.79 1.28038
20.82 1.28539
20.85 1.29043
20.88 1.29549
20.91 1.30058
20.94 1.3057
20.97 1.31085
21 1.31602
21.03 1.32123
21.06 1.32646
21.09 1.33173
21.12 1.33703
21.15 1.34236
21.18 1.34772
21.21 1.35311
21.24 1.35854
21.27 1.364
21.3 1.3695
21.33 1.37503
21.36 1.38061
21.39 1.38621
21.42 1.39186
21.45 1.39755
21.48 1.40328
21.51 1.40904
21.54 1.41485
21.57 1.4207
21.6 1.4266
21.63 1.43254
21.66 1.43853
21.69 1.44456
21.72 1.45064
21.75 1.45677
21.78 1.46294
21.81 1.46917
21.84 1.47546
21.87 1.48179
21.9 1.48818
21.93 1.49462
21.96 1.50112
21.99 1.50768
22.02 1.5143
22.05 1.52098
22.08 1.52772
22.11 1.53453
22.14 1.5414
22.17 1.54834
22.2 1.55534
22.23 1.56241
22.26 1.56956
22.29 1.57678
22.32 1.58407
22.35 1.59144
22.38 1.59888
22.41 1.60641
22.44 1.61401
22.47 1.6217
22.5 1.62948
22.53 1.63734
22.56 1.64528
22.59 1.65332
22.62 1.66146
22.65 1.66968
22.68 1.678
22.71 1.68643
22.74 1.69495
22.77 1.70357
22.8 1.7123
22.83 1.72114
22.86 1.73009
22.89 1.73914
22.92 1.74832
22.95 1.7576
22.98 1.76701
23.01 1.77654
23.04 1.78619
23.07 1.79597
23.1 1.80588
23.13 1.81592
23.16 1.82609
23.19 1.83639
23.22 1.84684
23.25 1.85742
23.28 1.86815
23.31 1.87903
23.34 1.89005
23.37 1.90122
23.4 1.91255
23.43 1.92403
23.46 1.93567
23.49 1.94747
23.52 1.95944
23.55 1.97156
23.58 1.98386
23.61 1.99632
23.64 2.00896
23.67 2.02177
23.7 2.03475
23.73 2.04791
23.76 2.06126
23.79 2.07478
23.82 2.08848
23.85 2.10237
23.88 2.11644
23.91 2.13069
23.94 2.14514
23.97 2.15977
24 2.17458
24.03 2.18959
24.06 2.20478
24.09 2.22017
24.12 2.23573
24.15 2.25149
24.18 2.26743
24.21 2.28356
24.24 2.29987
24.27 2.31636
24.3 2.33303
24.33 2.34987
24.36 2.36689
24.39 2.38408
24.42 2.40144
24.45 2.41896
24.48 2.43664
24.51 2.45447
24.54 2.47246
24.57 2.49058
24.6 2.50885
24.63 2.52725
24.66 2.54577
24.69 2.56441
24.72 2.58316
24.75 2.60202
24.78 2.62097
24.81 2.64001
24.84 2.65912
24.87 2.67831
24.9 2.69755
24.93 2.71685
24.96 2.73619
24.99 2.75555
25.02 2.77494
25.05 2.79433
25.08 2.81373
25.11 2.83311
25.14 2.85247
25.17 2.8718
25.2 2.89108
25.23 2.9103
25.26 2.92946
25.29 2.94854
25.32 2.96754
25.35 2.98643
25.38 3.00521
25.41 3.02388
25.44 3.04241
25.47 3.0608
25.5 3.07905
25.53 3.09713
25.56 3.11505
25.59 3.13279
25.62 3.15034
25.65 3.1677
25.68 3.18486
25.71 3.20182
25.74 3.21856
25.77 3.23508
25.8 3.25137
25.83 3.26743
25.86 3.28326
25.89 3.29884
25.92 3.31418
25.95 3.32927
25.98 3.34411
26.01 3.35869
26.04 3.37302
26.07 3.38709
26.1 3.4009
26.13 3.41445
26.16 3.42773
26.19 3.44075
26.22 3.45352
26.25 3.46602
26.28 3.47826
26.31 3.49023
26.34 3.50196
26.37 3.51342
26.4 3.52463
26.43 3.53558
26.46 3.54629
26.49 3.55675
26.52 3.56696
26.55 3.57693
26.58 3.58666
26.61 3.59615
26.64 3.60541
26.67 3.61444
26.7 3.62325
26.73 3.63184
26.76 3.6402
26.79 3.64835
26.82 3.6563
26.85 3.66403
26.88 3.67157
26.91 3.6789
26.94 3.68604
26.97 3.693
27 3.69976
27.03 3.70634
27.06 3.71275
27.09 3.71898
27.12 3.72504
27.15 3.73094
27.18 3.73667
27.21 3.74225
27.24 3.74767
27.27 3.75294
27.3 3.75807
27.33 3.76305
27.36 3.76789
27.39 3.7726
27.42 3.77717
27.45 3.78162
27.48 3.78594
27.51 3.79014
27.54 3.79422
27.57 3.79819
27.6 3.80204
27.63 3.80578
27.66 3.80942
27.69 3.81296
27.72 3.81639
27.75 3.81973
27.78 3.82297
27.81 3.82612
27.84 3.82919
27.87 3.83216
27.9 3.83505
27.93 3.83786
27.96 3.84059
27.99 3.84324
28.02 3.84582
28.05 3.84832
28.08 3.85076
28.11 3.85312
28.14 3.85542
28.17 3.85766
28.2 3.85983
28.23 3.86194
28.26 3.86399
28.29 3.86598
28.32 3.86792
28.35 3.8698
28.38 3.87164
28.41 3.87342
28.44 3.87515
28.47 3.87683
28.5 3.87847
28.53 3.88006
28.56 3.88161
28.59 3.88311
28.62 3.88457
28.65 3.886
28.68 3.88738
28.71 3.88873
28.74 3.89004
28.77 3.89131
28.8 3.89255
28.83 3.89376
28.86 3.89493
28.89 3.89608
28.92 3.89719
28.95 3.89827
28.98 3.89932
29.01 3.90034
29.04 3.90134
29.07 3.90231
29.1 3.90326
29.13 3.90418
29.16 3.90507
29.19 3.90594
29.22 3.90679
29.25 3.90762
29.28 3.90842
29.31 3.9092
29.34 3.90997
29.37 3.91071
29.4 3.91143
29.43 3.91214
29.46 3.91283
29.49 3.91349
29.52 3.91415
29.55 3.91478
29.58 3.9154
29.61 3.916
29.64 3.91659
29.67 3.91716
29.7 3.91772
29.73 3.91826
29.76 3.91879
29.79 3.9193
29.82 3.91981
29.85 3.9203
29.88 3.92077
29.91 3.92124
29.94 3.92169
29.97 3.92213
30 3.92256
30.001 0
