0 5
0.03 4.94873
0.06 4.94889
0.09 4.94905
0.12 4.94921
0.15 4.94937
0.18 4.94953
0.21 4.94969
0.24 4.94985
0.27 4.95001
0.3 4.95017
0.33 4.95033
0.36 4.95049
0.39 4.95065
0.42 4.95081
0.45 4.95097
0.48 4.95113
0.51 4.95129
0.54 4.95145
0.57 4.95161
0.6 4.95178
0.63 4.95194
0.66 4.9521
0.69 4.95226
0.72 4.95243
0.75 4.95259
0.78 4.95275
0.81 4.95291
0.84 4.95308
0.87 4.95324
0.9 4.95341
0.93 4.95357
0.96 4.95373
0.99 4.9539
1.02 4.95406
1.05 4.95423
1.08 4.95439
1.11 4.95456
1.14 4.95472
1.17 4.95489
1.2 4.95505
1.23 4.95522
1.26 4.95539
1.29 4.95555
1.32 4.95572
1.35 4.95589
1.38 4.95605
1.41 4.95622
1.44 4.95639
1.47 4.95656
1.5 4.95672
1.53 4.95689
1.56 4.95706
1.59 4.95723
1.62 4.9574
1.65 4.95757
1.68 4.95773
1.71 4.9579
1.74 4.95807
1.77 4.95824
1.8 4.95841
1.83 4.95858
1.86 4.95875
1.89 4.95892
1.92 4.95909
1.95 4.95926
1.98 4.95944
2.01 4.95961
2.04 4.95978
2.07 4.95995
2.1 4.96012
2.13 4.96029
2.16 4.96047
2.19 4.96064
2.22 4.96081
2.25 4.96098
2.28 4.96116
2.31 4.96133
2.34 4.9615
2.37 4.96168
2.4 4.96185
2.43 4.96203
2.46 4.9622
2.49 4.96238
2.52 4.96255
2.55 4.96273
2.58 4.9629
2.61 4.96308
2.64 4.96325
2.67 4.96343
2.7 4.9636
2.73 4.96378
2.76 4.96396
2.79 4.96413
2.82 4.96431
2.85 4.96449
2.88 4.96467
2.91 4.96484
2.94 4.96502
2.97 4.9652
3 4.96538
3.03 4.96556
3.06 4.96573
3.09 4.96591
3.12 4.96609
3.15 4.96627
3.18 4.96645
3.21 4.96663
3.24 4.96681
3.27 4.96699
3.3 4.96717
3.33 4.96735
3.36 4.96753
3.39 4.96771
3.42 4.9679
3.45 4.96808
3.48 4.96826
3.51 4.96844
3.54 4.96862
3.57 4.96881
3.6 4.96899
3.63 4.96917
3.66 4.96936
3.69 4.96954
3.72 4.96972
3.75 4.96991
3.78 4.97009
3.81 4.97027
3.84 4.97046
3.87 4.97064
3.9 4.97083
3.93 4.97101
3.96 4.9712
3.99 4.97139
4.02 4.97157
4.05 4.97176
4.08 4.97195
4.11 4.97213
4.14 4.97232
4.17 4.97251
4.2 4.97269
4.23 4.97288
4.26 4.97307
4.29 4.97326
4.32 4.97345
4.35 4.97363
4.38 4.97382
4.41 4.97401
4.44 4.9742
4.47 4.97439
4.5 4.97458
4.53 4.97477
4.56 4.97496
4.59 4.97515
4.62 4.97534
4.65 4.97554
4.68 4.97573
4.71 4.97592
4.74 4.97611
4.77 4.9763
4.8 4.9765
4.83 4.97669
4.86 4.97688
4.89 4.97707
4.92 4.97727
4.95 4.97746
4.98 4.97766
5.01 4.97785
5.04 4.97805
5.07 4.97824
5.1 4.97844
5.13 4.97863
5.16 4.97883
5.19 4.97902
5.22 4.97922
5.25 4.97942
5.28 4.97961
5.31 4.97981
5.34 4.98001
5.37 4.9802
5.4 4.9804
5.43 4.9806
5.46 4.9808
5.49 4.981
5.52 4.9812
5.55 4.9814
5.58 4.9816
5.61 4.9818
5.64 4.982
5.67 4.9822
5.7 4.9824
5.73 4.9826
5.76 4.9828
5.79 4.983
5.82 4.9832
5.85 4.98341
5.88 4.98361
5.91 4.98381
5.94 4.98401
5.97 4.98422
6 4.98442
6.03 4.98462
6.06 4.98483
6.09 4.98503
6.12 4.98524
6.15 4.98544
6.18 4.98565
6.21 4.98586
6.24 4.98606
6.27 4.98627
6.3 4.98648
6.33 4.98668
6.36 4.98689
6.39 4.9871
6.42 4.98731
6.45 4.98751
6.48 4.98772
6.51 4.98793
6.54 4.98814
6.57 4.98835
6.6 4.98856
6.63 4.98877
6.66 4.98898
6.69 4.98919
6.72 4.9894
6.75 4.98962
6.78 4.98983
6.81 4.99004
6.84 4.99025
6.87 4.99047
6.9 4.99068
6.93 4.99089
6.96 4.99111
6.99 4.99132
7.02 4.99154
7.05 4.99175
7.08 4.99197
7.11 4.99218
7.14 4.9924
7.17 4.99262
7.2 4.99283
7.23 4.99305
7.26 4.99327
7.29 4.99349
7.32 4.99371
7.35 4.99392
7.38 4.99414
7.41 4.99436
7.44 4.99458
7.47 4.9948
7.5 4.99502
7.53 4.99525
7.56 4.99547
7.59 4.99569
7.62 4.99591
7.65 4.99613
7.68 4.99636
7.71 4.99658
7.74 4.9968
7.77 4.99703
7.8 4.99725
7.83 4.99748
7.86 4.9977
7.89 4.99793
7.92 4.99816
7.95 4.99838
7.98 4.99861
8.01 4.99884
8.04 4.99906
8.07 4.99929
8.1 4.99952
8.13 4.99975
8.16 4.99998
8.19 5.00021
8.22 5.00044
8.25 5.00067
8.28 5.0009
8.31 5.00114
8.34 5.00137
8.37 5.0016
8.4 5.00183
8.43 5.00207
8.46 5.0023
8.49 5.00254
8.52 5.00277
8.55 5.00301
8.58 5.00324
8.61 5.00348
8.64 5.00371
8.67 5.00395
8.7 5.00419
8.73 5.00443
8.76 5.00467
8.79 5.00491
8.82 5.00515
8.85 5.00539
8.88 5.00563
8.91 5.00587
8.94 5.00611
8.97 5.00635
9 5.00659
9.03 5.00684
9.06 5.00708
9.09 5.00732
9.12 5.00757
9.15 5.00781
9.18 5.00806
9.21 5.00831
9.24 5.00855
9.27 5.0088
9.3 5.00905
9.33 5.00929
9.36 5.00954
9.39 5.00979
9.42 5.01004
9.45 5.01029
9.48 5.01054
9.51 5.0108
9.54 5.01105
9.57 5.0113
9.6 5.01155
9.63 5.01181
9.66 5.01206
9.69 5.01232
9.72 5.01257
9.75 5.01283
9.78 5.01308
9.81 5.01334
9.84 5.0136
9.87 5.01386
9.9 5.01412
9.93 5.01438
9.96 5.01464
9.99 5.0149
10.02 5.01516
10.05 5.01542
10.08 5.01568
10.11 5.01594
10.14 5.01621
10.17 5.01647
10.2 5.01674
10.23 5.017
10.26 5.01727
10.29 5.01754
10.32 5.0178
10.35 5.01807
10.38 5.01834
10.41 5.01861
10.44 5.01888
10.47 5.01915
10.5 5.01942
10.53 5.0197
10.56 5.01997
10.59 5.02024
10.62 5.02052
10.65 5.02079
10.68 5.02107
10.71 5.02134
10.74 5.02162
10.77 5.0219
10.8 5.02217
10.83 5.02245
10.86 5.02273
10.89 5.02301
10.92 5.0233
10.95 5.02358
10.98 5.02386
11.01 5.02414
11.04 5.02443
11.07 5.02471
11.1 5.025
11.13 5.02528
11.16 5.02557
11.19 5.02586
11.22 5.02615
11.25 5.02644
11.28 5.02673
11.31 5.02702
11.34 5.02731
11.37 5.0276
11.4 5.0279
11.43 5.02819
11.46 5.02849
11.49 5.02878
11.52 5.02908
11.55 5.02938
11.58 5.02967
11.61 5.02997
11.64 5.03027
11.67 5.03057
11.7 5.03088
11.73 5.03118
11.76 5.03148
11.79 5.03179
11.82 5.03209
11.85 5.0324
11.88 5.0327
11.91 5.03301
11.94 5.03332
11.97 5.03363
12 5.03394
12.03 5.03425
12.06 5.03456
12.09 5.03488
12.12 5.03519
12.15 5.03551
12.18 5.03582
12.21 5.03614
12.24 5.03646
12.27 5.03678
12.3 5.0371
12.33 5.03742
12.36 5.03774
12.39 5.03806
12.42 5.03838
12.45 5.03871
12.48 5.03903
12.51 5.03936
12.54 5.03969
12.57 5.04002
12.6 5.04035
12.63 5.04068
12.66 5.04101
12.69 5.04134
12.72 5.04168
12.75 5.04201
12.78 5.04235
12.81 5.04269
12.84 5.04302
12.87 5.04336
12.9 5.0437
12.93 5.04404
12.96 5.04439
12.99 5.04473
13.02 5.04508
13.05 5.04542
13.08 5.04577
13.11 5.04612
13.14 5.04647
13.17 5.04682
13.2 5.04717
13.23 5.04752
13.26 5.04788
13.29 5.04823
13.32 5.04859
13.35 5.04895
13.38 5.04931
13.41 5.04967
13.44 5.05003
13.47 5.05039
13.5 5.05075
13.53 5.05112
13.56 5.05149
13.59 5.05185
13.62 5.05222
13.65 5.05259
13.68 5.05296
13.71 5.05334
13.74 5.05371
13.77 5.05409
13.8 5.05446
13.83 5.05484
13.86 5.05522
13.89 5.0556
13.92 5.05599
13.95 5.05637
13.98 5.05675
14.01 5.05714
14.04 5.05753
14.07 5.05792
14.1 5.05831
14.13 5.0587
14.16 5.0591
14.19 5.05949
14.22 5.05989
14.25 5.06029
14.28 5.06069
14.31 5.06109
14.34 5.06149
14.37 5.06189
14.4 5.0623
14.43 5.06271
14.46 5.06312
14.49 5.06353
14.52 5.06394
14.55 5.06435
14.58 5.06477
14.61 5.06519
14.64 5.0656
14.67 5.06602
14.7 5.06645
14.73 5.06687
14.76 5.06729
14.79 5.06772
14.82 5.06815
14.85 5.06858
14.88 5.06901
14.91 5.06945
14.94 5.06988
14.97 5.07032
15 5.07076
15.03 5.0712
15.06 5.07164
15.09 5.07209
15.12 5.07254
15.15 5.07298
15.18 5.07343
15.21 5.07389
15.24 5.07434
15.27 5.0748
15.3 5.07525
15.33 5.07571
15.36 5.07618
15.39 5.07664
15.42 5.07711
15.45 5.07757
15.48 5.07804
15.51 5.07852
15.54 5.07899
15.57 5.07947
15.6 5.07994
15.63 5.08043
15.66 5.08091
15.69 5.08139
15.72 5.08188
15.75 5.08237
15.78 5.08286
15.81 5.08335
15.84 5.08385
15.87 5.08435
15.9 5.08485
15.93 5.08535
15.96 5.08586
15.99 5.08636
16.02 5.08687
16.05 5.08738
16.08 5.0879
16.11 5.08842
16.14 5.08894
16.17 5.08946
16.2 5.08998
16.23 5.09051
16.26 5.09104
16.29 5.09157
16.32 5.0921
16.35 5.09264
16.38 5.09318
16.41 5.09372
16.44 5.09427
16.47 5.09482
16.5 5.09537
16.53 5.09592
16.56 5.09648
16.59 5.09704
16.62 5.0976
16.65 5.09816
16.68 5.09873
16.71 5.0993
16.74 5.09988
16.77 5.10045
16.8 5.10103
16.83 5.10162
16.86 5.1022
16.89 5.10279
16.92 5.10338
16.95 5.10398
16.98 5.10458
17.01 5.10518
17.04 5.10578
17.07 5.10639
17.1 5.107
17.13 5.10762
17.16 5.10824
17.19 5.10886
17.22 5.10949
17.25 5.11012
17.28 5.11075
17.31 5.11138
17.34 5.11202
17.37 5.11267
17.4 5.11332
17.43 5.11397
17.46 5.11462
17.49 5.11528
17.52 5.11594
17.55 5.11661
17.58 5.11728
17.61 5.11796
17.64 5.11864
17.67 5.11932
17.7 5.12001
17.73 5.1207
17.76 5.12139
17.79 5.12209
17.82 5.1228
17.85 5.12351
17.88 5.12422
17.91 5.12494
17.94 5.12566
17.97 5.12639
18 5.12712
18.03 5.12786
18.06 5.1286
18.09 5.12935
18.12 5.1301
18.15 5.13086
18.18 5.13162
18.21 5.13239
18.24 5.13316
18.27 5.13393
18.3 5.13472
18.33 5.13551
18.36 5.1363
18.39 5.1371
18.42 5.1379
18.45 5.13872
18.48 5.13953
18.51 5.14035
18.54 5.14118
18.57 5.14202
18.6 5.14286
18.63 5.14371
18.66 5.14456
18.69 5.14542
18.72 5.14628
18.75 5.14716
18.78 5.14804
18.81 5.14892
18.84 5.14981
18.87 5.15071
18.9 5.15162
18.93 5.15253
18.96 5.15345
18.99 5.15438
19.02 5.15532
19.05 5.15626
19.08 5.15721
19.11 5.15817
19.14 5.15914
19.17 5.16011
19.2 5.16109
19.23 5.16209
19.26 5.16308
19.29 5.16409
19.32 5.16511
19.35 5.16613
19.38 5.16717
19.41 5.16821
19.44 5.16926
19.47 5.17032
19.5 5.17139
19.53 5.17247
19.56 5.17356
19.59 5.17466
19.62 5.17577
19.65 5.17688
19.68 5.17801
19.71 5.17915
19.74 5.1803
19.77 5.18146
19.8 5.18263
19.83 5.18381
19.86 5.18501
19.89 5.18621
19.92 5.18743
19.95 5.18865
19.98 5.18989
20.01 5.19114
20.04 5.19241
20.07 5.19368
20.1 5.19497
20.13 5.19627
20.16 5.19758
20.19 5.19891
20.22 5.20025
20.25 5.2016
20.28 5.20296
20.31 5.20434
20.34 5.20574
20.37 5.20714
20.4 5.20857
20.43 5.21
20.46 5.21145
20.49 5.21292
20.52 5.2144
20.55 5.2159
20.58 5.21741
20.61 5.21894
20.64 5.22048
20.67 5.22204
20.7 5.22361
20.73 5.22521
20.76 5.22682
20.79 5.22844
20.82 5.23008
20.85 5.23174
20.88 5.23342
20.91 5.23512
20.94 5.23683
20.97 5.23856
21 5.24031
21.03 5.24208
21.06 5.24387
21.09 5.24567
21.12 5.2475
21.15 5.24934
21.18 5.2512
21.21 5.25309
21.24 5.25499
21.27 5.25691
21.3 5.25885
21.33 5.26082
21.36 5.2628
21.39 5.2648
21.42 5.26683
21.45 5.26887
21.48 5.27094
21.51 5.27303
21.54 5.27513
21.57 5.27726
21.6 5.27942
21.63 5.28159
21.66 5.28378
21.69 5.286
21.72 5.28823
21.75 5.29049
21.78 5.29277
21.81 5.29507
21.84 5.2974
21.87 5.29974
21.9 5.30211
21.93 5.3045
21.96 5.30691
21.99 5.30934
22.02 5.31179
22.05 5.31426
22.08 5.31675
22.11 5.31927
22.14 5.3218
22.17 5.32436
22.2 5.32693
22.23 5.32953
22.26 5.33214
22.29 5.33477
22.32 5.33742
22.35 5.34009
22.38 5.34278
22.41 5.34549
22.44 5.34821
22.47 5.35095
22.5 5.3537
22.53 5.35647
22.56 5.35926
22.59 5.36206
22.62 5.36487
22.65 5.3677
22.68 5.37054
22.71 5.37339
22.74 5.37625
22.77 5.37913
22.8 5.38201
22.83 5.3849
22.86 5.3878
22.89 5.39071
22.92 5.39362
22.95 5.39654
22.98 5.39946
23.01 5.40238
23.04 5.40531
23.07 5.40824
23.1 5.41117
23.13 5.4141
23.16 5.41703
23.19 5.41996
23.22 5.42288
23.25 5.4258
23.28 5.42871
23.31 5.43162
23.34 5.43451
23.37 5.4374
23.4 5.44028
23.43 5.44315
23.46 5.44601
23.49 5.44886
23.52 5.45169
23.55 5.4545
23.58 5.4573
23.61 5.46009
23.64 5.46285
23.67 5.4656
23.7 5.46833
23.73 5.47104
23.76 5.47372
23.79 5.47639
23.82 5.47903
23.85 5.48165
23.88 5.48424
23.91 5.48681
23.94 5.48935
23.97 5.49187
24 5.49436
24.03 5.49682
24.06 5.49926
24.09 5.50167
24.12 5.50405
24.15 5.5064
24.18 5.50872
24.21 5.51101
24.24 5.51327
24.27 5.51551
24.3 5.51771
24.33 5.51988
24.36 5.52202
24.39 5.52413
24.42 5.52621
24.45 5.52827
24.48 5.53029
24.51 5.53228
24.54 5.53424
24.57 5.53617
24.6 5.53807
24.63 5.53994
24.66 5.54178
24.69 5.5436
24.72 5.54538
24.75 5.54714
24.78 5.54887
24.81 5.55057
24.84 5.55224
24.87 5.55389
24.9 5.55551
24.93 5.55711
24.96 5.55868
24.99 5.56022
25.02 5.56174
25.05 5.56323
25.08 5.5647
25.11 5.56615
25.14 5.56757
25.17 5.56897
25.2 5.57035
25.23 5.57171
25.26 5.57304
25.29 5.57436
25.32 5.57565
25.35 5.57693
25.38 5.57818
25.41 5.57942
25.44 5.58063
25.47 5.58183
25.5 5.58301
25.53 5.58417
25.56 5.58531
25.59 5.58644
25.62 5.58755
25.65 5.58864
25.68 5.58972
25.71 5.59078
25.74 5.59183
25.77 5.59286
25.8 5.59388
25.83 5.59488
25.86 5.59587
25.89 5.59685
25.92 5.59781
25.95 5.59876
25.98 5.59969
26.01 5.60061
26.04 5.60152
26.07 5.60242
26.1 5.60331
26.13 5.60418
26.16 5.60504
26.19 5.60589
26.22 5.60673
26.25 5.60756
26.28 5.60837
26.31 5.60918
26.34 5.60998
26.37 5.61076
26.4 5.61153
26.43 5.6123
26.46 5.61305
26.49 5.6138
26.52 5.61453
26.55 5.61526
26.58 5.61597
26.61 5.61668
26.64 5.61738
26.67 5.61806
26.7 5.61874
26.73 5.61941
26.76 5.62008
26.79 5.62073
26.82 5.62137
26.85 5.62201
26.88 5.62264
26.91 5.62326
26.94 5.62387
26.97 5.62447
27 5.62507
27.03 5.62566
27.06 5.62624
27.09 5.62681
27.12 5.62737
27.15 5.62793
27.18 5.62848
27.21 5.62902
27.24 5.62956
27.27 5.63009
27.3 5.63061
27.33 5.63112
27.36 5.63163
27.39 5.63213
27.42 5.63262
27.45 5.63311
27.48 5.63359
27.51 5.63407
27.54 5.63453
27.57 5.63499
27.6 5.63545
27.63 5.6359
27.66 5.63634
27.69 5.63678
27.72 5.63721
27.75 5.63763
27.78 5.63805
27.81 5.63846
27.84 5.63887
27.87 5.63927
27.9 5.63966
27.93 5.64005
27.96 5.64044
27.99 5.64082
28.02 5.64119
28.05 5.64156
28.08 5.64192
28.11 5.64228
28.14 5.64263
28.17 5.64298
28.2 5.64332
28.23 5.64366
28.26 5.64399
28.29 5.64432
28.32 5.64464
28.35 5.64496
28.38 5.64527
28.41 5.64558
28.44 5.64588
28.47 5.64618
28.5 5.64648
28.53 5.64677
28.56 5.64705
28.59 5.64733
28.62 5.64761
28.65 5.64789
28.68 5.64816
28.71 5.64842
28.74 5.64868
28.77 5.64894
28.8 5.64919
28.83 5.64944
28.86 5.64969
28.89 5.64993
28.92 5.65017
28.95 5.6504
28.98 5.65063
29.01 5.65086
29.04 5.65108
29.07 5.6513
29.1 5.65152
29.13 5.65174
29.16 5.65195
29.19 5.65215
29.22 5.65236
29.25 5.65256
29.28 5.65275
29.31 5.65295
29.34 5.65314
29.37 5.65333
29.4 5.65351
29.43 5.65369
29.46 5.65387
29.49 5.65405
29.52 5.65422
29.55 5.65439
29.58 5.65456
29.61 5.65472
29.64 5.65489
29.67 5.65505
29.7 5.6552
29.73 5.65536
29.76 5.65551
29.79 5.65566
29.82 5.65581
29.85 5.65595
29.88 5.65609
29.91 5.65623
29.94 5.65637
29.97 5.6565
30 5.65664
30.001 5
