0 -10
0.03 -8.72796
0.06 -8.72783
0.09 -8.7277
0.12 -8.72757
0.15 -8.72745
0.18 -8.72732
0.21 -8.72719
0.24 -8.72706
0.27 -8.72694
0.3 -8.72681
0.33 -8.72668
0.36 -8.72655
0.39 -8.72643
0.42 -8.7263
0.45 -8.72617
0.48 -8.72605
0.51 -8.72592
0.54 -8.7258
0.57 -8.72567
0.6 -8.72554
0.63 -8.72542
0.66 -8.72529
0.69 -8.72517
0.72 -8.72504
0.75 -8.72492
0.78 -8.72479
0.81 -8.72467
0.84 -8.72454
0.87 -8.72442
0.9 -8.72429
0.93 -8.72417
0.96 -8.72404
0.99 -8.72392
1.02 -8.72379
1.05 -8.72367
1.08 -8.72354
1.11 -8.72342
1.14 -8.7233
1.17 -8.72317
1.2 -8.72305
1.23 -8.72293
1.26 -8.7228
1.29 -8.72268
1.32 -8.72256
1.35 -8.72243
1.38 -8.72231
1.41 -8.72219
1.44 -8.72207
1.47 -8.72194
1.5 -8.72182
1.53 -8.7217
1.56 -8.72158
1.59 -8.72146
1.62 -8.72133
1.65 -8.72121
1.68 -8.72109
1.71 -8.72097
1.74 -8.72085
1.77 -8.72073
1.8 -8.72061
1.83 -8.72048
1.86 -8.72036
1.89 -8.72024
1.92 -8.72012
1.95 -8.72
1.98 -8.71988
2.01 -8.71976
2.04 -8.71964
2.07 -8.71952
2.1 -8.7194
2.13 -8.71928
2.16 -8.71916
2.19 -8.71904
2.22 -8.71892
2.25 -8.7188
2.28 -8.71868
2.31 -8.71857
2.34 -8.71845
2.37 -8.71833
2.4 -8.71821
2.43 -8.71809
2.46 -8.71797
2.49 -8.71785
2.52 -8.71774
2.55 -8.71762
2.58 -8.7175
2.61 -8.71738
2.64 -8.71726
2.67 -8.71715
2.7 -8.71703
2.73 -8.71691
2.76 -8.71679
2.79 -8.71668
2.82 -8.71656
2.85 -8.71644
2.88 -8.71633
2.91 -8.71621
2.94 -8.71609
2.97 -8.71598
3 -8.71586
3.03 -8.71575
3.06 -8.71563
3.09 -8.71551
3.12 -8.7154
3.15 -8.71528
3.18 -8.71517
3.21 -8.71505
3.24 -8.71494
3.27 -8.71482
3.3 -8.71471
3.33 -8.71459
3.36 -8.71448
3.39 -8.71436
3.42 -8.71425
3.45 -8.71413
3.48 -8.71402
3.51 -8.7139
3.54 -8.71379
3.57 -8.71368
3.6 -8.71356
3.63 -8.71345
3.66 -8.71333
3.69 -8.71322
3.72 -8.71311
3.75 -8.71299
3.78 -8.71288
3.81 -8.71277
3.84 -8.71266
3.87 -8.71254
3.9 -8.71243
3.93 -8.71232
3.96 -8.71221
3.99 -8.71209
4.02 -8.71198
4.05 -8.71187
4.08 -8.71176
4.11 -8.71164
4.14 -8.71153
4.17 -8.71142
4.2 -8.71131
4.23 -8.7112
4.26 -8.71109
4.29 -8.71098
4.32 -8.71087
4.35 -8.71075
4.38 -8.71064
4.41 -8.71053
4.44 -8.71042
4.47 -8.71031
4.5 -8.7102
4.53 -8.71009
4.56 -8.70998
4.59 -8.70987
4.62 -8.70976
4.65 -8.70965
4.68 -8.70954
4.71 -8.70943
4.74 -8.70932
4.77 -8.70921
4.8 -8.7091
4.83 -8.70899
4.86 -8.70889
4.89 -8.70878
4.92 -8.70867
4.95 -8.70856
4.98 -8.70845
5.01 -8.70834
5.04 -8.70823
5.07 -8.70813
5.1 -8.70802
5.13 -8.70791
5.16 -8.7078
5.19 -8.70769
5.22 -8.70759
5.25 -8.70748
5.28 -8.70737
5.31 -8.70726
5.34 -8.70716
5.37 -8.70705
5.4 -8.70694
5.43 -8.70684
5.46 -8.70673
5.49 -8.70662
5.52 -8.70652
5.55 -8.70641
5.58 -8.7063
5.61 -8.7062
5.64 -8.70609
5.67 -8.70598
5.7 -8.70588
5.73 -8.70577
5.76 -8.70567
5.79 -8.70556
5.82 -8.70546
5.85 -8.70535
5.88 -8.70525
5.91 -8.70514
5.94 -8.70503
5.97 -8.70493
6 -8.70483
6.03 -8.70472
6.06 -8.70462
6.09 -8.70451
6.12 -8.70441
6.15 -8.7043
6.18 -8.7042
6.21 -8.70409
6.24 -8.70399
6.27 -8.70389
6.3 -8.70378
6.33 -8.70368
6.36 -8.70357
6.39 -8.70347
6.42 -8.70337
6.45 -8.70326
6.48 -8.70316
6.51 -8.70306
6.54 -8.70295
6.57 -8.70285
6.6 -8.70275
6.63 -8.70265
6.66 -8.70254
6.69 -8.70244
6.72 -8.70234
6.75 -8.70224
6.78 -8.70213
6.81 -8.70203
6.84 -8.70193
6.87 -8.70183
6.9 -8.70173
6.93 -8.70162
6.96 -8.70152
6.99 -8.70142
7.02 -8.70132
7.05 -8.70122
7.08 -8.70112
7.11 -8.70102
7.14 -8.70091
7.17 -8.70081
7.2 -8.70071
7.23 -8.70061
7.26 -8.70051
7.29 -8.70041
7.32 -8.70031
7.35 -8.70021
7.38 -8.70011
7.41 -8.70001
7.44 -8.69991
7.47 -8.69981
7.5 -8.69971
7.53 -8.69961
7.56 -8.69951
7.59 -8.69941
7.62 -8.69931
7.65 -8.69921
7.68 -8.69911
7.71 -8.69901
7.74 -8.69891
7.77 -8.69881
7.8 -8.69871
7.83 -8.69862
7.86 -8.69852
7.89 -8.69842
7.92 -8.69832
7.95 -8.69822
7.98 -8.69812
8.01 -8.69802
8.04 -8.69793
8.07 -8.69783
8.1 -8.69773
8.13 -8.69763
8.16 -8.69753
8.19 -8.69744
8.22 -8.69734
8.25 -8.69724
8.28 -8.69714
8.31 -8.69704
8.34 -8.69695
8.37 -8.69685
8.4 -8.69675
8.43 -8.69666
8.46 -8.69656
8.49 -8.69646
8.52 -8.69636
8.55 -8.69627
8.58 -8.69617
8.61 -8.69607
8.64 -8.69598
8.67 -8.69588
8.7 -8.69579
8.73 -8.69569
8.76 -8.69559
8.79 -8.6955
8.82 -8.6954
8.85 -8.6953
8.88 -8.69521
8.91 -8.69511
8.94 -8.69502
8.97 -8.69492
9 -8.69483
9.03 -8.69473
9.06 -8.69464
9.09 -8.69454
9.12 -8.69444
9.15 -8.69435
9.18 -8.69425
9.21 -8.69416
9.24 -8.69406
9.27 -8.69397
9.3 -8.69388
9.33 -8.69378
9.36 -8.69369
9.39 -8.69359
9.42 -8.6935
9.45 -8.6934
9.48 -8.69331
9.51 -8.69321
9.54 -8.69312
9.57 -8.69303
9.6 -8.69293
9.63 -8.69284
9.66 -8.69275
9.69 -8.69265
9.72 -8.69256
9.75 -8.69246
9.78 -8.69237
9.81 -8.69228
9.84 -8.69218
9.87 -8.69209
9.9 -8.692
9.93 -8.69191
9.96 -8.69181
9.99 -8.69172
10.02 -8.69163
10.05 -8.69153
10.08 -8.69144
10.11 -8.69135
10.14 -8.69126
10.17 -8.69117
10.2 -8.69107
10.23 -8.69098
10.26 -8.69089
10.29 -8.6908
10.32 -8.6907
10.35 -8.69061
10.38 -8.69052
10.41 -8.69043
10.44 -8.69034
10.47 -8.69025
10.5 -8.69016
10.53 -8.69006
10.56 -8.68997
10.59 -8.68988
10.62 -8.68979
10.65 -8.6897
10.68 -8.68961
10.71 -8.68952
10.74 -8.68943
10.77 -8.68934
10.8 -8.68925
10.83 -8.68916
10.86 -8.68906
10.89 -8.68897
10.92 -8.68888
10.95 -8.68879
10.98 -8.6887
11.01 -8.68861
11.04 -8.68852
11.07 -8.68843
11.1 -8.68834
11.13 -8.68825
11.16 -8.68817
11.19 -8.68808
11.22 -8.68799
11.25 -8.6879
11.28 -8.68781
11.31 -8.68772
11.34 -8.68763
11.37 -8.68754
11.4 -8.68745
11.43 -8.68736
11.46 -8.68727
11.49 -8.68719
11.52 -8.6871
11.55 -8.68701
11.58 -8.68692
11.61 -8.68683
11.64 -8.68674
11.67 -8.68666
11.7 -8.68657
11.73 -8.68648
11.76 -8.68639
11.79 -8.68631
11.82 -8.68622
11.85 -8.68613
11.88 -8.68604
11.91 -8.68596
11.94 -8.68587
11.97 -8.68578
12 -8.68569
12.03 -8.68561
12.06 -8.68552
12.09 -8.68543
12.12 -8.68535
12.15 -8.68526
12.18 -8.68517
12.21 -8.68509
12.24 -8.685
12.27 -8.68492
12.3 -8.68483
12.33 -8.68474
12.36 -8.68466
12.39 -8.68457
12.42 -8.68449
12.45 -8.6844
12.48 -8.68432
12.51 -8.68423
12.54 -8.68415
12.57 -8.68406
12.6 -8.68398
12.63 -8.68389
12.66 -8.68381
12.69 -8.68372
12.72 -8.68364
12.75 -8.68355
12.78 -8.68347
12.81 -8.68339
12.84 -8.6833
12.87 -8.68322
12.9 -8.68313
12.93 -8.68305
12.96 -8.68297
12.99 -8.68288
13.02 -8.6828
13.05 -8.68272
13.08 -8.68263
13.11 -8.68255
13.14 -8.68247
13.17 -8.68239
13.2 -8.6823
13.23 -8.68222
13.26 -8.68214
13.29 -8.68206
13.32 -8.68197
13.35 -8.68189
13.38 -8.68181
13.41 -8.68173
13.44 -8.68165
13.47 -8.68157
13.5 -8.68149
13.53 -8.6814
13.56 -8.68132
13.59 -8.68124
13.62 -8.68116
13.65 -8.68108
13.68 -8.681
13.71 -8.68092
13.74 -8.68084
13.77 -8.68076
13.8 -8.68068
13.83 -8.6806
13.86 -8.68052
13.89 -8.68045
13.92 -8.68037
13.95 -8.68029
13.98 -8.68021
14.01 -8.68013
14.04 -8.68005
14.07 -8.67997
14.1 -8.6799
14.13 -8.67982
14.16 -8.67974
14.19 -8.67966
14.22 -8.67959
14.25 -8.67951
14.28 -8.67943
14.31 -8.67936
14.34 -8.67928
14.37 -8.6792
14.4 -8.67913
14.43 -8.67905
14.46 -8.67897
14.49 -8.6789
14.52 -8.67882
14.55 -8.67875
14.58 -8.67867
14.61 -8.6786
14.64 -8.67852
14.67 -8.67845
14.7 -8.67838
14.73 -8.6783
14.76 -8.67823
14.79 -8.67816
14.82 -8.67808
14.85 -8.67801
14.88 -8.67794
14.91 -8.67786
14.94 -8.67779
14.97 -8.67772
15 -8.67765
15.03 -8.67758
15.06 -8.67751
15.09 -8.67743
15.12 -8.67736
15.15 -8.67729
15.18 -8.67722
15.21 -8.67715
15.24 -8.67708
15.27 -8.67701
15.3 -8.67695
15.33 -8.67688
15.36 -8.67681
15.39 -8.67674
15.42 -8.67667
15.45 -8.6766
15.48 -8.67654
15.51 -8.67647
15.54 -8.6764
15.57 -8.67634
15.6 -8.67627
15.63 -8.6762
15.66 -8.67614
15.69 -8.67607
15.72 -8.67601
15.75 -8.67594
15.78 -8.67588
15.81 -8.67582
15.84 -8.67575
15.87 -8.67569
15.9 -8.67563
15.93 -8.67556
15.96 -8.6755
15.99 -8.67544
16.02 -8.67538
16.05 -8.67532
16.08 -8.67526
16.11 -8.6752
16.14 -8.67514
16.17 -8.67508
16.2 -8.67502
16.23 -8.67496
16.26 -8.6749
16.29 -8.67484
16.32 -8.67479
16.35 -8.67473
16.38 -8.67467
16.41 -8.67462
16.44 -8.67456
16.47 -8.6745
16.5 -8.67445
16.53 -8.6744
16.56 -8.67434
16.59 -8.67429
16.62 -8.67424
16.65 -8.67418
16.68 -8.67413
16.71 -8.67408
16.74 -8.67403
16.77 -8.67398
16.8 -8.67393
16.83 -8.67388
16.86 -8.67383
16.89 -8.67378
16.92 -8.67374
16.95 -8.67369
16.98 -8.67364
17.01 -8.6736
17.04 -8.67355
17.07 -8.67351
17.1 -8.67346
17.13 -8.67342
17.16 -8.67338
17.19 -8.67333
17.22 -8.67329
17.25 -8.67325
17.28 -8.67321
17.31 -8.67317
17.34 -8.67313
17.37 -8.67309
17.4 -8.67306
17.43 -8.67302
17.46 -8.67298
17.49 -8.67295
17.52 -8.67291
17.55 -8.67288
17.58 -8.67285
17.61 -8.67282
17.64 -8.67278
17.67 -8.67275
17.7 -8.67272
17.73 -8.67269
17.76 -8.67267
17.79 -8.67264
17.82 -8.67261
17.85 -8.67259
17.88 -8.67256
17.91 -8.67254
17.94 -8.67252
17.97 -8.6725
18 -8.67247
18.03 -8.67245
18.06 -8.67244
18.09 -8.67242
18.12 -8.6724
18.15 -8.67239
18.18 -8.67237
18.21 -8.67236
18.24 -8.67235
18.27 -8.67234
18.3 -8.67233
18.33 -8.67232
18.36 -8.67231
18.39 -8.6723
18.42 -8.6723
18.45 -8.67229
18.48 -8.67229
18.51 -8.67229
18.54 -8.67229
18.57 -8.67229
18.6 -8.67229
18.63 -8.6723
18.66 -8.6723
18.69 -8.67231
18.72 -8.67232
18.75 -8.67233
18.78 -8.67234
18.81 -8.67235
18.84 -8.67237
18.87 -8.67239
18.9 -8.6724
18.93 -8.67242
18.96 -8.67244
18.99 -8.67247
19.02 -8.67249
19.05 -8.67252
19.08 -8.67255
19.11 -8.67258
19.14 -8.67261
19.17 -8.67265
19.2 -8.67268
19.23 -8.67272
19.26 -8.67276
19.29 -8.67281
19.32 -8.67285
19.35 -8.6729
19.38 -8.67295
19.41 -8.673
19.44 -8.67305
19.47 -8.67311
19.5 -8.67317
19.53 -8.67323
19.56 -8.6733
19.59 -8.67336
19.62 -8.67343
19.65 -8.67351
19.68 -8.67358
19.71 -8.67366
19.74 -8.67374
19.77 -8.67382
19.8 -8.67391
19.83 -8.674
19.86 -8.6741
19.89 -8.67419
19.92 -8.67429
19.95 -8.6744
19.98 -8.6745
20.01 -8.67461
20.04 -8.67473
20.07 -8.67484
20.1 -8.67497
20.13 -8.67509
20.16 -8.67522
20.19 -8.67535
20.22 -8.67549
20.25 -8.67563
20.28 -8.67578
20.31 -8.67593
20.34 -8.67609
20.37 -8.67625
20.4 -8.67641
20.43 -8.67658
20.46 -8.67675
20.49 -8.67693
20.52 -8.67712
20.55 -8.67731
20.58 -8.6775
20.61 -8.6777
20.64 -8.67791
20.67 -8.67812
20.7 -8.67834
20.73 -8.67856
20.76 -8.67879
20.79 -8.67903
20.82 -8.67927
20.85 -8.67952
20.88 -8.67978
20.91 -8.68004
20.94 -8.68031
20.97 -8.68059
21 -8.68088
21.03 -8.68117
21.06 -8.68147
21.09 -8.68178
21.12 -8.68209
21.15 -8.68242
21.18 -8.68275
21.21 -8.68309
21.24 -8.68344
21.27 -8.6838
21.3 -8.68417
21.33 -8.68455
21.36 -8.68494
21.39 -8.68534
21.42 -8.68575
21.45 -8.68616
21.48 -8.68659
21.51 -8.68703
21.54 -8.68748
21.57 -8.68794
21.6 -8.68842
21.63 -8.6889
21.66 -8.6894
21.69 -8.68991
21.72 -8.69043
21.75 -8.69096
21.78 -8.69151
21.81 -8.69207
21.84 -8.69264
21.87 -8.69323
21.9 -8.69383
21.93 -8.69445
21.96 -8.69508
21.99 -8.69572
22.02 -8.69638
22.05 -8.69706
22.08 -8.69775
22.11 -8.69846
22.14 -8.69918
22.17 -8.69992
22.2 -8.70068
22.23 -8.70145
22.26 -8.70224
22.29 -8.70305
22.32 -8.70388
22.35 -8.70472
22.38 -8.70559
22.41 -8.70647
22.44 -8.70737
22.47 -8.70829
22.5 -8.70923
22.53 -8.71019
22.56 -8.71117
22.59 -8.71218
22.62 -8.7132
22.65 -8.71424
22.68 -8.7153
22.71 -8.71639
22.74 -8.71749
22.77 -8.71862
22.8 -8.71977
22.83 -8.72095
22.86 -8.72214
22.89 -8.72336
22.92 -8.7246
22.95 -8.72586
22.98 -8.72715
23.01 -8.72846
23.04 -8.72979
23.07 -8.73115
23.1 -8.73252
23.13 -8.73393
23.16 -8.73535
23.19 -8.7368
23.22 -8.73827
23.25 -8.73977
23.28 -8.74129
23.31 -8.74283
23.34 -8.7444
23.37 -8.74599
23.4 -8.7476
23.43 -8.74924
23.46 -8.75089
23.49 -8.75257
23.52 -8.75427
23.55 -8.756
23.58 -8.75774
23.61 -8.75951
23.64 -8.7613
23.67 -8.7631
23.7 -8.76493
23.73 -8.76678
23.76 -8.76865
23.79 -8.77053
23.82 -8.77243
23.85 -8.77435
23.88 -8.77629
23.91 -8.77825
23.94 -8.78022
23.97 -8.7822
24 -8.7842
24.03 -8.78622
24.06 -8.78824
24.09 -8.79028
24.12 -8.79233
24.15 -8.79439
24.18 -8.79647
24.21 -8.79855
24.24 -8.80064
24.27 -8.80274
24.3 -8.80484
24.33 -8.80695
24.36 -8.80906
24.39 -8.81118
24.42 -8.81331
24.45 -8.81543
24.48 -8.81756
24.51 -8.81969
24.54 -8.82182
24.57 -8.82394
24.6 -8.82607
24.63 -8.82819
24.66 -8.83031
24.69 -8.83243
24.72 -8.83454
24.75 -8.83664
24.78 -8.83874
24.81 -8.84083
24.84 -8.84291
24.87 -8.84499
24.9 -8.84705
24.93 -8.8491
24.96 -8.85115
24.99 -8.85318
25.02 -8.85519
25.05 -8.8572
25.08 -8.85919
25.11 -8.86117
25.14 -8.86313
25.17 -8.86508
25.2 -8.86701
25.23 -8.86893
25.26 -8.87083
25.29 -8.87272
25.32 -8.87458
25.35 -8.87643
25.38 -8.87826
25.41 -8.88007
25.44 -8.88187
25.47 -8.88364
25.5 -8.8854
25.53 -8.88713
25.56 -8.88885
25.59 -8.89055
25.62 -8.89223
25.65 -8.89389
25.68 -8.89553
25.71 -8.89714
25.74 -8.89874
25.77 -8.90032
25.8 -8.90188
25.83 -8.90342
25.86 -8.90494
25.89 -8.90643
25.92 -8.90791
25.95 -8.90937
25.98 -8.91081
26.01 -8.91223
26.04 -8.91363
26.07 -8.915
26.1 -8.91636
26.13 -8.9177
26.16 -8.91903
26.19 -8.92033
26.22 -8.92161
26.25 -8.92288
26.28 -8.92412
26.31 -8.92535
26.34 -8.92656
26.37 -8.92775
26.4 -8.92892
26.43 -8.93008
26.46 -8.93122
26.49 -8.93234
26.52 -8.93344
26.55 -8.93453
26.58 -8.9356
26.61 -8.93666
26.64 -8.9377
26.67 -8.93872
26.7 -8.93973
26.73 -8.94072
26.76 -8.94169
26.79 -8.94266
26.82 -8.9436
26.85 -8.94454
26.88 -8.94545
26.91 -8.94636
26.94 -8.94725
26.97 -8.94812
27 -8.94899
27.03 -8.94984
27.06 -8.95068
27.09 -8.9515
27.12 -8.95231
27.15 -8.95311
27.18 -8.9539
27.21 -8.95468
27.24 -8.95544
27.27 -8.95619
27.3 -8.95694
27.33 -8.95767
27.36 -8.95839
27.39 -8.9591
27.42 -8.95979
27.45 -8.96048
27.48 -8.96116
27.51 -8.96183
27.54 -8.96249
27.57 -8.96314
27.6 -8.96378
27.63 -8.96441
27.66 -8.96503
27.69 -8.96564
27.72 -8.96625
27.75 -8.96684
27.78 -8.96743
27.81 -8.96801
27.84 -8.96858
27.87 -8.96915
27.9 -8.9697
27.93 -8.97025
27.96 -8.97079
27.99 -8.97133
28.02 -8.97185
28.05 -8.97237
28.08 -8.97289
28.11 -8.97339
28.14 -8.97389
28.17 -8.97438
28.2 -8.97487
28.23 -8.97535
28.26 -8.97583
28.29 -8.97629
28.32 -8.97676
28.35 -8.97721
28.38 -8.97767
28.41 -8.97811
28.44 -8.97855
28.47 -8.97899
28.5 -8.97942
28.53 -8.97984
28.56 -8.98026
28.59 -8.98067
28.62 -8.98108
28.65 -8.98149
28.68 -8.98189
28.71 -8.98229
28.74 -8.98268
28.77 -8.98306
28.8 -8.98345
28.83 -8.98382
28.86 -8.9842
28.89 -8.98457
28.92 -8.98494
28.95 -8.9853
28.98 -8.98566
29.01 -8.98601
29.04 -8.98636
29.07 -8.98671
29.1 -8.98705
29.13 -8.98739
29.16 -8.98773
29.19 -8.98806
29.22 -8.98839
29.25 -8.98872
29.28 -8.98904
29.31 -8.98936
29.34 -8.98968
29.37 -8.98999
29.4 -8.99031
29.43 -8.99061
29.46 -8.99092
29.49 -8.99122
29.52 -8.99152
29.55 -8.99182
29.58 -8.99211
29.61 -8.9924
29.64 -8.99269
29.67 -8.99298
29.7 -8.99326
29.73 -8.99354
29.76 -8.99382
29.79 -8.9941
29.82 -8.99437
29.85 -8.99464
29.88 -8.99491
29.91 -8.99518
29.94 -8.99545
29.97 -8.99571
30 -8.99597
30.001 -10
