0 0
0.03 0.711212
0.06 0.712237
0.09 0.713262
0.12 0.714288
0.15 0.715314
0.18 0.71634
0.21 0.717367
0.24 0.718393
0.27 0.719421
0.3 0.720448
0.33 0.721476
0.36 0.722505
0.39 0.723533
0.42 0.724562
0.45 0.725592
0.48 0.726621
0.51 0.727651
0.54 0.728682
0.57 0.729712
0.6 0.730743
0.63 0.731775
0.66 0.732806
0.69 0.733839
0.72 0.734871
0.75 0.735904
0.78 0.736937
0.81 0.73797
0.84 0.739004
0.87 0.740038
0.9 0.741073
0.93 0.742108
0.96 0.743143
0.99 0.744178
1.02 0.745214
1.05 0.746251
1.08 0.747287
1.11 0.748324
1.14 0.749361
1.17 0.750399
1.2 0.751437
1.23 0.752475
1.26 0.753514
1.29 0.754553
1.32 0.755593
1.35 0.756632
1.38 0.757673
1.41 0.758713
1.44 0.759754
1.47 0.760795
1.5 0.761837
1.53 0.762879
1.56 0.763921
1.59 0.764963
1.62 0.766006
1.65 0.76705
1.68 0.768094
1.71 0.769138
1.74 0.770182
1.77 0.771227
1.8 0.772272
1.83 0.773318
1.86 0.774364
1.89 0.77541
1.92 0.776457
1.95 0.777504
1.98 0.778551
2.01 0.779599
2.04 0.780647
2.07 0.781696
2.1 0.782745
2.13 0.783794
2.16 0.784844
2.19 0.785894
2.22 0.786944
2.25 0.787995
2.28 0.789046
2.31 0.790098
2.34 0.79115
2.37 0.792203
2.4 0.793255
2.43 0.794309
2.46 0.795362
2.49 0.796416
2.52 0.797471
2.55 0.798525
2.58 0.799581
2.61 0.800636
2.64 0.801692
2.67 0.802749
2.7 0.803805
2.73 0.804863
2.76 0.80592
2.79 0.806978
2.82 0.808037
2.85 0.809096
2.88 0.810155
2.91 0.811215
2.94 0.812275
2.97 0.813336
3 0.814397
3.03 0.815458
3.06 0.81652
3.09 0.817582
3.12 0.818645
3.15 0.819708
3.18 0.820772
3.21 0.821836
3.24 0.8229
3.27 0.823965
3.3 0.825031
3.33 0.826097
3.36 0.827163
3.39 0.82823
3.42 0.829297
3.45 0.830365
3.48 0.831433
3.51 0.832501
3.54 0.83357
3.57 0.83464
3.6 0.83571
3.63 0.836781
3.66 0.837852
3.69 0.838923
3.72 0.839995
3.75 0.841067
3.78 0.84214
3.81 0.843214
3.84 0.844288
3.87 0.845362
3.9 0.846437
3.93 0.847512
3.96 0.848588
3.99 0.849665
4.02 0.850742
4.05 0.851819
4.08 0.852897
4.11 0.853976
4.14 0.855055
4.17 0.856134
4.2 0.857214
4.23 0.858295
4.26 0.859376
4.29 0.860458
4.32 0.86154
4.35 0.862623
4.38 0.863706
4.41 0.86479
4.44 0.865875
4.47 0.86696
4.5 0.868045
4.53 0.869132
4.56 0.870218
4.59 0.871306
4.62 0.872393
4.65 0.873482
4.68 0.874571
4.71 0.875661
4.74 0.876751
4.77 0.877842
4.8 0.878933
4.83 0.880025
4.86 0.881118
4.89 0.882211
4.92 0.883305
4.95 0.8844
4.98 0.885495
5.01 0.886591
5.04 0.887687
5.07 0.888784
5.1 0.889882
5.13 0.89098
5.16 0.892079
5.19 0.893179
5.22 0.894279
5.25 0.89538
5.28 0.896482
5.31 0.897584
5.34 0.898687
5.37 0.899791
5.4 0.900895
5.43 0.902
5.46 0.903106
5.49 0.904213
5.52 0.90532
5.55 0.906428
5.58 0.907536
5.61 0.908646
5.64 0.909756
5.67 0.910867
5.7 0.911978
5.73 0.91309
5.76 0.914203
5.79 0.915317
5.82 0.916432
5.85 0.917547
5.88 0.918663
5.91 0.91978
5.94 0.920898
5.97 0.922016
6 0.923135
6.03 0.924255
6.06 0.925376
6.09 0.926498
6.12 0.92762
6.15 0.928744
6.18 0.929868
6.21 0.930993
6.24 0.932118
6.27 0.933245
6.3 0.934372
6.33 0.935501
6.36 0.93663
6.39 0.93776
6.42 0.938891
6.45 0.940023
6.48 0.941155
6.51 0.942289
6.54 0.943423
6.57 0.944559
6.6 0.945695
6.63 0.946832
6.66 0.94797
6.69 0.949109
6.72 0.950249
6.75 0.95139
6.78 0.952532
6.81 0.953675
6.84 0.954819
6.87 0.955964
6.9 0.95711
6.93 0.958256
6.96 0.959404
6.99 0.960553
7.02 0.961703
7.05 0.962853
7.08 0.964005
7.11 0.965158
7.14 0.966312
7.17 0.967467
7.2 0.968623
7.23 0.96978
7.26 0.970938
7.29 0.972097
7.32 0.973257
7.35 0.974419
7.38 0.975581
7.41 0.976744
7.44 0.977909
7.47 0.979075
7.5 0.980242
7.53 0.98141
7.56 0.982579
7.59 0.983749
7.62 0.984921
7.65 0.986093
7.68 0.987267
7.71 0.988442
7.74 0.989619
7.77 0.990796
7.8 0.991975
7.83 0.993155
7.86 0.994336
7.89 0.995518
7.92 0.996702
7.95 0.997886
7.98 0.999072
8.01 1.00026
8.04 1.00145
8.07 1.00264
8.1 1.00383
8.13 1.00502
8.16 1.00622
8.19 1.00741
8.22 1.00861
8.25 1.00981
8.28 1.01101
8.31 1.01221
8.34 1.01341
8.37 1.01461
8.4 1.01582
8.43 1.01702
8.46 1.01823
8.49 1.01944
8.52 1.02065
8.55 1.02186
8.58 1.02307
8.61 1.02429
8.64 1.02551
8.67 1.02672
8.7 1.02794
8.73 1.02916
8.76 1.03039
8.79 1.03161
8.82 1.03284
8.85 1.03406
8.88 1.03529
8.91 1.03652
8.94 1.03775
8.97 1.03899
9 1.04022
9.03 1.04146
9.06 1.0427
9.09 1.04394
9.12 1.04518
9.15 1.04642
9.18 1.04766
9.21 1.04891
9.24 1.05016
9.27 1.05141
9.3 1.05266
9.33 1.05391
9.36 1.05517
9.39 1.05643
9.42 1.05769
9.45 1.05895
9.48 1.06021
9.51 1.06147
9.54 1.06274
9.57 1.06401
9.6 1.06527
9.63 1.06655
9.66 1.06782
9.69 1.06909
9.72 1.07037
9.75 1.07165
9.78 1.07293
9.81 1.07421
9.84 1.0755
9.87 1.07679
9.9 1.07807
9.93 1.07937
9.96 1.08066
9.99 1.08195
10.02 1.08325
10.05 1.08455
10.08 1.08585
10.11 1.08715
10.14 1.08846
10.17 1.08976
10.2 1.09107
10.23 1.09239
10.26 1.0937
10.29 1.09501
10.32 1.09633
10.35 1.09765
10.38 1.09897
10.41 1.1003
10.44 1.10163
10.47 1.10296
10.5 1.10429
10.53 1.10562
10.56 1.10696
10.59 1.10829
10.62 1.10963
10.65 1.11098
10.68 1.11232
10.71 1.11367
10.74 1.11502
10.77 1.11637
10.8 1.11773
10.83 1.11909
10.86 1.12044
10.89 1.12181
10.92 1.12317
10.95 1.12454
10.98 1.12591
11.01 1.12728
11.04 1.12866
11.07 1.13003
11.1 1.13141
11.13 1.1328
11.16 1.13418
11.19 1.13557
11.22 1.13696
11.25 1.13835
11.28 1.13975
11.31 1.14115
11.34 1.14255
11.37 1.14395
11.4 1.14536
11.43 1.14677
11.46 1.14818
11.49 1.1496
11.52 1.15102
11.55 1.15244
11.58 1.15386
11.61 1.15529
11.64 1.15672
11.67 1.15815
11.7 1.15959
11.73 1.16103
11.76 1.16247
11.79 1.16391
11.82 1.16536
11.85 1.16681
11.88 1.16827
11.91 1.16972
11.94 1.17118
11.97 1.17265
12 1.17411
12.03 1.17558
12.06 1.17706
12.09 1.17853
12.12 1.18001
12.15 1.1815
12.18 1.18298
12.21 1.18447
12.24 1.18596
12.27 1.18746
12.3 1.18896
12.33 1.19046
12.36 1.19197
12.39 1.19348
12.42 1.19499
12.45 1.19651
12.48 1.19803
12.51 1.19955
12.54 1.20108
12.57 1.20261
12.6 1.20415
12.63 1.20569
12.66 1.20723
12.69 1.20877
12.72 1.21032
12.75 1.21188
12.78 1.21343
12.81 1.215
12.84 1.21656
12.87 1.21813
12.9 1.2197
12.93 1.22128
12.96 1.22286
12.99 1.22444
13.02 1.22603
13.05 1.22762
13.08 1.22922
13.11 1.23082
13.14 1.23242
13.17 1.23403
13.2 1.23565
13.23 1.23726
13.26 1.23888
13.29 1.24051
13.32 1.24214
13.35 1.24377
13.38 1.24541
13.41 1.24705
13.44 1.2487
13.47 1.25035
13.5 1.25201
13.53 1.25367
13.56 1.25534
13.59 1.257
13.62 1.25868
13.65 1.26036
13.68 1.26204
13.71 1.26373
13.74 1.26542
13.77 1.26712
13.8 1.26882
13.83 1.27053
13.86 1.27224
13.89 1.27396
13.92 1.27568
13.95 1.27741
13.98 1.27914
14.01 1.28088
14.04 1.28262
14.07 1.28436
14.1 1.28612
14.13 1.28787
14.16 1.28964
14.19 1.2914
14.22 1.29318
14.25 1.29495
14.28 1.29674
14.31 1.29853
14.34 1.30032
14.37 1.30212
14.4 1.30393
14.43 1.30574
14.46 1.30755
14.49 1.30938
14.52 1.3112
14.55 1.31304
14.58 1.31488
14.61 1.31672
14.64 1.31857
14.67 1.32043
14.7 1.32229
14.73 1.32416
14.76 1.32604
14.79 1.32792
14.82 1.32981
14.85 1.3317
14.88 1.3336
14.91 1.3355
14.94 1.33742
14.97 1.33933
15 1.34126
15.03 1.34319
15.06 1.34513
15.09 1.34707
15.12 1.34902
15.15 1.35098
15.18 1.35295
15.21 1.35492
15.24 1.3569
15.27 1.35888
15.3 1.36087
15.33 1.36287
15.36 1.36488
15.39 1.36689
15.42 1.36891
15.45 1.37094
15.48 1.37297
15.51 1.37502
15.54 1.37707
15.57 1.37912
15.6 1.38119
15.63 1.38326
15.66 1.38534
15.69 1.38743
15.72 1.38952
15.75 1.39163
15.78 1.39374
15.81 1.39586
15.84 1.39798
15.87 1.40012
15.9 1.40226
15.93 1.40442
15.96 1.40658
15.99 1.40875
16.02 1.41092
16.05 1.41311
16.08 1.4153
16.11 1.41751
16.14 1.41972
16.17 1.42194
16.2 1.42417
16.23 1.42641
16.26 1.42866
16.29 1.43092
16.32 1.43319
16.35 1.43546
16.38 1.43775
16.41 1.44004
16.44 1.44235
16.47 1.44466
16.5 1.44699
16.53 1.44933
16.56 1.45167
16.59 1.45403
16.62 1.45639
16.65 1.45877
16.68 1.46116
16.71 1.46355
16.74 1.46596
16.77 1.46838
16.8 1.47081
16.83 1.47325
16.86 1.4757
16.89 1.47817
16.92 1.48064
16.95 1.48313
16.98 1.48563
17.01 1.48814
17.04 1.49066
17.07 1.49319
17.1 1.49574
17.13 1.4983
17.16 1.50087
17.19 1.50345
17.22 1.50605
17.25 1.50866
17.28 1.51128
17.31 1.51391
17.34 1.51656
17.37 1.51922
17.4 1.5219
17.43 1.52459
17.46 1.52729
17.49 1.53001
17.52 1.53274
17.55 1.53549
17.58 1.53825
17.61 1.54102
17.64 1.54381
17.67 1.54662
17.7 1.54944
17.73 1.55228
17.76 1.55513
17.79 1.55799
17.82 1.56088
17.85 1.56378
17.88 1.56669
17.91 1.56963
17.94 1.57258
17.97 1.57554
18 1.57853
18.03 1.58153
18.06 1.58455
18.09 1.58759
18.12 1.59064
18.15 1.59372
18.18 1.59681
18.21 1.59992
18.24 1.60305
18.27 1.6062
18.3 1.60937
18.33 1.61256
18.36 1.61577
18.39 1.619
18.42 1.62225
18.45 1.62553
18.48 1.62882
18.51 1.63213
18.54 1.63547
18.57 1.63883
18.6 1.64221
18.63 1.64562
18.66 1.64905
18.69 1.6525
18.72 1.65597
18.75 1.65947
18.78 1.66299
18.81 1.66654
18.84 1.67011
18.87 1.67371
18.9 1.67734
18.93 1.68099
18.96 1.68467
18.99 1.68837
19.02 1.6921
19.05 1.69586
19.08 1.69965
19.11 1.70347
19.14 1.70731
19.17 1.71119
19.2 1.71509
19.23 1.71903
19.26 1.72299
19.29 1.72699
19.32 1.73102
19.35 1.73508
19.38 1.73917
19.41 1.7433
19.44 1.74746
19.47 1.75165
19.5 1.75588
19.53 1.76015
19.56 1.76444
19.59 1.76878
19.62 1.77315
19.65 1.77756
19.68 1.78201
19.71 1.78649
19.74 1.79102
19.77 1.79558
19.8 1.80019
19.83 1.80483
19.86 1.80952
19.89 1.81425
19.92 1.81902
19.95 1.82383
19.98 1.82869
20.01 1.83359
20.04 1.83854
20.07 1.84353
20.1 1.84857
20.13 1.85366
20.16 1.8588
20.19 1.86398
20.22 1.86921
20.25 1.8745
20.28 1.87983
20.31 1.88522
20.34 1.89065
20.37 1.89615
20.4 1.90169
20.43 1.90729
20.46 1.91295
20.49 1.91866
20.52 1.92443
20.55 1.93025
20.58 1.93614
20.61 1.94208
20.64 1.94809
20.67 1.95415
20.7 1.96028
20.73 1.96647
20.76 1.97273
20.79 1.97905
20.82 1.98543
20.85 1.99188
20.88 1.9984
20.91 2.00499
20.94 2.01164
20.97 2.01837
21 2.02516
21.03 2.03203
21.06 2.03897
21.09 2.04598
21.12 2.05307
21.15 2.06023
21.18 2.06747
21.21 2.07478
21.24 2.08218
21.27 2.08965
21.3 2.0972
21.33 2.10483
21.36 2.11254
21.39 2.12033
21.42 2.12821
21.45 2.13616
21.48 2.14421
21.51 2.15233
21.54 2.16055
21.57 2.16884
21.6 2.17723
21.63 2.1857
21.66 2.19426
21.69 2.20291
21.72 2.21165
21.75 2.22048
21.78 2.2294
21.81 2.23841
21.84 2.24751
21.87 2.2567
21.9 2.26599
21.93 2.27536
21.96 2.28483
21.99 2.2944
22.02 2.30405
22.05 2.3138
22.08 2.32364
22.11 2.33357
22.14 2.3436
22.17 2.35372
22.2 2.36393
22.23 2.37423
22.26 2.38463
22.29 2.39512
22.32 2.4057
22.35 2.41636
22.38 2.42712
22.41 2.43797
22.44 2.44891
22.47 2.45993
22.5 2.47104
22.53 2.48224
22.56 2.49352
22.59 2.50488
22.62 2.51633
22.65 2.52785
22.68 2.53946
22.71 2.55114
22.74 2.5629
22.77 2.57473
22.8 2.58663
22.83 2.5986
22.86 2.61064
22.89 2.62275
22.92 2.63492
22.95 2.64715
22.98 2.65943
23.01 2.67178
23.04 2.68418
23.07 2.69662
23.1 2.70912
23.13 2.72166
23.16 2.73424
23.19 2.74686
23.22 2.75952
23.25 2.77221
23.28 2.78492
23.31 2.79767
23.34 2.81043
23.37 2.82322
23.4 2.83602
23.43 2.84883
23.46 2.86165
23.49 2.87447
23.52 2.88729
23.55 2.90011
23.58 2.91293
23.61 2.92573
23.64 2.93852
23.67 2.95129
23.7 2.96404
23.73 2.97676
23.76 2.98946
23.79 3.00212
23.82 3.01474
23.85 3.02733
23.88 3.03986
23.91 3.05235
23.94 3.06479
23.97 3.07717
24 3.0895
24.03 3.10176
24.06 3.11396
24.09 3.12608
24.12 3.13814
24.15 3.15012
24.18 3.16202
24.21 3.17384
24.24 3.18558
24.27 3.19722
24.3 3.20878
24.33 3.22025
24.36 3.23162
24.39 3.24289
24.42 3.25406
24.45 3.26513
24.48 3.2761
24.51 3.28695
24.54 3.29771
24.57 3.30835
24.6 3.31888
24.63 3.32929
24.66 3.33959
24.69 3.34978
24.72 3.35984
24.75 3.36979
24.78 3.37962
24.81 3.38933
24.84 3.39892
24.87 3.40838
24.9 3.41772
24.93 3.42694
24.96 3.43604
24.99 3.44501
25.02 3.45386
25.05 3.46258
25.08 3.47118
25.11 3.47966
25.14 3.48801
25.17 3.49624
25.2 3.50435
25.23 3.51233
25.26 3.52019
25.29 3.52793
25.32 3.53555
25.35 3.54305
25.38 3.55043
25.41 3.55769
25.44 3.56483
25.47 3.57185
25.5 3.57876
25.53 3.58556
25.56 3.59224
25.59 3.59881
25.62 3.60526
25.65 3.61161
25.68 3.61785
25.71 3.62398
25.74 3.63
25.77 3.63592
25.8 3.64174
25.83 3.64745
25.86 3.65306
25.89 3.65857
25.92 3.66399
25.95 3.66931
25.98 3.67453
26.01 3.67965
26.04 3.68469
26.07 3.68963
26.1 3.69449
26.13 3.69926
26.16 3.70394
26.19 3.70853
26.22 3.71304
26.25 3.71747
26.28 3.72182
26.31 3.72608
26.34 3.73027
26.37 3.73438
26.4 3.73842
26.43 3.74238
26.46 3.74627
26.49 3.75009
26.52 3.75384
26.55 3.75752
26.58 3.76113
26.61 3.76467
26.64 3.76815
26.67 3.77157
26.7 3.77492
26.73 3.77821
26.76 3.78144
26.79 3.78461
26.82 3.78773
26.85 3.79078
26.88 3.79378
26.91 3.79673
26.94 3.79962
26.97 3.80246
27 3.80525
27.03 3.80799
27.06 3.81068
27.09 3.81331
27.12 3.81591
27.15 3.81845
27.18 3.82095
27.21 3.8234
27.24 3.82581
27.27 3.82818
27.3 3.8305
27.33 3.83278
27.36 3.83503
27.39 3.83723
27.42 3.83939
27.45 3.84151
27.48 3.8436
27.51 3.84565
27.54 3.84766
27.57 3.84964
27.6 3.85158
27.63 3.85349
27.66 3.85536
27.69 3.85721
27.72 3.85901
27.75 3.86079
27.78 3.86254
27.81 3.86426
27.84 3.86594
27.87 3.8676
27.9 3.86923
27.93 3.87083
27.96 3.8724
27.99 3.87395
28.02 3.87546
28.05 3.87696
28.08 3.87842
28.11 3.87986
28.14 3.88128
28.17 3.88267
28.2 3.88404
28.23 3.88539
28.26 3.88671
28.29 3.88801
28.32 3.88929
28.35 3.89054
28.38 3.89178
28.41 3.89299
28.44 3.89419
28.47 3.89536
28.5 3.89651
28.53 3.89765
28.56 3.89876
28.59 3.89986
28.62 3.90093
28.65 3.90199
28.68 3.90304
28.71 3.90406
28.74 3.90507
28.77 3.90606
28.8 3.90703
28.83 3.90799
28.86 3.90893
28.89 3.90985
28.92 3.91076
28.95 3.91166
28.98 3.91254
29.01 3.91341
29.04 3.91426
29.07 3.91509
29.1 3.91592
29.13 3.91673
29.16 3.91752
29.19 3.91831
29.22 3.91908
29.25 3.91983
29.28 3.92058
29.31 3.92131
29.34 3.92203
29.37 3.92274
29.4 3.92344
29.43 3.92412
29.46 3.9248
29.49 3.92546
29.52 3.92611
29.55 3.92675
29.58 3.92738
29.61 3.928
29.64 3.92861
29.67 3.92922
29.7 3.92981
29.73 3.93039
29.76 3.93096
29.79 3.93152
29.82 3.93207
29.85 3.93262
29.88 3.93315
29.91 3.93368
29.94 3.93419
29.97 3.9347
30 3.9352
30.001 0
