0 5
0.03 5.00882
0.06 5.00899
0.09 5.00915
0.12 5.00932
0.15 5.00949
0.18 5.00966
0.21 5.00983
0.24 5.01001
0.27 5.01018
0.3 5.01035
0.33 5.01053
0.36 5.0107
0.39 5.01088
0.42 5.01105
0.45 5.01123
0.48 5.01141
0.51 5.01159
0.54 5.01176
0.57 5.01194
0.6 5.01213
0.63 5.01231
0.66 5.01249
0.69 5.01267
0.72 5.01286
0.75 5.01304
0.78 5.01323
0.81 5.01341
0.84 5.0136
0.87 5.01379
0.9 5.01397
0.93 5.01416
0.96 5.01435
0.99 5.01454
1.02 5.01474
1.05 5.01493
1.08 5.01512
1.11 5.01532
1.14 5.01551
1.17 5.01571
1.2 5.0159
1.23 5.0161
1.26 5.0163
1.29 5.0165
1.32 5.0167
1.35 5.0169
1.38 5.0171
1.41 5.0173
1.44 5.01751
1.47 5.01771
1.5 5.01792
1.53 5.01812
1.56 5.01833
1.59 5.01854
1.62 5.01874
1.65 5.01895
1.68 5.01916
1.71 5.01938
1.74 5.01959
1.77 5.0198
1.8 5.02002
1.83 5.02023
1.86 5.02045
1.89 5.02066
1.92 5.02088
1.95 5.0211
1.98 5.02132
2.01 5.02154
2.04 5.02176
2.07 5.02198
2.1 5.02221
2.13 5.02243
2.16 5.02265
2.19 5.02288
2.22 5.02311
2.25 5.02334
2.28 5.02356
2.31 5.02379
2.34 5.02402
2.37 5.02426
2.4 5.02449
2.43 5.02472
2.46 5.02496
2.49 5.02519
2.52 5.02543
2.55 5.02567
2.58 5.02591
2.61 5.02615
2.64 5.02639
2.67 5.02663
2.7 5.02687
2.73 5.02711
2.76 5.02736
2.79 5.0276
2.82 5.02785
2.85 5.0281
2.88 5.02835
2.91 5.0286
2.94 5.02885
2.97 5.0291
3 5.02935
3.03 5.0296
3.06 5.02986
3.09 5.03011
3.12 5.03037
3.15 5.03063
3.18 5.03089
3.21 5.03115
3.24 5.03141
3.27 5.03167
3.3 5.03193
3.33 5.0322
3.36 5.03246
3.39 5.03273
3.42 5.03299
3.45 5.03326
3.48 5.03353
3.51 5.0338
3.54 5.03407
3.57 5.03435
3.6 5.03462
3.63 5.03489
3.66 5.03517
3.69 5.03545
3.72 5.03572
3.75 5.036
3.78 5.03628
3.81 5.03656
3.84 5.03685
3.87 5.03713
3.9 5.03741
3.93 5.0377
3.96 5.03798
3.99 5.03827
4.02 5.03856
4.05 5.03885
4.08 5.03914
4.11 5.03943
4.14 5.03972
4.17 5.04002
4.2 5.04031
4.23 5.04061
4.26 5.04091
4.29 5.04121
4.32 5.0415
4.35 5.0418
4.38 5.04211
4.41 5.04241
4.44 5.04271
4.47 5.04302
4.5 5.04332
4.53 5.04363
4.56 5.04394
4.59 5.04425
4.62 5.04456
4.65 5.04487
4.68 5.04518
4.71 5.0455
4.74 5.04581
4.77 5.04613
4.8 5.04644
4.83 5.04676
4.86 5.04708
4.89 5.0474
4.92 5.04772
4.95 5.04805
4.98 5.04837
5.01 5.0487
5.04 5.04902
5.07 5.04935
5.1 5.04968
5.13 5.05001
5.16 5.05034
5.19 5.05067
5.22 5.051
5.25 5.05134
5.28 5.05167
5.31 5.05201
5.34 5.05234
5.37 5.05268
5.4 5.05302
5.43 5.05336
5.46 5.0537
5.49 5.05405
5.52 5.05439
5.55 5.05474
5.58 5.05508
5.61 5.05543
5.64 5.05578
5.67 5.05613
5.7 5.05648
5.73 5.05683
5.76 5.05718
5.79 5.05754
5.82 5.05789
5.85 5.05825
5.88 5.05861
5.91 5.05897
5.94 5.05933
5.97 5.05969
6 5.06005
6.03 5.06041
6.06 5.06078
6.09 5.06114
6.12 5.06151
6.15 5.06188
6.18 5.06224
6.21 5.06261
6.24 5.06299
6.27 5.06336
6.3 5.06373
6.33 5.06411
6.36 5.06448
6.39 5.06486
6.42 5.06524
6.45 5.06562
6.48 5.066
6.51 5.06638
6.54 5.06676
6.57 5.06714
6.6 5.06753
6.63 5.06791
6.66 5.0683
6.69 5.06869
6.72 5.06908
6.75 5.06947
6.78 5.06986
6.81 5.07026
6.84 5.07065
6.87 5.07104
6.9 5.07144
6.93 5.07184
6.96 5.07224
6.99 5.07264
7.02 5.07304
7.05 5.07344
7.08 5.07384
7.11 5.07425
7.14 5.07465
7.17 5.07506
7.2 5.07547
7.23 5.07588
7.26 5.07629
7.29 5.0767
7.32 5.07711
7.35 5.07753
7.38 5.07794
7.41 5.07836
7.44 5.07877
7.47 5.07919
7.5 5.07961
7.53 5.08003
7.56 5.08046
7.59 5.08088
7.62 5.0813
7.65 5.08173
7.68 5.08216
7.71 5.08258
7.74 5.08301
7.77 5.08344
7.8 5.08388
7.83 5.08431
7.86 5.08474
7.89 5.08518
7.92 5.08561
7.95 5.08605
7.98 5.08649
8.01 5.08693
8.04 5.08737
8.07 5.08781
8.1 5.08826
8.13 5.0887
8.16 5.08915
8.19 5.0896
8.22 5.09005
8.25 5.0905
8.28 5.09095
8.31 5.0914
8.34 5.09185
8.37 5.09231
8.4 5.09276
8.43 5.09322
8.46 5.09368
8.49 5.09414
8.52 5.0946
8.55 5.09506
8.58 5.09553
8.61 5.09599
8.64 5.09646
8.67 5.09693
8.7 5.0974
8.73 5.09787
8.76 5.09834
8.79 5.09881
8.82 5.09929
8.85 5.09976
8.88 5.10024
8.91 5.10072
8.94 5.1012
8.97 5.10168
9 5.10216
9.03 5.10264
9.06 5.10313
9.09 5.10361
9.12 5.1041
9.15 5.10459
9.18 5.10508
9.21 5.10557
9.24 5.10607
9.27 5.10656
9.3 5.10706
9.33 5.10756
9.36 5.10805
9.39 5.10855
9.42 5.10906
9.45 5.10956
9.48 5.11006
9.51 5.11057
9.54 5.11108
9.57 5.11159
9.6 5.1121
9.63 5.11261
9.66 5.11312
9.69 5.11364
9.72 5.11415
9.75 5.11467
9.78 5.11519
9.81 5.11571
9.84 5.11623
9.87 5.11676
9.9 5.11728
9.93 5.11781
9.96 5.11834
9.99 5.11887
10.02 5.1194
10.05 5.11993
10.08 5.12047
10.11 5.121
10.14 5.12154
10.17 5.12208
10.2 5.12262
10.23 5.12317
10.26 5.12371
10.29 5.12426
10.32 5.1248
10.35 5.12535
10.38 5.12591
10.41 5.12646
10.44 5.12701
10.47 5.12757
10.5 5.12813
10.53 5.12869
10.56 5.12925
10.59 5.12981
10.62 5.13038
10.65 5.13094
10.68 5.13151
10.71 5.13208
10.74 5.13265
10.77 5.13323
10.8 5.1338
10.83 5.13438
10.86 5.13496
10.89 5.13554
10.92 5.13612
10.95 5.13671
10.98 5.1373
11.01 5.13788
11.04 5.13847
11.07 5.13907
11.1 5.13966
11.13 5.14026
11.16 5.14086
11.19 5.14146
11.22 5.14206
11.25 5.14266
11.28 5.14327
11.31 5.14388
11.34 5.14449
11.37 5.1451
11.4 5.14571
11.43 5.14633
11.46 5.14695
11.49 5.14757
11.52 5.14819
11.55 5.14882
11.58 5.14944
11.61 5.15007
11.64 5.1507
11.67 5.15134
11.7 5.15197
11.73 5.15261
11.76 5.15325
11.79 5.15389
11.82 5.15454
11.85 5.15518
11.88 5.15583
11.91 5.15648
11.94 5.15713
11.97 5.15779
12 5.15845
12.03 5.15911
12.06 5.15977
12.09 5.16044
12.12 5.1611
12.15 5.16177
12.18 5.16244
12.21 5.16312
12.24 5.1638
12.27 5.16447
12.3 5.16516
12.33 5.16584
12.36 5.16653
12.39 5.16722
12.42 5.16791
12.45 5.1686
12.48 5.1693
12.51 5.17
12.54 5.1707
12.57 5.1714
12.6 5.17211
12.63 5.17282
12.66 5.17353
12.69 5.17425
12.72 5.17496
12.75 5.17568
12.78 5.17641
12.81 5.17713
12.84 5.17786
12.87 5.17859
12.9 5.17932
12.93 5.18006
12.96 5.1808
12.99 5.18154
13.02 5.18229
13.05 5.18303
13.08 5.18378
13.11 5.18454
13.14 5.18529
13.17 5.18605
13.2 5.18681
13.23 5.18758
13.26 5.18834
13.29 5.18912
13.32 5.18989
13.35 5.19066
13.38 5.19144
13.41 5.19223
13.44 5.19301
13.47 5.1938
13.5 5.19459
13.53 5.19538
13.56 5.19618
13.59 5.19698
13.62 5.19778
13.65 5.19859
13.68 5.1994
13.71 5.20021
13.74 5.20103
13.77 5.20185
13.8 5.20267
13.83 5.20349
13.86 5.20432
13.89 5.20515
13.92 5.20599
13.95 5.20683
13.98 5.20767
14.01 5.20851
14.04 5.20936
14.07 5.21021
14.1 5.21106
14.13 5.21192
14.16 5.21278
14.19 5.21365
14.22 5.21451
14.25 5.21538
14.28 5.21626
14.31 5.21714
14.34 5.21802
14.37 5.2189
14.4 5.21979
14.43 5.22068
14.46 5.22157
14.49 5.22247
14.52 5.22337
14.55 5.22427
14.58 5.22518
14.61 5.22609
14.64 5.22701
14.67 5.22792
14.7 5.22885
14.73 5.22977
14.76 5.2307
14.79 5.23163
14.82 5.23257
14.85 5.23351
14.88 5.23445
14.91 5.23539
14.94 5.23634
14.97 5.2373
15 5.23825
15.03 5.23921
15.06 5.24017
15.09 5.24114
15.12 5.24211
15.15 5.24309
15.18 5.24406
15.21 5.24504
15.24 5.24603
15.27 5.24702
15.3 5.24801
15.33 5.249
15.36 5.25
15.39 5.251
15.42 5.25201
15.45 5.25302
15.48 5.25403
15.51 5.25505
15.54 5.25607
15.57 5.25709
15.6 5.25812
15.63 5.25915
15.66 5.26018
15.69 5.26122
15.72 5.26226
15.75 5.26331
15.78 5.26436
15.81 5.26541
15.84 5.26646
15.87 5.26752
15.9 5.26858
15.93 5.26965
15.96 5.27072
15.99 5.27179
16.02 5.27287
16.05 5.27395
16.08 5.27503
16.11 5.27612
16.14 5.27721
16.17 5.2783
16.2 5.2794
16.23 5.2805
16.26 5.28161
16.29 5.28271
16.32 5.28383
16.35 5.28494
16.38 5.28606
16.41 5.28718
16.44 5.2883
16.47 5.28943
16.5 5.29056
16.53 5.2917
16.56 5.29284
16.59 5.29398
16.62 5.29512
16.65 5.29627
16.68 5.29742
16.71 5.29858
16.74 5.29973
16.77 5.3009
16.8 5.30206
16.83 5.30323
16.86 5.3044
16.89 5.30557
16.92 5.30675
16.95 5.30793
16.98 5.30911
17.01 5.3103
17.04 5.31149
17.07 5.31268
17.1 5.31388
17.13 5.31508
17.16 5.31628
17.19 5.31749
17.22 5.31869
17.25 5.31991
17.28 5.32112
17.31 5.32234
17.34 5.32356
17.37 5.32478
17.4 5.32601
17.43 5.32724
17.46 5.32847
17.49 5.3297
17.52 5.33094
17.55 5.33218
17.58 5.33343
17.61 5.33467
17.64 5.33592
17.67 5.33717
17.7 5.33843
17.73 5.33969
17.76 5.34095
17.79 5.34221
17.82 5.34348
17.85 5.34474
17.88 5.34601
17.91 5.34729
17.94 5.34856
17.97 5.34984
18 5.35113
18.03 5.35241
18.06 5.3537
18.09 5.35499
18.12 5.35628
18.15 5.35757
18.18 5.35887
18.21 5.36017
18.24 5.36147
18.27 5.36278
18.3 5.36408
18.33 5.36539
18.36 5.36671
18.39 5.36802
18.42 5.36934
18.45 5.37066
18.48 5.37198
18.51 5.37331
18.54 5.37463
18.57 5.37596
18.6 5.37729
18.63 5.37863
18.66 5.37997
18.69 5.3813
18.72 5.38265
18.75 5.38399
18.78 5.38534
18.81 5.38669
18.84 5.38804
18.87 5.38939
18.9 5.39075
18.93 5.39211
18.96 5.39347
18.99 5.39483
19.02 5.3962
19.05 5.39756
19.08 5.39893
19.11 5.40031
19.14 5.40168
19.17 5.40306
19.2 5.40444
19.23 5.40583
19.26 5.40721
19.29 5.4086
19.32 5.40999
19.35 5.41138
19.38 5.41278
19.41 5.41418
19.44 5.41558
19.47 5.41698
19.5 5.41839
19.53 5.4198
19.56 5.42121
19.59 5.42263
19.62 5.42405
19.65 5.42547
19.68 5.42689
19.71 5.42832
19.74 5.42975
19.77 5.43118
19.8 5.43261
19.83 5.43405
19.86 5.4355
19.89 5.43694
19.92 5.43839
19.95 5.43984
19.98 5.4413
20.01 5.44275
20.04 5.44422
20.07 5.44568
20.1 5.44715
20.13 5.44862
20.16 5.4501
20.19 5.45158
20.22 5.45306
20.25 5.45455
20.28 5.45604
20.31 5.45754
20.34 5.45904
20.37 5.46055
20.4 5.46206
20.43 5.46357
20.46 5.46509
20.49 5.46661
20.52 5.46814
20.55 5.46967
20.58 5.47121
20.61 5.47275
20.64 5.4743
20.67 5.47585
20.7 5.47741
20.73 5.47897
20.76 5.48054
20.79 5.48212
20.82 5.4837
20.85 5.48528
20.88 5.48688
20.91 5.48848
20.94 5.49008
20.97 5.4917
21 5.49331
21.03 5.49494
21.06 5.49657
21.09 5.49821
21.12 5.49986
21.15 5.50152
21.18 5.50318
21.21 5.50485
21.24 5.50653
21.27 5.50822
21.3 5.50991
21.33 5.51161
21.36 5.51333
21.39 5.51505
21.42 5.51678
21.45 5.51852
21.48 5.52027
21.51 5.52203
21.54 5.5238
21.57 5.52557
21.6 5.52736
21.63 5.52916
21.66 5.53097
21.69 5.5328
21.72 5.53463
21.75 5.53647
21.78 5.53833
21.81 5.5402
21.84 5.54208
21.87 5.54397
21.9 5.54587
21.93 5.54779
21.96 5.54972
21.99 5.55167
22.02 5.55362
22.05 5.5556
22.08 5.55758
22.11 5.55958
22.14 5.56159
22.17 5.56362
22.2 5.56567
22.23 5.56773
22.26 5.5698
22.29 5.57189
22.32 5.574
22.35 5.57612
22.38 5.57826
22.41 5.58041
22.44 5.58259
22.47 5.58478
22.5 5.58698
22.53 5.58921
22.56 5.59145
22.59 5.59371
22.62 5.59599
22.65 5.59829
22.68 5.6006
22.71 5.60293
22.74 5.60529
22.77 5.60766
22.8 5.61005
22.83 5.61246
22.86 5.61489
22.89 5.61734
22.92 5.61981
22.95 5.6223
22.98 5.62481
23.01 5.62734
23.04 5.62988
23.07 5.63245
23.1 5.63504
23.13 5.63765
23.16 5.64028
23.19 5.64293
23.22 5.6456
23.25 5.64829
23.28 5.651
23.31 5.65372
23.34 5.65647
23.37 5.65924
23.4 5.66202
23.43 5.66483
23.46 5.66765
23.49 5.67049
23.52 5.67335
23.55 5.67623
23.58 5.67913
23.61 5.68204
23.64 5.68497
23.67 5.68791
23.7 5.69087
23.73 5.69384
23.76 5.69683
23.79 5.69984
23.82 5.70285
23.85 5.70588
23.88 5.70892
23.91 5.71197
23.94 5.71503
23.97 5.7181
24 5.72118
24.03 5.72427
24.06 5.72737
24.09 5.73047
24.12 5.73357
24.15 5.73668
24.18 5.73979
24.21 5.74291
24.24 5.74602
24.27 5.74914
24.3 5.75225
24.33 5.75536
24.36 5.75847
24.39 5.76157
24.42 5.76467
24.45 5.76776
24.48 5.77084
24.51 5.77391
24.54 5.77697
24.57 5.78001
24.6 5.78305
24.63 5.78606
24.66 5.78907
24.69 5.79205
24.72 5.79501
24.75 5.79796
24.78 5.80088
24.81 5.80378
24.84 5.80666
24.87 5.80951
24.9 5.81234
24.93 5.81514
24.96 5.81791
24.99 5.82065
25.02 5.82336
25.05 5.82604
25.08 5.82869
25.11 5.8313
25.14 5.83388
25.17 5.83642
25.2 5.83892
25.23 5.84139
25.26 5.84382
25.29 5.84622
25.32 5.84857
25.35 5.85089
25.38 5.85316
25.41 5.85539
25.44 5.85758
25.47 5.85973
25.5 5.86184
25.53 5.86391
25.56 5.86593
25.59 5.86791
25.62 5.86985
25.65 5.87174
25.68 5.87359
25.71 5.8754
25.74 5.87716
25.77 5.87888
25.8 5.88056
25.83 5.8822
25.86 5.88379
25.89 5.88534
25.92 5.88685
25.95 5.88832
25.98 5.88974
26.01 5.89112
26.04 5.89247
26.07 5.89377
26.1 5.89503
26.13 5.89626
26.16 5.89744
26.19 5.89859
26.22 5.8997
26.25 5.90077
26.28 5.9018
26.31 5.9028
26.34 5.90376
26.37 5.90469
26.4 5.90558
26.43 5.90644
26.46 5.90727
26.49 5.90806
26.52 5.90882
26.55 5.90956
26.58 5.91026
26.61 5.91093
26.64 5.91157
26.67 5.91218
26.7 5.91277
26.73 5.91333
26.76 5.91386
26.79 5.91436
26.82 5.91484
26.85 5.9153
26.88 5.91573
26.91 5.91614
26.94 5.91653
26.97 5.91689
27 5.91723
27.03 5.91755
27.06 5.91785
27.09 5.91813
27.12 5.9184
27.15 5.91864
27.18 5.91886
27.21 5.91907
27.24 5.91926
27.27 5.91943
27.3 5.91959
27.33 5.91973
27.36 5.91986
27.39 5.91997
27.42 5.92006
27.45 5.92015
27.48 5.92022
27.51 5.92027
27.54 5.92032
27.57 5.92035
27.6 5.92037
27.63 5.92038
27.66 5.92038
27.69 5.92036
27.72 5.92034
27.75 5.92031
27.78 5.92027
27.81 5.92021
27.84 5.92015
27.87 5.92009
27.9 5.92001
27.93 5.91992
27.96 5.91983
27.99 5.91973
28.02 5.91962
28.05 5.91951
28.08 5.91938
28.11 5.91926
28.14 5.91912
28.17 5.91898
28.2 5.91884
28.23 5.91869
28.26 5.91853
28.29 5.91837
28.32 5.9182
28.35 5.91803
28.38 5.91785
28.41 5.91767
28.44 5.91749
28.47 5.9173
28.5 5.91711
28.53 5.91692
28.56 5.91672
28.59 5.91652
28.62 5.91631
28.65 5.9161
28.68 5.91589
28.71 5.91568
28.74 5.91546
28.77 5.91524
28.8 5.91502
28.83 5.9148
28.86 5.91457
28.89 5.91434
28.92 5.91411
28.95 5.91388
28.98 5.91365
29.01 5.91341
29.04 5.91318
29.07 5.91294
29.1 5.9127
29.13 5.91246
29.16 5.91222
29.19 5.91197
29.22 5.91173
29.25 5.91148
29.28 5.91124
29.31 5.91099
29.34 5.91074
29.37 5.9105
29.4 5.91025
29.43 5.91
29.46 5.90975
29.49 5.9095
29.52 5.90925
29.55 5.909
29.58 5.90875
29.61 5.9085
29.64 5.90824
29.67 5.90799
29.7 5.90774
29.73 5.90749
29.76 5.90724
29.79 5.90698
29.82 5.90673
29.85 5.90648
29.88 5.90623
29.91 5.90598
29.94 5.90573
29.97 5.90548
30 5.90522
30.001 5
