0 -10
0.03 -8.95199
0.06 -8.95176
0.09 -8.95153
0.12 -8.9513
0.15 -8.95107
0.18 -8.95084
0.21 -8.9506
0.24 -8.95037
0.27 -8.95013
0.3 -8.94989
0.33 -8.94965
0.36 -8.94941
0.39 -8.94917
0.42 -8.94893
0.45 -8.94869
0.48 -8.94844
0.51 -8.9482
0.54 -8.94795
0.57 -8.9477
0.6 -8.94745
0.63 -8.9472
0.66 -8.94695
0.69 -8.9467
0.72 -8.94644
0.75 -8.94619
0.78 -8.94593
0.81 -8.94567
0.84 -8.94541
0.87 -8.94515
0.9 -8.94489
0.93 -8.94463
0.96 -8.94437
0.99 -8.9441
1.02 -8.94383
1.05 -8.94357
1.08 -8.9433
1.11 -8.94303
1.14 -8.94276
1.17 -8.94249
1.2 -8.94221
1.23 -8.94194
1.26 -8.94166
1.29 -8.94138
1.32 -8.94111
1.35 -8.94083
1.38 -8.94055
1.41 -8.94026
1.44 -8.93998
1.47 -8.93969
1.5 -8.93941
1.53 -8.93912
1.56 -8.93883
1.59 -8.93854
1.62 -8.93825
1.65 -8.93796
1.68 -8.93767
1.71 -8.93737
1.74 -8.93708
1.77 -8.93678
1.8 -8.93648
1.83 -8.93618
1.86 -8.93588
1.89 -8.93558
1.92 -8.93527
1.95 -8.93497
1.98 -8.93466
2.01 -8.93435
2.04 -8.93404
2.07 -8.93373
2.1 -8.93342
2.13 -8.93311
2.16 -8.93279
2.19 -8.93248
2.22 -8.93216
2.25 -8.93184
2.28 -8.93152
2.31 -8.9312
2.34 -8.93088
2.37 -8.93056
2.4 -8.93023
2.43 -8.92991
2.46 -8.92958
2.49 -8.92925
2.52 -8.92892
2.55 -8.92859
2.58 -8.92826
2.61 -8.92793
2.64 -8.92759
2.67 -8.92726
2.7 -8.92692
2.73 -8.92658
2.76 -8.92624
2.79 -8.9259
2.82 -8.92556
2.85 -8.92521
2.88 -8.92487
2.91 -8.92452
2.94 -8.92417
2.97 -8.92382
3 -8.92347
3.03 -8.92312
3.06 -8.92277
3.09 -8.92241
3.12 -8.92206
3.15 -8.9217
3.18 -8.92134
3.21 -8.92098
3.24 -8.92062
3.27 -8.92026
3.3 -8.9199
3.33 -8.91954
3.36 -8.91917
3.39 -8.9188
3.42 -8.91844
3.45 -8.91807
3.48 -8.9177
3.51 -8.91732
3.54 -8.91695
3.57 -8.91658
3.6 -8.9162
3.63 -8.91582
3.66 -8.91545
3.69 -8.91507
3.72 -8.91469
3.75 -8.91431
3.78 -8.91392
3.81 -8.91354
3.84 -8.91315
3.87 -8.91277
3.9 -8.91238
3.93 -8.91199
3.96 -8.9116
3.99 -8.91121
4.02 -8.91082
4.05 -8.91043
4.08 -8.91003
4.11 -8.90964
4.14 -8.90924
4.17 -8.90884
4.2 -8.90844
4.23 -8.90804
4.26 -8.90764
4.29 -8.90724
4.32 -8.90683
4.35 -8.90643
4.38 -8.90602
4.41 -8.90561
4.44 -8.90521
4.47 -8.9048
4.5 -8.90439
4.53 -8.90398
4.56 -8.90356
4.59 -8.90315
4.62 -8.90273
4.65 -8.90232
4.68 -8.9019
4.71 -8.90148
4.74 -8.90106
4.77 -8.90064
4.8 -8.90022
4.83 -8.8998
4.86 -8.89938
4.89 -8.89895
4.92 -8.89853
4.95 -8.8981
4.98 -8.89767
5.01 -8.89725
5.04 -8.89682
5.07 -8.89639
5.1 -8.89596
5.13 -8.89552
5.16 -8.89509
5.19 -8.89466
5.22 -8.89422
5.25 -8.89378
5.28 -8.89335
5.31 -8.89291
5.34 -8.89247
5.37 -8.89203
5.4 -8.89159
5.43 -8.89115
5.46 -8.89071
5.49 -8.89026
5.52 -8.88982
5.55 -8.88937
5.58 -8.88893
5.61 -8.88848
5.64 -8.88803
5.67 -8.88758
5.7 -8.88713
5.73 -8.88668
5.76 -8.88623
5.79 -8.88578
5.82 -8.88533
5.85 -8.88487
5.88 -8.88442
5.91 -8.88396
5.94 -8.8835
5.97 -8.88305
6 -8.88259
6.03 -8.88213
6.06 -8.88167
6.09 -8.88121
6.12 -8.88075
6.15 -8.88029
6.18 -8.87983
6.21 -8.87936
6.24 -8.8789
6.27 -8.87843
6.3 -8.87797
6.33 -8.8775
6.36 -8.87703
6.39 -8.87657
6.42 -8.8761
6.45 -8.87563
6.48 -8.87516
6.51 -8.87469
6.54 -8.87422
6.57 -8.87374
6.6 -8.87327
6.63 -8.8728
6.66 -8.87232
6.69 -8.87185
6.72 -8.87138
6.75 -8.8709
6.78 -8.87042
6.81 -8.86995
6.84 -8.86947
6.87 -8.86899
6.9 -8.86851
6.93 -8.86803
6.96 -8.86755
6.99 -8.86707
7.02 -8.86659
7.05 -8.86611
7.08 -8.86562
7.11 -8.86514
7.14 -8.86466
7.17 -8.86417
7.2 -8.86369
7.23 -8.8632
7.26 -8.86272
7.29 -8.86223
7.32 -8.86174
7.35 -8.86126
7.38 -8.86077
7.41 -8.86028
7.44 -8.85979
7.47 -8.8593
7.5 -8.85881
7.53 -8.85832
7.56 -8.85783
7.59 -8.85734
7.62 -8.85684
7.65 -8.85635
7.68 -8.85586
7.71 -8.85536
7.74 -8.85487
7.77 -8.85438
7.8 -8.85388
7.83 -8.85339
7.86 -8.85289
7.89 -8.85239
7.92 -8.8519
7.95 -8.8514
7.98 -8.8509
8.01 -8.8504
8.04 -8.84991
8.07 -8.84941
8.1 -8.84891
8.13 -8.84841
8.16 -8.84791
8.19 -8.84741
8.22 -8.84691
8.25 -8.8464
8.28 -8.8459
8.31 -8.8454
8.34 -8.8449
8.37 -8.84439
8.4 -8.84389
8.43 -8.84339
8.46 -8.84288
8.49 -8.84238
8.52 -8.84187
8.55 -8.84137
8.58 -8.84086
8.61 -8.84036
8.64 -8.83985
8.67 -8.83934
8.7 -8.83884
8.73 -8.83833
8.76 -8.83782
8.79 -8.83731
8.82 -8.8368
8.85 -8.83629
8.88 -8.83579
8.91 -8.83528
8.94 -8.83477
8.97 -8.83426
9 -8.83374
9.03 -8.83323
9.06 -8.83272
9.09 -8.83221
9.12 -8.8317
9.15 -8.83119
9.18 -8.83067
9.21 -8.83016
9.24 -8.82965
9.27 -8.82913
9.3 -8.82862
9.33 -8.82811
9.36 -8.82759
9.39 -8.82708
9.42 -8.82656
9.45 -8.82604
9.48 -8.82553
9.51 -8.82501
9.54 -8.8245
9.57 -8.82398
9.6 -8.82346
9.63 -8.82294
9.66 -8.82243
9.69 -8.82191
9.72 -8.82139
9.75 -8.82087
9.78 -8.82035
9.81 -8.81983
9.84 -8.81931
9.87 -8.81879
9.9 -8.81827
9.93 -8.81775
9.96 -8.81723
9.99 -8.81671
10.02 -8.81619
10.05 -8.81567
10.08 -8.81514
10.11 -8.81462
10.14 -8.8141
10.17 -8.81358
10.2 -8.81305
10.23 -8.81253
10.26 -8.812
10.29 -8.81148
10.32 -8.81096
10.35 -8.81043
10.38 -8.80991
10.41 -8.80938
10.44 -8.80885
10.47 -8.80833
10.5 -8.8078
10.53 -8.80727
10.56 -8.80675
10.59 -8.80622
10.62 -8.80569
10.65 -8.80516
10.68 -8.80464
10.71 -8.80411
10.74 -8.80358
10.77 -8.80305
10.8 -8.80252
10.83 -8.80199
10.86 -8.80146
10.89 -8.80093
10.92 -8.8004
10.95 -8.79987
10.98 -8.79933
11.01 -8.7988
11.04 -8.79827
11.07 -8.79774
11.1 -8.79721
11.13 -8.79667
11.16 -8.79614
11.19 -8.7956
11.22 -8.79507
11.25 -8.79454
11.28 -8.794
11.31 -8.79347
11.34 -8.79293
11.37 -8.7924
11.4 -8.79186
11.43 -8.79132
11.46 -8.79079
11.49 -8.79025
11.52 -8.78971
11.55 -8.78917
11.58 -8.78864
11.61 -8.7881
11.64 -8.78756
11.67 -8.78702
11.7 -8.78648
11.73 -8.78594
11.76 -8.7854
11.79 -8.78486
11.82 -8.78432
11.85 -8.78378
11.88 -8.78324
11.91 -8.7827
11.94 -8.78215
11.97 -8.78161
12 -8.78107
12.03 -8.78053
12.06 -8.77998
12.09 -8.77944
12.12 -8.7789
12.15 -8.77835
12.18 -8.77781
12.21 -8.77726
12.24 -8.77672
12.27 -8.77617
12.3 -8.77563
12.33 -8.77508
12.36 -8.77453
12.39 -8.77399
12.42 -8.77344
12.45 -8.77289
12.48 -8.77234
12.51 -8.7718
12.54 -8.77125
12.57 -8.7707
12.6 -8.77015
12.63 -8.7696
12.66 -8.76905
12.69 -8.7685
12.72 -8.76795
12.75 -8.7674
12.78 -8.76685
12.81 -8.7663
12.84 -8.76575
12.87 -8.76519
12.9 -8.76464
12.93 -8.76409
12.96 -8.76354
12.99 -8.76298
13.02 -8.76243
13.05 -8.76188
13.08 -8.76132
13.11 -8.76077
13.14 -8.76022
13.17 -8.75966
13.2 -8.75911
13.23 -8.75855
13.26 -8.758
13.29 -8.75744
13.32 -8.75688
13.35 -8.75633
13.38 -8.75577
13.41 -8.75521
13.44 -8.75466
13.47 -8.7541
13.5 -8.75354
13.53 -8.75299
13.56 -8.75243
13.59 -8.75187
13.62 -8.75131
13.65 -8.75075
13.68 -8.75019
13.71 -8.74964
13.74 -8.74908
13.77 -8.74852
13.8 -8.74796
13.83 -8.7474
13.86 -8.74684
13.89 -8.74628
13.92 -8.74572
13.95 -8.74516
13.98 -8.7446
14.01 -8.74404
14.04 -8.74347
14.07 -8.74291
14.1 -8.74235
14.13 -8.74179
14.16 -8.74123
14.19 -8.74067
14.22 -8.74011
14.25 -8.73955
14.28 -8.73898
14.31 -8.73842
14.34 -8.73786
14.37 -8.7373
14.4 -8.73674
14.43 -8.73617
14.46 -8.73561
14.49 -8.73505
14.52 -8.73449
14.55 -8.73392
14.58 -8.73336
14.61 -8.7328
14.64 -8.73224
14.67 -8.73168
14.7 -8.73111
14.73 -8.73055
14.76 -8.72999
14.79 -8.72943
14.82 -8.72886
14.85 -8.7283
14.88 -8.72774
14.91 -8.72718
14.94 -8.72662
14.97 -8.72606
15 -8.72549
15.03 -8.72493
15.06 -8.72437
15.09 -8.72381
15.12 -8.72325
15.15 -8.72269
15.18 -8.72213
15.21 -8.72157
15.24 -8.72101
15.27 -8.72045
15.3 -8.71989
15.33 -8.71933
15.36 -8.71877
15.39 -8.71821
15.42 -8.71765
15.45 -8.71709
15.48 -8.71653
15.51 -8.71597
15.54 -8.71541
15.57 -8.71486
15.6 -8.7143
15.63 -8.71374
15.66 -8.71319
15.69 -8.71263
15.72 -8.71207
15.75 -8.71152
15.78 -8.71096
15.81 -8.71041
15.84 -8.70985
15.87 -8.7093
15.9 -8.70874
15.93 -8.70819
15.96 -8.70764
15.99 -8.70709
16.02 -8.70653
16.05 -8.70598
16.08 -8.70543
16.11 -8.70488
16.14 -8.70433
16.17 -8.70378
16.2 -8.70323
16.23 -8.70268
16.26 -8.70214
16.29 -8.70159
16.32 -8.70104
16.35 -8.7005
16.38 -8.69995
16.41 -8.69941
16.44 -8.69886
16.47 -8.69832
16.5 -8.69778
16.53 -8.69723
16.56 -8.69669
16.59 -8.69615
16.62 -8.69561
16.65 -8.69507
16.68 -8.69453
16.71 -8.69399
16.74 -8.69346
16.77 -8.69292
16.8 -8.69238
16.83 -8.69185
16.86 -8.69131
16.89 -8.69078
16.92 -8.69025
16.95 -8.68972
16.98 -8.68918
17.01 -8.68865
17.04 -8.68812
17.07 -8.6876
17.1 -8.68707
17.13 -8.68654
17.16 -8.68601
17.19 -8.68549
17.22 -8.68496
17.25 -8.68444
17.28 -8.68392
17.31 -8.6834
17.34 -8.68287
17.37 -8.68235
17.4 -8.68183
17.43 -8.68132
17.46 -8.6808
17.49 -8.68028
17.52 -8.67977
17.55 -8.67925
17.58 -8.67874
17.61 -8.67823
17.64 -8.67771
17.67 -8.6772
17.7 -8.67669
17.73 -8.67619
17.76 -8.67568
17.79 -8.67517
17.82 -8.67467
17.85 -8.67416
17.88 -8.67366
17.91 -8.67315
17.94 -8.67265
17.97 -8.67215
18 -8.67165
18.03 -8.67115
18.06 -8.67066
18.09 -8.67016
18.12 -8.66966
18.15 -8.66917
18.18 -8.66868
18.21 -8.66818
18.24 -8.66769
18.27 -8.6672
18.3 -8.66671
18.33 -8.66622
18.36 -8.66574
18.39 -8.66525
18.42 -8.66476
18.45 -8.66428
18.48 -8.6638
18.51 -8.66332
18.54 -8.66283
18.57 -8.66235
18.6 -8.66188
18.63 -8.6614
18.66 -8.66092
18.69 -8.66045
18.72 -8.65997
18.75 -8.6595
18.78 -8.65902
18.81 -8.65855
18.84 -8.65808
18.87 -8.65761
18.9 -8.65714
18.93 -8.65667
18.96 -8.65621
18.99 -8.65574
19.02 -8.65528
19.05 -8.65481
19.08 -8.65435
19.11 -8.65389
19.14 -8.65343
19.17 -8.65297
19.2 -8.65251
19.23 -8.65205
19.26 -8.65159
19.29 -8.65114
19.32 -8.65068
19.35 -8.65023
19.38 -8.64977
19.41 -8.64932
19.44 -8.64887
19.47 -8.64842
19.5 -8.64797
19.53 -8.64752
19.56 -8.64707
19.59 -8.64662
19.62 -8.64618
19.65 -8.64573
19.68 -8.64529
19.71 -8.64484
19.74 -8.6444
19.77 -8.64396
19.8 -8.64351
19.83 -8.64307
19.86 -8.64263
19.89 -8.64219
19.92 -8.64175
19.95 -8.64132
19.98 -8.64088
20.01 -8.64044
20.04 -8.64
20.07 -8.63957
20.1 -8.63913
20.13 -8.6387
20.16 -8.63826
20.19 -8.63783
20.22 -8.6374
20.25 -8.63696
20.28 -8.63653
20.31 -8.6361
20.34 -8.63567
20.37 -8.63524
20.4 -8.63481
20.43 -8.63438
20.46 -8.63395
20.49 -8.63352
20.52 -8.63309
20.55 -8.63266
20.58 -8.63223
20.61 -8.63181
20.64 -8.63138
20.67 -8.63095
20.7 -8.63052
20.73 -8.6301
20.76 -8.62967
20.79 -8.62924
20.82 -8.62882
20.85 -8.62839
20.88 -8.62797
20.91 -8.62754
20.94 -8.62711
20.97 -8.62669
21 -8.62626
21.03 -8.62583
21.06 -8.62541
21.09 -8.62498
21.12 -8.62455
21.15 -8.62413
21.18 -8.6237
21.21 -8.62327
21.24 -8.62285
21.27 -8.62242
21.3 -8.62199
21.33 -8.62156
21.36 -8.62114
21.39 -8.62071
21.42 -8.62028
21.45 -8.61985
21.48 -8.61942
21.51 -8.61899
21.54 -8.61856
21.57 -8.61813
21.6 -8.6177
21.63 -8.61726
21.66 -8.61683
21.69 -8.6164
21.72 -8.61596
21.75 -8.61553
21.78 -8.61509
21.81 -8.61466
21.84 -8.61422
21.87 -8.61378
21.9 -8.61335
21.93 -8.61291
21.96 -8.61247
21.99 -8.61203
22.02 -8.61158
22.05 -8.61114
22.08 -8.6107
22.11 -8.61026
22.14 -8.60981
22.17 -8.60937
22.2 -8.60892
22.23 -8.60847
22.26 -8.60802
22.29 -8.60757
22.32 -8.60712
22.35 -8.60667
22.38 -8.60622
22.41 -8.60577
22.44 -8.60531
22.47 -8.60486
22.5 -8.6044
22.53 -8.60394
22.56 -8.60348
22.59 -8.60302
22.62 -8.60256
22.65 -8.6021
22.68 -8.60164
22.71 -8.60118
22.74 -8.60072
22.77 -8.60025
22.8 -8.59979
22.83 -8.59932
22.86 -8.59885
22.89 -8.59839
22.92 -8.59792
22.95 -8.59745
22.98 -8.59698
23.01 -8.59651
23.04 -8.59604
23.07 -8.59557
23.1 -8.5951
23.13 -8.59463
23.16 -8.59416
23.19 -8.59369
23.22 -8.59322
23.25 -8.59275
23.28 -8.59228
23.31 -8.59181
23.34 -8.59134
23.37 -8.59087
23.4 -8.5904
23.43 -8.58994
23.46 -8.58947
23.49 -8.58901
23.52 -8.58854
23.55 -8.58808
23.58 -8.58762
23.61 -8.58717
23.64 -8.58671
23.67 -8.58626
23.7 -8.58581
23.73 -8.58536
23.76 -8.58492
23.79 -8.58448
23.82 -8.58405
23.85 -8.58361
23.88 -8.58319
23.91 -8.58276
23.94 -8.58234
23.97 -8.58193
24 -8.58152
24.03 -8.58112
24.06 -8.58073
24.09 -8.58034
24.12 -8.57995
24.15 -8.57958
24.18 -8.57921
24.21 -8.57885
24.24 -8.5785
24.27 -8.57816
24.3 -8.57783
24.33 -8.5775
24.36 -8.57719
24.39 -8.57689
24.42 -8.5766
24.45 -8.57632
24.48 -8.57605
24.51 -8.57579
24.54 -8.57555
24.57 -8.57532
24.6 -8.5751
24.63 -8.5749
24.66 -8.57471
24.69 -8.57453
24.72 -8.57437
24.75 -8.57423
24.78 -8.57411
24.81 -8.574
24.84 -8.5739
24.87 -8.57383
24.9 -8.57377
24.93 -8.57373
24.96 -8.57371
24.99 -8.57371
25.02 -8.57373
25.05 -8.57376
25.08 -8.57382
25.11 -8.5739
25.14 -8.574
25.17 -8.57412
25.2 -8.57426
25.23 -8.57442
25.26 -8.57461
25.29 -8.57481
25.32 -8.57504
25.35 -8.5753
25.38 -8.57557
25.41 -8.57587
25.44 -8.57618
25.47 -8.57653
25.5 -8.57689
25.53 -8.57728
25.56 -8.57769
25.59 -8.57813
25.62 -8.57858
25.65 -8.57906
25.68 -8.57957
25.71 -8.58009
25.74 -8.58064
25.77 -8.58121
25.8 -8.58181
25.83 -8.58242
25.86 -8.58306
25.89 -8.58372
25.92 -8.5844
25.95 -8.58511
25.98 -8.58583
26.01 -8.58658
26.04 -8.58735
26.07 -8.58813
26.1 -8.58894
26.13 -8.58977
26.16 -8.59061
26.19 -8.59148
26.22 -8.59236
26.25 -8.59326
26.28 -8.59418
26.31 -8.59512
26.34 -8.59607
26.37 -8.59704
26.4 -8.59803
26.43 -8.59903
26.46 -8.60005
26.49 -8.60108
26.52 -8.60213
26.55 -8.60319
26.58 -8.60427
26.61 -8.60535
26.64 -8.60645
26.67 -8.60756
26.7 -8.60869
26.73 -8.60982
26.76 -8.61097
26.79 -8.61213
26.82 -8.61329
26.85 -8.61447
26.88 -8.61565
26.91 -8.61684
26.94 -8.61804
26.97 -8.61925
27 -8.62047
27.03 -8.62169
27.06 -8.62292
27.09 -8.62415
27.12 -8.62539
27.15 -8.62664
27.18 -8.62789
27.21 -8.62914
27.24 -8.6304
27.27 -8.63166
27.3 -8.63293
27.33 -8.6342
27.36 -8.63547
27.39 -8.63674
27.42 -8.63801
27.45 -8.63929
27.48 -8.64057
27.51 -8.64185
27.54 -8.64312
27.57 -8.6444
27.6 -8.64568
27.63 -8.64696
27.66 -8.64824
27.69 -8.64952
27.72 -8.65079
27.75 -8.65207
27.78 -8.65334
27.81 -8.65461
27.84 -8.65588
27.87 -8.65715
27.9 -8.65841
27.93 -8.65967
27.96 -8.66093
27.99 -8.66219
28.02 -8.66344
28.05 -8.66469
28.08 -8.66593
28.11 -8.66718
28.14 -8.66841
28.17 -8.66965
28.2 -8.67088
28.23 -8.6721
28.26 -8.67332
28.29 -8.67454
28.32 -8.67575
28.35 -8.67695
28.38 -8.67815
28.41 -8.67935
28.44 -8.68054
28.47 -8.68172
28.5 -8.6829
28.53 -8.68408
28.56 -8.68525
28.59 -8.68641
28.62 -8.68757
28.65 -8.68872
28.68 -8.68986
28.71 -8.691
28.74 -8.69214
28.77 -8.69326
28.8 -8.69438
28.83 -8.6955
28.86 -8.69661
28.89 -8.69771
28.92 -8.69881
28.95 -8.6999
28.98 -8.70098
29.01 -8.70206
29.04 -8.70313
29.07 -8.70419
29.1 -8.70525
29.13 -8.7063
29.16 -8.70735
29.19 -8.70838
29.22 -8.70942
29.25 -8.71044
29.28 -8.71146
29.31 -8.71247
29.34 -8.71348
29.37 -8.71448
29.4 -8.71547
29.43 -8.71646
29.46 -8.71744
29.49 -8.71841
29.52 -8.71938
29.55 -8.72034
29.58 -8.72129
29.61 -8.72224
29.64 -8.72318
29.67 -8.72411
29.7 -8.72504
29.73 -8.72596
29.76 -8.72688
29.79 -8.72779
29.82 -8.72869
29.85 -8.72959
29.88 -8.73048
29.91 -8.73136
29.94 -8.73224
29.97 -8.73311
30 -8.73397
30.001 -10
