0 0
0.03 0.238378
0.06 0.239059
0.09 0.239745
0.12 0.240434
0.15 0.241127
0.18 0.241824
0.21 0.242526
0.24 0.243231
0.27 0.24394
0.3 0.244653
0.33 0.24537
0.36 0.246091
0.39 0.246816
0.42 0.247545
0.45 0.248279
0.48 0.249016
0.51 0.249758
0.54 0.250503
0.57 0.251253
0.6 0.252007
0.63 0.252766
0.66 0.253528
0.69 0.254295
0.72 0.255066
0.75 0.255841
0.78 0.256621
0.81 0.257405
0.84 0.258193
0.87 0.258985
0.9 0.259782
0.93 0.260583
0.96 0.261389
0.99 0.262199
1.02 0.263014
1.05 0.263833
1.08 0.264656
1.11 0.265484
1.14 0.266316
1.17 0.267153
1.2 0.267995
1.23 0.268841
1.26 0.269691
1.29 0.270547
1.32 0.271406
1.35 0.272271
1.38 0.27314
1.41 0.274013
1.44 0.274891
1.47 0.275774
1.5 0.276662
1.53 0.277554
1.56 0.278451
1.59 0.279353
1.62 0.280259
1.65 0.281171
1.68 0.282087
1.71 0.283007
1.74 0.283933
1.77 0.284863
1.8 0.285799
1.83 0.286739
1.86 0.287683
1.89 0.288633
1.92 0.289588
1.95 0.290547
1.98 0.291512
2.01 0.292481
2.04 0.293455
2.07 0.294435
2.1 0.295419
2.13 0.296408
2.16 0.297402
2.19 0.298401
2.22 0.299405
2.25 0.300414
2.28 0.301428
2.31 0.302448
2.34 0.303472
2.37 0.304501
2.4 0.305535
2.43 0.306574
2.46 0.307619
2.49 0.308668
2.52 0.309723
2.55 0.310783
2.58 0.311847
2.61 0.312917
2.64 0.313992
2.67 0.315073
2.7 0.316158
2.73 0.317248
2.76 0.318344
2.79 0.319445
2.82 0.320551
2.85 0.321662
2.88 0.322778
2.91 0.3239
2.94 0.325026
2.97 0.326158
3 0.327296
3.03 0.328438
3.06 0.329585
3.09 0.330738
3.12 0.331896
3.15 0.33306
3.18 0.334228
3.21 0.335402
3.24 0.336581
3.27 0.337765
3.3 0.338955
3.33 0.340149
3.36 0.341349
3.39 0.342555
3.42 0.343765
3.45 0.344981
3.48 0.346202
3.51 0.347428
3.54 0.34866
3.57 0.349897
3.6 0.351139
3.63 0.352386
3.66 0.353639
3.69 0.354897
3.72 0.35616
3.75 0.357429
3.78 0.358703
3.81 0.359982
3.84 0.361266
3.87 0.362556
3.9 0.363851
3.93 0.365151
3.96 0.366457
3.99 0.367767
4.02 0.369083
4.05 0.370405
4.08 0.371731
4.11 0.373063
4.14 0.3744
4.17 0.375743
4.2 0.37709
4.23 0.378443
4.26 0.379801
4.29 0.381165
4.32 0.382533
4.35 0.383907
4.38 0.385286
4.41 0.386671
4.44 0.38806
4.47 0.389455
4.5 0.390855
4.53 0.39226
4.56 0.39367
4.59 0.395086
4.62 0.396507
4.65 0.397933
4.68 0.399364
4.71 0.4008
4.74 0.402242
4.77 0.403689
4.8 0.405141
4.83 0.406598
4.86 0.40806
4.89 0.409527
4.92 0.411
4.95 0.412477
4.98 0.41396
5.01 0.415448
5.04 0.416941
5.07 0.418439
5.1 0.419942
5.13 0.42145
5.16 0.422963
5.19 0.424482
5.22 0.426005
5.25 0.427534
5.28 0.429067
5.31 0.430606
5.34 0.432149
5.37 0.433698
5.4 0.435252
5.43 0.43681
5.46 0.438374
5.49 0.439942
5.52 0.441516
5.55 0.443095
5.58 0.444678
5.61 0.446267
5.64 0.44786
5.67 0.449458
5.7 0.451062
5.73 0.45267
5.76 0.454283
5.79 0.455901
5.82 0.457524
5.85 0.459151
5.88 0.460784
5.91 0.462422
5.94 0.464064
5.97 0.465711
6 0.467363
6.03 0.46902
6.06 0.470682
6.09 0.472348
6.12 0.474019
6.15 0.475695
6.18 0.477376
6.21 0.479062
6.24 0.480752
6.27 0.482447
6.3 0.484147
6.33 0.485851
6.36 0.487561
6.39 0.489275
6.42 0.490993
6.45 0.492717
6.48 0.494445
6.51 0.496178
6.54 0.497915
6.57 0.499657
6.6 0.501404
6.63 0.503155
6.66 0.504911
6.69 0.506672
6.72 0.508437
6.75 0.510207
6.78 0.511982
6.81 0.513761
6.84 0.515544
6.87 0.517333
6.9 0.519125
6.93 0.520923
6.96 0.522725
6.99 0.524531
7.02 0.526342
7.05 0.528158
7.08 0.529978
7.11 0.531803
7.14 0.533632
7.17 0.535466
7.2 0.537304
7.23 0.539147
7.26 0.540994
7.29 0.542846
7.32 0.544702
7.35 0.546562
7.38 0.548428
7.41 0.550297
7.44 0.552171
7.47 0.55405
7.5 0.555933
7.53 0.55782
7.56 0.559712
7.59 0.561609
7.62 0.563509
7.65 0.565415
7.68 0.567324
7.71 0.569238
7.74 0.571157
7.77 0.57308
7.8 0.575007
7.83 0.576939
7.86 0.578876
7.89 0.580816
7.92 0.582761
7.95 0.584711
7.98 0.586665
8.01 0.588623
8.04 0.590586
8.07 0.592553
8.1 0.594525
8.13 0.596501
8.16 0.598482
8.19 0.600466
8.22 0.602456
8.25 0.60445
8.28 0.606448
8.31 0.60845
8.34 0.610457
8.37 0.612469
8.4 0.614485
8.43 0.616505
8.46 0.61853
8.49 0.620559
8.52 0.622593
8.55 0.624631
8.58 0.626674
8.61 0.628721
8.64 0.630773
8.67 0.632829
8.7 0.634889
8.73 0.636955
8.76 0.639024
8.79 0.641098
8.82 0.643177
8.85 0.64526
8.88 0.647348
8.91 0.64944
8.94 0.651536
8.97 0.653638
9 0.655744
9.03 0.657854
9.06 0.659969
9.09 0.662089
9.12 0.664213
9.15 0.666342
9.18 0.668475
9.21 0.670613
9.24 0.672756
9.27 0.674903
9.3 0.677055
9.33 0.679212
9.36 0.681373
9.39 0.683539
9.42 0.68571
9.45 0.687886
9.48 0.690066
9.51 0.692251
9.54 0.694441
9.57 0.696636
9.6 0.698835
9.63 0.701039
9.66 0.703249
9.69 0.705462
9.72 0.707681
9.75 0.709905
9.78 0.712134
9.81 0.714367
9.84 0.716606
9.87 0.718849
9.9 0.721098
9.93 0.723351
9.96 0.72561
9.99 0.727873
10.02 0.730142
10.05 0.732415
10.08 0.734694
10.11 0.736978
10.14 0.739267
10.17 0.741561
10.2 0.74386
10.23 0.746165
10.26 0.748475
10.29 0.75079
10.32 0.75311
10.35 0.755436
10.38 0.757766
10.41 0.760103
10.44 0.762444
10.47 0.764791
10.5 0.767144
10.53 0.769501
10.56 0.771865
10.59 0.774234
10.62 0.776608
10.65 0.778988
10.68 0.781373
10.71 0.783764
10.74 0.786161
10.77 0.788563
10.8 0.790971
10.83 0.793384
10.86 0.795804
10.89 0.798229
10.92 0.80066
10.95 0.803096
10.98 0.805539
11.01 0.807987
11.04 0.810442
11.07 0.812902
11.1 0.815368
11.13 0.81784
11.16 0.820318
11.19 0.822803
11.22 0.825293
11.25 0.827789
11.28 0.830292
11.31 0.832801
11.34 0.835316
11.37 0.837837
11.4 0.840364
11.43 0.842898
11.46 0.845438
11.49 0.847985
11.52 0.850537
11.55 0.853097
11.58 0.855662
11.61 0.858235
11.64 0.860813
11.67 0.863399
11.7 0.865991
11.73 0.868589
11.76 0.871194
11.79 0.873806
11.82 0.876425
11.85 0.87905
11.88 0.881682
11.91 0.884321
11.94 0.886967
11.97 0.889619
12 0.892279
12.03 0.894946
12.06 0.897619
12.09 0.9003
12.12 0.902988
12.15 0.905682
12.18 0.908384
12.21 0.911093
12.24 0.91381
12.27 0.916533
12.3 0.919264
12.33 0.922002
12.36 0.924748
12.39 0.9275
12.42 0.930261
12.45 0.933028
12.48 0.935803
12.51 0.938586
12.54 0.941376
12.57 0.944174
12.6 0.94698
12.63 0.949793
12.66 0.952613
12.69 0.955442
12.72 0.958278
12.75 0.961122
12.78 0.963974
12.81 0.966834
12.84 0.969701
12.87 0.972577
12.9 0.97546
12.93 0.978352
12.96 0.981251
12.99 0.984159
13.02 0.987074
13.05 0.989998
13.08 0.99293
13.11 0.99587
13.14 0.998818
13.17 1.00177
13.2 1.00474
13.23 1.00771
13.26 1.01069
13.29 1.01368
13.32 1.01668
13.35 1.01969
13.38 1.0227
13.41 1.02573
13.44 1.02876
13.47 1.0318
13.5 1.03485
13.53 1.03791
13.56 1.04097
13.59 1.04405
13.62 1.04713
13.65 1.05022
13.68 1.05332
13.71 1.05643
13.74 1.05955
13.77 1.06268
13.8 1.06582
13.83 1.06896
13.86 1.07211
13.89 1.07528
13.92 1.07845
13.95 1.08163
13.98 1.08482
14.01 1.08802
14.04 1.09122
14.07 1.09444
14.1 1.09767
14.13 1.1009
14.16 1.10414
14.19 1.1074
14.22 1.11066
14.25 1.11393
14.28 1.11721
14.31 1.1205
14.34 1.1238
14.37 1.1271
14.4 1.13042
14.43 1.13375
14.46 1.13708
14.49 1.14043
14.52 1.14378
14.55 1.14714
14.58 1.15051
14.61 1.1539
14.64 1.15729
14.67 1.16069
14.7 1.16409
14.73 1.16751
14.76 1.17094
14.79 1.17438
14.82 1.17782
14.85 1.18128
14.88 1.18474
14.91 1.18822
14.94 1.1917
14.97 1.19519
15 1.19869
15.03 1.2022
15.06 1.20572
15.09 1.20925
15.12 1.21279
15.15 1.21634
15.18 1.2199
15.21 1.22346
15.24 1.22704
15.27 1.23062
15.3 1.23422
15.33 1.23782
15.36 1.24143
15.39 1.24505
15.42 1.24868
15.45 1.25232
15.48 1.25597
15.51 1.25963
15.54 1.2633
15.57 1.26697
15.6 1.27066
15.63 1.27435
15.66 1.27805
15.69 1.28177
15.72 1.28549
15.75 1.28922
15.78 1.29296
15.81 1.2967
15.84 1.30046
15.87 1.30422
15.9 1.308
15.93 1.31178
15.96 1.31557
15.99 1.31937
16.02 1.32318
16.05 1.327
16.08 1.33083
16.11 1.33466
16.14 1.33851
16.17 1.34236
16.2 1.34622
16.23 1.35009
16.26 1.35396
16.29 1.35785
16.32 1.36174
16.35 1.36565
16.38 1.36956
16.41 1.37348
16.44 1.3774
16.47 1.38134
16.5 1.38528
16.53 1.38923
16.56 1.39319
16.59 1.39716
16.62 1.40113
16.65 1.40512
16.68 1.40911
16.71 1.41311
16.74 1.41711
16.77 1.42113
16.8 1.42515
16.83 1.42918
16.86 1.43322
16.89 1.43726
16.92 1.44131
16.95 1.44537
16.98 1.44944
17.01 1.45351
17.04 1.4576
17.07 1.46168
17.1 1.46578
17.13 1.46988
17.16 1.47399
17.19 1.47811
17.22 1.48224
17.25 1.48637
17.28 1.49051
17.31 1.49465
17.34 1.49881
17.37 1.50296
17.4 1.50713
17.43 1.5113
17.46 1.51548
17.49 1.51967
17.52 1.52386
17.55 1.52806
17.58 1.53227
17.61 1.53648
17.64 1.5407
17.67 1.54492
17.7 1.54916
17.73 1.55339
17.76 1.55764
17.79 1.56189
17.82 1.56615
17.85 1.57041
17.88 1.57468
17.91 1.57896
17.94 1.58324
17.97 1.58752
18 1.59182
18.03 1.59612
18.06 1.60043
18.09 1.60474
18.12 1.60906
18.15 1.61338
18.18 1.61771
18.21 1.62205
18.24 1.62639
18.27 1.63074
18.3 1.63509
18.33 1.63945
18.36 1.64382
18.39 1.64819
18.42 1.65257
18.45 1.65695
18.48 1.66134
18.51 1.66574
18.54 1.67014
18.57 1.67455
18.6 1.67896
18.63 1.68338
18.66 1.68781
18.69 1.69224
18.72 1.69668
18.75 1.70112
18.78 1.70557
18.81 1.71003
18.84 1.71449
18.87 1.71896
18.9 1.72344
18.93 1.72792
18.96 1.73241
18.99 1.7369
19.02 1.7414
19.05 1.74591
19.08 1.75043
19.11 1.75495
19.14 1.75948
19.17 1.76401
19.2 1.76856
19.23 1.77311
19.26 1.77766
19.29 1.78223
19.32 1.7868
19.35 1.79138
19.38 1.79597
19.41 1.80056
19.44 1.80516
19.47 1.80977
19.5 1.81439
19.53 1.81902
19.56 1.82366
19.59 1.8283
19.62 1.83295
19.65 1.83762
19.68 1.84229
19.71 1.84697
19.74 1.85166
19.77 1.85636
19.8 1.86107
19.83 1.86579
19.86 1.87052
19.89 1.87526
19.92 1.88001
19.95 1.88477
19.98 1.88955
20.01 1.89433
20.04 1.89913
20.07 1.90394
20.1 1.90876
20.13 1.91359
20.16 1.91844
20.19 1.9233
20.22 1.92817
20.25 1.93305
20.28 1.93795
20.31 1.94287
20.34 1.9478
20.37 1.95274
20.4 1.9577
20.43 1.96268
20.46 1.96767
20.49 1.97268
20.52 1.9777
20.55 1.98274
20.58 1.9878
20.61 1.99288
20.64 1.99797
20.67 2.00309
20.7 2.00822
20.73 2.01338
20.76 2.01855
20.79 2.02375
20.82 2.02897
20.85 2.0342
20.88 2.03946
20.91 2.04475
20.94 2.05006
20.97 2.05539
21 2.06074
21.03 2.06612
21.06 2.07153
21.09 2.07696
21.12 2.08242
21.15 2.08791
21.18 2.09343
21.21 2.09897
21.24 2.10454
21.27 2.11015
21.3 2.11578
21.33 2.12145
21.36 2.12715
21.39 2.13288
21.42 2.13864
21.45 2.14444
21.48 2.15028
21.51 2.15615
21.54 2.16206
21.57 2.168
21.6 2.17399
21.63 2.18001
21.66 2.18607
21.69 2.19217
21.72 2.19832
21.75 2.20451
21.78 2.21074
21.81 2.21701
21.84 2.22334
21.87 2.2297
21.9 2.23612
21.93 2.24258
21.96 2.24909
21.99 2.25565
22.02 2.26226
22.05 2.26893
22.08 2.27564
22.11 2.28241
22.14 2.28924
22.17 2.29612
22.2 2.30305
22.23 2.31005
22.26 2.3171
22.29 2.32421
22.32 2.33139
22.35 2.33862
22.38 2.34592
22.41 2.35328
22.44 2.36071
22.47 2.3682
22.5 2.37576
22.53 2.38338
22.56 2.39107
22.59 2.39884
22.62 2.40667
22.65 2.41457
22.68 2.42255
22.71 2.4306
22.74 2.43872
22.77 2.44692
22.8 2.45519
22.83 2.46354
22.86 2.47197
22.89 2.48047
22.92 2.48906
22.95 2.49772
22.98 2.50646
23.01 2.51528
23.04 2.52418
23.07 2.53317
23.1 2.54224
23.13 2.55138
23.16 2.56062
23.19 2.56993
23.22 2.57933
23.25 2.58881
23.28 2.59837
23.31 2.60802
23.34 2.61776
23.37 2.62757
23.4 2.63747
23.43 2.64745
23.46 2.65752
23.49 2.66767
23.52 2.6779
23.55 2.68821
23.58 2.6986
23.61 2.70907
23.64 2.71962
23.67 2.73025
23.7 2.74096
23.73 2.75174
23.76 2.7626
23.79 2.77353
23.82 2.78453
23.85 2.79561
23.88 2.80675
23.91 2.81796
23.94 2.82923
23.97 2.84056
24 2.85196
24.03 2.86342
24.06 2.87493
24.09 2.88649
24.12 2.89811
24.15 2.90977
24.18 2.92148
24.21 2.93324
24.24 2.94503
24.27 2.95685
24.3 2.96872
24.33 2.98061
24.36 2.99252
24.39 3.00446
24.42 3.01642
24.45 3.0284
24.48 3.04038
24.51 3.05238
24.54 3.06438
24.57 3.07637
24.6 3.08837
24.63 3.10036
24.66 3.11233
24.69 3.12429
24.72 3.13623
24.75 3.14815
24.78 3.16004
24.81 3.17189
24.84 3.18371
24.87 3.19549
24.9 3.20722
24.93 3.21891
24.96 3.23054
24.99 3.24212
25.02 3.25363
25.05 3.26508
25.08 3.27646
25.11 3.28778
25.14 3.29901
25.17 3.31017
25.2 3.32124
25.23 3.33223
25.26 3.34313
25.29 3.35394
25.32 3.36465
25.35 3.37526
25.38 3.38578
25.41 3.39618
25.44 3.40649
25.47 3.41668
25.5 3.42676
25.53 3.43673
25.56 3.44659
25.59 3.45633
25.62 3.46594
25.65 3.47544
25.68 3.48482
25.71 3.49407
25.74 3.50319
25.77 3.51219
25.8 3.52107
25.83 3.52981
25.86 3.53843
25.89 3.54691
25.92 3.55527
25.95 3.5635
25.98 3.57159
26.01 3.57956
26.04 3.58739
26.07 3.59509
26.1 3.60266
26.13 3.6101
26.16 3.61741
26.19 3.62459
26.22 3.63164
26.25 3.63856
26.28 3.64535
26.31 3.65201
26.34 3.65855
26.37 3.66496
26.4 3.67124
26.43 3.6774
26.46 3.68344
26.49 3.68935
26.52 3.69515
26.55 3.70082
26.58 3.70638
26.61 3.71181
26.64 3.71713
26.67 3.72234
26.7 3.72743
26.73 3.73242
26.76 3.73729
26.79 3.74205
26.82 3.7467
26.85 3.75125
26.88 3.75569
26.91 3.76003
26.94 3.76427
26.97 3.76841
27 3.77244
27.03 3.77639
27.06 3.78023
27.09 3.78399
27.12 3.78765
27.15 3.79122
27.18 3.7947
27.21 3.7981
27.24 3.8014
27.27 3.80463
27.3 3.80777
27.33 3.81083
27.36 3.81381
27.39 3.81671
27.42 3.81953
27.45 3.82228
27.48 3.82496
27.51 3.82756
27.54 3.8301
27.57 3.83256
27.6 3.83496
27.63 3.83729
27.66 3.83955
27.69 3.84175
27.72 3.84389
27.75 3.84596
27.78 3.84798
27.81 3.84994
27.84 3.85184
27.87 3.85369
27.9 3.85548
27.93 3.85721
27.96 3.8589
27.99 3.86053
28.02 3.86212
28.05 3.86365
28.08 3.86514
28.11 3.86658
28.14 3.86797
28.17 3.86933
28.2 3.87063
28.23 3.8719
28.26 3.87312
28.29 3.8743
28.32 3.87545
28.35 3.87655
28.38 3.87762
28.41 3.87865
28.44 3.87965
28.47 3.88061
28.5 3.88154
28.53 3.88243
28.56 3.88329
28.59 3.88412
28.62 3.88492
28.65 3.88569
28.68 3.88643
28.71 3.88714
28.74 3.88782
28.77 3.88848
28.8 3.88911
28.83 3.88972
28.86 3.89029
28.89 3.89085
28.92 3.89138
28.95 3.89189
28.98 3.89237
29.01 3.89284
29.04 3.89328
29.07 3.8937
29.1 3.8941
29.13 3.89448
29.16 3.89484
29.19 3.89519
29.22 3.89551
29.25 3.89582
29.28 3.89611
29.31 3.89638
29.34 3.89664
29.37 3.89688
29.4 3.8971
29.43 3.89731
29.46 3.89751
29.49 3.89769
29.52 3.89786
29.55 3.89801
29.58 3.89815
29.61 3.89828
29.64 3.8984
29.67 3.8985
29.7 3.89859
29.73 3.89867
29.76 3.89874
29.79 3.8988
29.82 3.89885
29.85 3.89888
29.88 3.89891
29.91 3.89893
29.94 3.89894
29.97 3.89894
30 3.89893
30.001 0
