0 0
0.03 0.147798
0.06 0.145473
0.09 0.143144
0.12 0.14081
0.15 0.138473
0.18 0.136133
0.21 0.13379
0.24 0.131446
0.27 0.1291
0.3 0.126753
0.33 0.124405
0.36 0.122058
0.39 0.119711
0.42 0.117365
0.45 0.115021
0.48 0.11268
0.51 0.110341
0.54 0.108006
0.57 0.105675
0.6 0.103348
0.63 0.101027
0.66 0.0987111
0.69 0.0964019
0.72 0.0940997
0.75 0.0918051
0.78 0.0895186
0.81 0.087241
0.84 0.0849727
0.87 0.0827144
0.9 0.0804666
0.93 0.07823
0.96 0.076005
0.99 0.0737924
1.02 0.0715927
1.05 0.0694064
1.08 0.0672342
1.11 0.0650765
1.14 0.0629339
1.17 0.0608071
1.2 0.0586964
1.23 0.0566025
1.26 0.0545259
1.29 0.0524671
1.32 0.0504267
1.35 0.048405
1.38 0.0464027
1.41 0.0444201
1.44 0.0424579
1.47 0.0405164
1.5 0.0385962
1.53 0.0366976
1.56 0.0348212
1.59 0.0329674
1.62 0.0311365
1.65 0.0293292
1.68 0.0275456
1.71 0.0257864
1.74 0.0240518
1.77 0.0223423
1.8 0.0206583
1.83 0.0190002
1.86 0.0173683
1.89 0.015763
1.92 0.0141847
1.95 0.0126338
1.98 0.0111105
2.01 0.00961541
2.04 0.0081487
2.07 0.00671078
2.1 0.00530199
2.13 0.00392268
2.16 0.0025732
2.19 0.00125387
2.22 -3.49487e-05
2.25 -0.00129292
2.28 -0.00251972
2.31 -0.00371499
2.34 -0.00487841
2.37 -0.00600963
2.4 -0.00710832
2.43 -0.00817413
2.46 -0.00920673
2.49 -0.0102058
2.52 -0.0111709
2.55 -0.0121018
2.58 -0.0129982
2.61 -0.0138595
2.64 -0.0146856
2.67 -0.0154761
2.7 -0.0162306
2.73 -0.0169487
2.76 -0.0176302
2.79 -0.0182745
2.82 -0.0188815
2.85 -0.0194506
2.88 -0.0199817
2.91 -0.0204741
2.94 -0.0209278
2.97 -0.0213421
3 -0.0217168
3.03 -0.0220516
3.06 -0.0223459
3.09 -0.0225996
3.12 -0.0228121
3.15 -0.0229832
3.18 -0.0231125
3.21 -0.0231995
3.24 -0.023244
3.27 -0.0232457
3.3 -0.023204
3.33 -0.0231188
3.36 -0.0229897
3.39 -0.0228163
3.42 -0.0225983
3.45 -0.0223354
3.48 -0.0220274
3.51 -0.0216739
3.54 -0.0212746
3.57 -0.0208293
3.6 -0.0203377
3.63 -0.0197996
3.66 -0.0192148
3.69 -0.018583
3.72 -0.0179042
3.75 -0.017178
3.78 -0.0164044
3.81 -0.0155833
3.84 -0.0147145
3.87 -0.0137981
3.9 -0.0128338
3.93 -0.0118218
3.96 -0.010762
3.99 -0.00965439
4.02 -0.00849913
4.05 -0.00729629
4.08 -0.00604598
4.11 -0.00474835
4.14 -0.00340361
4.17 -0.00201198
4.2 -0.000573711
4.23 0.000910898
4.26 0.00244152
4.29 0.00401778
4.32 0.00563929
4.35 0.0073056
4.38 0.00901623
4.41 0.0107707
4.44 0.0125684
4.47 0.0144088
4.5 0.0162912
4.53 0.018215
4.56 0.0201795
4.59 0.022184
4.62 0.0242277
4.65 0.0263097
4.68 0.0284293
4.71 0.0305856
4.74 0.0327777
4.77 0.0350047
4.8 0.0372656
4.83 0.0395593
4.86 0.0418851
4.89 0.0442416
4.92 0.0466281
4.95 0.0490432
4.98 0.0514861
5.01 0.0539555
5.04 0.0564503
5.07 0.0589693
5.1 0.0615115
5.13 0.0640757
5.16 0.0666607
5.19 0.0692653
5.22 0.0718883
5.25 0.0745286
5.28 0.077185
5.31 0.0798564
5.34 0.0825415
5.37 0.0852392
5.4 0.0879483
5.43 0.0906678
5.46 0.0933964
5.49 0.0961331
5.52 0.0988767
5.55 0.101626
5.58 0.104381
5.61 0.107139
5.64 0.1099
5.67 0.112663
5.7 0.115426
5.73 0.11819
5.76 0.120952
5.79 0.123713
5.82 0.12647
5.85 0.129225
5.88 0.131974
5.91 0.134719
5.94 0.137458
5.97 0.14019
6 0.142914
6.03 0.145631
6.06 0.14834
6.09 0.151039
6.12 0.153729
6.15 0.156408
6.18 0.159077
6.21 0.161735
6.24 0.164381
6.27 0.167015
6.3 0.169637
6.33 0.172247
6.36 0.174843
6.39 0.177427
6.42 0.179997
6.45 0.182553
6.48 0.185096
6.51 0.187624
6.54 0.190139
6.57 0.192639
6.6 0.195125
6.63 0.197597
6.66 0.200054
6.69 0.202497
6.72 0.204925
6.75 0.207339
6.78 0.209738
6.81 0.212123
6.84 0.214494
6.87 0.216851
6.9 0.219193
6.93 0.221521
6.96 0.223836
6.99 0.226137
7.02 0.228424
7.05 0.230697
7.08 0.232958
7.11 0.235205
7.14 0.237439
7.17 0.239661
7.2 0.24187
7.23 0.244067
7.26 0.246252
7.29 0.248425
7.32 0.250586
7.35 0.252736
7.38 0.254875
7.41 0.257002
7.44 0.25912
7.47 0.261226
7.5 0.263323
7.53 0.265409
7.56 0.267486
7.59 0.269553
7.62 0.271611
7.65 0.27366
7.68 0.275701
7.71 0.277733
7.74 0.279756
7.77 0.281772
7.8 0.28378
7.83 0.28578
7.86 0.287773
7.89 0.289759
7.92 0.291738
7.95 0.293711
7.98 0.295677
8.01 0.297638
8.04 0.299592
8.07 0.30154
8.1 0.303483
8.13 0.305421
8.16 0.307354
8.19 0.309281
8.22 0.311204
8.25 0.313123
8.28 0.315037
8.31 0.316947
8.34 0.318853
8.37 0.320755
8.4 0.322654
8.43 0.324549
8.46 0.326441
8.49 0.32833
8.52 0.330215
8.55 0.332098
8.58 0.333978
8.61 0.335856
8.64 0.337731
8.67 0.339604
8.7 0.341475
8.73 0.343343
8.76 0.34521
8.79 0.347075
8.82 0.348938
8.85 0.3508
8.88 0.35266
8.91 0.354519
8.94 0.356376
8.97 0.358232
9 0.360087
9.03 0.361941
9.06 0.363794
9.09 0.365646
9.12 0.367498
9.15 0.369348
9.18 0.371198
9.21 0.373047
9.24 0.374896
9.27 0.376745
9.3 0.378592
9.33 0.38044
9.36 0.382287
9.39 0.384134
9.42 0.385981
9.45 0.387827
9.48 0.389674
9.51 0.39152
9.54 0.393366
9.57 0.395213
9.6 0.397059
9.63 0.398905
9.66 0.400752
9.69 0.402598
9.72 0.404445
9.75 0.406291
9.78 0.408138
9.81 0.409986
9.84 0.411833
9.87 0.413681
9.9 0.415528
9.93 0.417377
9.96 0.419225
9.99 0.421074
10.02 0.422923
10.05 0.424772
10.08 0.426622
10.11 0.428472
10.14 0.430322
10.17 0.432173
10.2 0.434024
10.23 0.435876
10.26 0.437727
10.29 0.43958
10.32 0.441432
10.35 0.443285
10.38 0.445139
10.41 0.446992
10.44 0.448847
10.47 0.450701
10.5 0.452556
10.53 0.454411
10.56 0.456267
10.59 0.458123
10.62 0.45998
10.65 0.461837
10.68 0.463694
10.71 0.465552
10.74 0.46741
10.77 0.469268
10.8 0.471127
10.83 0.472986
10.86 0.474845
10.89 0.476705
10.92 0.478565
10.95 0.480426
10.98 0.482287
11.01 0.484148
11.04 0.486009
11.07 0.487871
11.1 0.489733
11.13 0.491596
11.16 0.493459
11.19 0.495322
11.22 0.497186
11.25 0.499049
11.28 0.500913
11.31 0.502778
11.34 0.504642
11.37 0.506507
11.4 0.508373
11.43 0.510238
11.46 0.512104
11.49 0.51397
11.52 0.515837
11.55 0.517703
11.58 0.51957
11.61 0.521437
11.64 0.523305
11.67 0.525173
11.7 0.527041
11.73 0.528909
11.76 0.530777
11.79 0.532646
11.82 0.534515
11.85 0.536385
11.88 0.538254
11.91 0.540124
11.94 0.541994
11.97 0.543864
12 0.545735
12.03 0.547606
12.06 0.549477
12.09 0.551348
12.12 0.55322
12.15 0.555091
12.18 0.556964
12.21 0.558836
12.24 0.560709
12.27 0.562581
12.3 0.564455
12.33 0.566328
12.36 0.568202
12.39 0.570076
12.42 0.57195
12.45 0.573825
12.48 0.5757
12.51 0.577575
12.54 0.57945
12.57 0.581326
12.6 0.583202
12.63 0.585079
12.66 0.586955
12.69 0.588832
12.72 0.59071
12.75 0.592587
12.78 0.594466
12.81 0.596344
12.84 0.598223
12.87 0.600102
12.9 0.601982
12.93 0.603861
12.96 0.605742
12.99 0.607623
13.02 0.609504
13.05 0.611385
13.08 0.613267
13.11 0.61515
13.14 0.617033
13.17 0.618916
13.2 0.6208
13.23 0.622684
13.26 0.624569
13.29 0.626454
13.32 0.62834
13.35 0.630227
13.38 0.632113
13.41 0.634001
13.44 0.635889
13.47 0.637777
13.5 0.639667
13.53 0.641556
13.56 0.643447
13.59 0.645338
13.62 0.647229
13.65 0.649122
13.68 0.651015
13.71 0.652908
13.74 0.654803
13.77 0.656698
13.8 0.658594
13.83 0.66049
13.86 0.662387
13.89 0.664285
13.92 0.666184
13.95 0.668084
13.98 0.669984
14.01 0.671886
14.04 0.673788
14.07 0.675691
14.1 0.677595
14.13 0.6795
14.16 0.681405
14.19 0.683312
14.22 0.68522
14.25 0.687128
14.28 0.689038
14.31 0.690949
14.34 0.69286
14.37 0.694773
14.4 0.696687
14.43 0.698602
14.46 0.700518
14.49 0.702435
14.52 0.704353
14.55 0.706273
14.58 0.708193
14.61 0.710115
14.64 0.712038
14.67 0.713962
14.7 0.715888
14.73 0.717815
14.76 0.719743
14.79 0.721673
14.82 0.723603
14.85 0.725536
14.88 0.727469
14.91 0.729404
14.94 0.731341
14.97 0.733279
15 0.735219
15.03 0.73716
15.06 0.739102
15.09 0.741046
15.12 0.742992
15.15 0.744939
15.18 0.746888
15.21 0.748839
15.24 0.750791
15.27 0.752745
15.3 0.754701
15.33 0.756659
15.36 0.758618
15.39 0.760579
15.42 0.762542
15.45 0.764507
15.48 0.766474
15.51 0.768443
15.54 0.770413
15.57 0.772386
15.6 0.774361
15.63 0.776337
15.66 0.778316
15.69 0.780297
15.72 0.78228
15.75 0.784265
15.78 0.786252
15.81 0.788242
15.84 0.790233
15.87 0.792227
15.9 0.794223
15.93 0.796222
15.96 0.798223
15.99 0.800226
16.02 0.802232
16.05 0.80424
16.08 0.806251
16.11 0.808264
16.14 0.810279
16.17 0.812297
16.2 0.814318
16.23 0.816342
16.26 0.818368
16.29 0.820397
16.32 0.822428
16.35 0.824462
16.38 0.8265
16.41 0.82854
16.44 0.830582
16.47 0.832628
16.5 0.834677
16.53 0.836728
16.56 0.838783
16.59 0.840841
16.62 0.842901
16.65 0.844965
16.68 0.847032
16.71 0.849102
16.74 0.851176
16.77 0.853252
16.8 0.855332
16.83 0.857416
16.86 0.859502
16.89 0.861592
16.92 0.863686
16.95 0.865783
16.98 0.867883
17.01 0.869988
17.04 0.872095
17.07 0.874207
17.1 0.876322
17.13 0.878441
17.16 0.880563
17.19 0.88269
17.22 0.88482
17.25 0.886954
17.28 0.889092
17.31 0.891234
17.34 0.89338
17.37 0.895531
17.4 0.897685
17.43 0.899843
17.46 0.902006
17.49 0.904173
17.52 0.906344
17.55 0.90852
17.58 0.9107
17.61 0.912884
17.64 0.915073
17.67 0.917267
17.7 0.919465
17.73 0.921668
17.76 0.923875
17.79 0.926087
17.82 0.928304
17.85 0.930526
17.88 0.932752
17.91 0.934984
17.94 0.937221
17.97 0.939462
18 0.941709
18.03 0.943961
18.06 0.946218
18.09 0.94848
18.12 0.950748
18.15 0.953021
18.18 0.955299
18.21 0.957583
18.24 0.959873
18.27 0.962168
18.3 0.964469
18.33 0.966775
18.36 0.969088
18.39 0.971406
18.42 0.97373
18.45 0.97606
18.48 0.978396
18.51 0.980738
18.54 0.983086
18.57 0.985441
18.6 0.987801
18.63 0.990169
18.66 0.992542
18.69 0.994922
18.72 0.997309
18.75 0.999702
18.78 1.0021
18.81 1.00451
18.84 1.00692
18.87 1.00934
18.9 1.01177
18.93 1.0142
18.96 1.01665
18.99 1.01909
19.02 1.02155
19.05 1.02401
19.08 1.02648
19.11 1.02896
19.14 1.03145
19.17 1.03394
19.2 1.03644
19.23 1.03895
19.26 1.04147
19.29 1.04399
19.32 1.04653
19.35 1.04907
19.38 1.05162
19.41 1.05418
19.44 1.05674
19.47 1.05932
19.5 1.0619
19.53 1.06449
19.56 1.06709
19.59 1.0697
19.62 1.07232
19.65 1.07495
19.68 1.07759
19.71 1.08023
19.74 1.08289
19.77 1.08555
19.8 1.08823
19.83 1.09091
19.86 1.0936
19.89 1.09631
19.92 1.09902
19.95 1.10174
19.98 1.10448
20.01 1.10722
20.04 1.10998
20.07 1.11274
20.1 1.11552
20.13 1.11831
20.16 1.1211
20.19 1.12391
20.22 1.12673
20.25 1.12956
20.28 1.1324
20.31 1.13526
20.34 1.13812
20.37 1.141
20.4 1.14389
20.43 1.14679
20.46 1.1497
20.49 1.15263
20.52 1.15556
20.55 1.15851
20.58 1.16148
20.61 1.16445
20.64 1.16744
20.67 1.17044
20.7 1.17346
20.73 1.17648
20.76 1.17953
20.79 1.18258
20.82 1.18565
20.85 1.18873
20.88 1.19183
20.91 1.19494
20.94 1.19807
20.97 1.20121
21 1.20436
21.03 1.20753
21.06 1.21072
21.09 1.21392
21.12 1.21714
21.15 1.22037
21.18 1.22362
21.21 1.22688
21.24 1.23016
21.27 1.23346
21.3 1.23677
21.33 1.2401
21.36 1.24345
21.39 1.24681
21.42 1.25019
21.45 1.25359
21.48 1.25701
21.51 1.26044
21.54 1.26389
21.57 1.26736
21.6 1.27085
21.63 1.27436
21.66 1.27789
21.69 1.28144
21.72 1.285
21.75 1.28859
21.78 1.29219
21.81 1.29582
21.84 1.29947
21.87 1.30313
21.9 1.30682
21.93 1.31053
21.96 1.31426
21.99 1.31801
22.02 1.32179
22.05 1.32558
22.08 1.3294
22.11 1.33324
22.14 1.33711
22.17 1.34099
22.2 1.34491
22.23 1.34884
22.26 1.3528
22.29 1.35678
22.32 1.36079
22.35 1.36482
22.38 1.36888
22.41 1.37297
22.44 1.37707
22.47 1.38121
22.5 1.38537
22.53 1.38956
22.56 1.39378
22.59 1.39802
22.62 1.40229
22.65 1.40659
22.68 1.41092
22.71 1.41528
22.74 1.41966
22.77 1.42408
22.8 1.42853
22.83 1.433
22.86 1.43751
22.89 1.44204
22.92 1.44661
22.95 1.45121
22.98 1.45585
23.01 1.46051
23.04 1.46521
23.07 1.46994
23.1 1.47471
23.13 1.47951
23.16 1.48434
23.19 1.48921
23.22 1.49411
23.25 1.49905
23.28 1.50403
23.31 1.50904
23.34 1.51409
23.37 1.51918
23.4 1.5243
23.43 1.52947
23.46 1.53467
23.49 1.53991
23.52 1.54519
23.55 1.55051
23.58 1.55588
23.61 1.56128
23.64 1.56673
23.67 1.57222
23.7 1.57775
23.73 1.58332
23.76 1.58894
23.79 1.5946
23.82 1.60031
23.85 1.60606
23.88 1.61186
23.91 1.6177
23.94 1.6236
23.97 1.62953
24 1.63552
24.03 1.64156
24.06 1.64764
24.09 1.65378
24.12 1.65996
24.15 1.6662
24.18 1.67248
24.21 1.67882
24.24 1.68521
24.27 1.69166
24.3 1.69816
24.33 1.70471
24.36 1.71131
24.39 1.71798
24.42 1.72469
24.45 1.73147
24.48 1.7383
24.51 1.74519
24.54 1.75214
24.57 1.75915
24.6 1.76621
24.63 1.77334
24.66 1.78053
24.69 1.78778
24.72 1.79509
24.75 1.80246
24.78 1.8099
24.81 1.8174
24.84 1.82497
24.87 1.8326
24.9 1.84029
24.93 1.84805
24.96 1.85588
24.99 1.86378
25.02 1.87174
25.05 1.87977
25.08 1.88788
25.11 1.89605
25.14 1.90429
25.17 1.9126
25.2 1.92098
25.23 1.92944
25.26 1.93797
25.29 1.94657
25.32 1.95524
25.35 1.96399
25.38 1.97281
25.41 1.98171
25.44 1.99068
25.47 1.99973
25.5 2.00885
25.53 2.01806
25.56 2.02734
25.59 2.03669
25.62 2.04613
25.65 2.05564
25.68 2.06523
25.71 2.0749
25.74 2.08465
25.77 2.09448
25.8 2.10439
25.83 2.11437
25.86 2.12444
25.89 2.13459
25.92 2.14482
25.95 2.15513
25.98 2.16553
26.01 2.176
26.04 2.18655
26.07 2.19719
26.1 2.20791
26.13 2.2187
26.16 2.22958
26.19 2.24054
26.22 2.25158
26.25 2.2627
26.28 2.2739
26.31 2.28519
26.34 2.29655
26.37 2.30799
26.4 2.31951
26.43 2.33111
26.46 2.34279
26.49 2.35454
26.52 2.36638
26.55 2.37829
26.58 2.39027
26.61 2.40233
26.64 2.41447
26.67 2.42668
26.7 2.43897
26.73 2.45132
26.76 2.46375
26.79 2.47625
26.82 2.48882
26.85 2.50146
26.88 2.51417
26.91 2.52694
26.94 2.53978
26.97 2.55268
27 2.56564
27.03 2.57867
27.06 2.59176
27.09 2.6049
27.12 2.61811
27.15 2.63136
27.18 2.64468
27.21 2.65804
27.24 2.67146
27.27 2.68493
27.3 2.69844
27.33 2.712
27.36 2.7256
27.39 2.73925
27.42 2.75293
27.45 2.76665
27.48 2.78041
27.51 2.79421
27.54 2.80803
27.57 2.82189
27.6 2.83577
27.63 2.84968
27.66 2.86361
27.69 2.87757
27.72 2.89154
27.75 2.90553
27.78 2.91953
27.81 2.93355
27.84 2.94757
27.87 2.9616
27.9 2.97564
27.93 2.98968
27.96 3.00372
27.99 3.01776
28.02 3.03179
28.05 3.04581
28.08 3.05983
28.11 3.07383
28.14 3.08782
28.17 3.10179
28.2 3.11573
28.23 3.12966
28.26 3.14356
28.29 3.15744
28.32 3.17128
28.35 3.18509
28.38 3.19887
28.41 3.21261
28.44 3.22631
28.47 3.23997
28.5 3.25358
28.53 3.26714
28.56 3.28066
28.59 3.29412
28.62 3.30753
28.65 3.32089
28.68 3.33418
28.71 3.34742
28.74 3.36059
28.77 3.37369
28.8 3.38673
28.83 3.3997
28.86 3.41259
28.89 3.42541
28.92 3.43816
28.95 3.45083
28.98 3.46342
29.01 3.47592
29.04 3.48834
29.07 3.50068
29.1 3.51293
29.13 3.5251
29.16 3.53717
29.19 3.54915
29.22 3.56103
29.25 3.57283
29.28 3.58452
29.31 3.59612
29.34 3.60762
29.37 3.61902
29.4 3.63031
29.43 3.64151
29.46 3.6526
29.49 3.66359
29.52 3.67447
29.55 3.68524
29.58 3.69591
29.61 3.70647
29.64 3.71692
29.67 3.72726
29.7 3.73749
29.73 3.74761
29.76 3.75762
29.79 3.76752
29.82 3.7773
29.85 3.78698
29.88 3.79654
29.91 3.80599
29.94 3.81533
29.97 3.82455
30 3.83366
30.001 0
