0 5
0.03 4.87171
0.06 4.87181
0.09 4.87191
0.12 4.87201
0.15 4.87211
0.18 4.87221
0.21 4.87231
0.24 4.87241
0.27 4.87252
0.3 4.87262
0.33 4.87272
0.36 4.87282
0.39 4.87292
0.42 4.87302
0.45 4.87313
0.48 4.87323
0.51 4.87333
0.54 4.87343
0.57 4.87354
0.6 4.87364
0.63 4.87374
0.66 4.87385
0.69 4.87395
0.72 4.87405
0.75 4.87415
0.78 4.87426
0.81 4.87436
0.84 4.87446
0.87 4.87457
0.9 4.87467
0.93 4.87478
0.96 4.87488
0.99 4.87498
1.02 4.87509
1.05 4.87519
1.08 4.8753
1.11 4.8754
1.14 4.87551
1.17 4.87561
1.2 4.87571
1.23 4.87582
1.26 4.87592
1.29 4.87603
1.32 4.87614
1.35 4.87624
1.38 4.87635
1.41 4.87645
1.44 4.87656
1.47 4.87666
1.5 4.87677
1.53 4.87687
1.56 4.87698
1.59 4.87709
1.62 4.87719
1.65 4.8773
1.68 4.87741
1.71 4.87751
1.74 4.87762
1.77 4.87773
1.8 4.87783
1.83 4.87794
1.86 4.87805
1.89 4.87815
1.92 4.87826
1.95 4.87837
1.98 4.87848
2.01 4.87858
2.04 4.87869
2.07 4.8788
2.1 4.87891
2.13 4.87901
2.16 4.87912
2.19 4.87923
2.22 4.87934
2.25 4.87945
2.28 4.87956
2.31 4.87966
2.34 4.87977
2.37 4.87988
2.4 4.87999
2.43 4.8801
2.46 4.88021
2.49 4.88032
2.52 4.88043
2.55 4.88054
2.58 4.88065
2.61 4.88076
2.64 4.88087
2.67 4.88098
2.7 4.88108
2.73 4.8812
2.76 4.88131
2.79 4.88142
2.82 4.88153
2.85 4.88164
2.88 4.88175
2.91 4.88186
2.94 4.88197
2.97 4.88208
3 4.88219
3.03 4.8823
3.06 4.88241
3.09 4.88252
3.12 4.88264
3.15 4.88275
3.18 4.88286
3.21 4.88297
3.24 4.88308
3.27 4.88319
3.3 4.88331
3.33 4.88342
3.36 4.88353
3.39 4.88364
3.42 4.88375
3.45 4.88387
3.48 4.88398
3.51 4.88409
3.54 4.88421
3.57 4.88432
3.6 4.88443
3.63 4.88454
3.66 4.88466
3.69 4.88477
3.72 4.88488
3.75 4.885
3.78 4.88511
3.81 4.88523
3.84 4.88534
3.87 4.88545
3.9 4.88557
3.93 4.88568
3.96 4.8858
3.99 4.88591
4.02 4.88603
4.05 4.88614
4.08 4.88625
4.11 4.88637
4.14 4.88648
4.17 4.8866
4.2 4.88671
4.23 4.88683
4.26 4.88695
4.29 4.88706
4.32 4.88718
4.35 4.88729
4.38 4.88741
4.41 4.88752
4.44 4.88764
4.47 4.88776
4.5 4.88787
4.53 4.88799
4.56 4.8881
4.59 4.88822
4.62 4.88834
4.65 4.88845
4.68 4.88857
4.71 4.88869
4.74 4.88881
4.77 4.88892
4.8 4.88904
4.83 4.88916
4.86 4.88928
4.89 4.88939
4.92 4.88951
4.95 4.88963
4.98 4.88975
5.01 4.88986
5.04 4.88998
5.07 4.8901
5.1 4.89022
5.13 4.89034
5.16 4.89046
5.19 4.89057
5.22 4.89069
5.25 4.89081
5.28 4.89093
5.31 4.89105
5.34 4.89117
5.37 4.89129
5.4 4.89141
5.43 4.89153
5.46 4.89165
5.49 4.89177
5.52 4.89189
5.55 4.89201
5.58 4.89213
5.61 4.89225
5.64 4.89237
5.67 4.89249
5.7 4.89261
5.73 4.89273
5.76 4.89285
5.79 4.89297
5.82 4.89309
5.85 4.89321
5.88 4.89333
5.91 4.89346
5.94 4.89358
5.97 4.8937
6 4.89382
6.03 4.89394
6.06 4.89406
6.09 4.89419
6.12 4.89431
6.15 4.89443
6.18 4.89455
6.21 4.89467
6.24 4.8948
6.27 4.89492
6.3 4.89504
6.33 4.89517
6.36 4.89529
6.39 4.89541
6.42 4.89553
6.45 4.89566
6.48 4.89578
6.51 4.8959
6.54 4.89603
6.57 4.89615
6.6 4.89628
6.63 4.8964
6.66 4.89652
6.69 4.89665
6.72 4.89677
6.75 4.8969
6.78 4.89702
6.81 4.89715
6.84 4.89727
6.87 4.8974
6.9 4.89752
6.93 4.89765
6.96 4.89777
6.99 4.8979
7.02 4.89802
7.05 4.89815
7.08 4.89827
7.11 4.8984
7.14 4.89853
7.17 4.89865
7.2 4.89878
7.23 4.8989
7.26 4.89903
7.29 4.89916
7.32 4.89928
7.35 4.89941
7.38 4.89954
7.41 4.89966
7.44 4.89979
7.47 4.89992
7.5 4.90005
7.53 4.90017
7.56 4.9003
7.59 4.90043
7.62 4.90056
7.65 4.90068
7.68 4.90081
7.71 4.90094
7.74 4.90107
7.77 4.9012
7.8 4.90133
7.83 4.90145
7.86 4.90158
7.89 4.90171
7.92 4.90184
7.95 4.90197
7.98 4.9021
8.01 4.90223
8.04 4.90236
8.07 4.90249
8.1 4.90262
8.13 4.90275
8.16 4.90288
8.19 4.90301
8.22 4.90314
8.25 4.90327
8.28 4.9034
8.31 4.90353
8.34 4.90366
8.37 4.90379
8.4 4.90392
8.43 4.90406
8.46 4.90419
8.49 4.90432
8.52 4.90445
8.55 4.90458
8.58 4.90471
8.61 4.90485
8.64 4.90498
8.67 4.90511
8.7 4.90524
8.73 4.90537
8.76 4.90551
8.79 4.90564
8.82 4.90577
8.85 4.90591
8.88 4.90604
8.91 4.90617
8.94 4.90631
8.97 4.90644
9 4.90657
9.03 4.90671
9.06 4.90684
9.09 4.90698
9.12 4.90711
9.15 4.90725
9.18 4.90738
9.21 4.90751
9.24 4.90765
9.27 4.90778
9.3 4.90792
9.33 4.90805
9.36 4.90819
9.39 4.90833
9.42 4.90846
9.45 4.9086
9.48 4.90873
9.51 4.90887
9.54 4.90901
9.57 4.90914
9.6 4.90928
9.63 4.90942
9.66 4.90955
9.69 4.90969
9.72 4.90983
9.75 4.90996
9.78 4.9101
9.81 4.91024
9.84 4.91038
9.87 4.91052
9.9 4.91065
9.93 4.91079
9.96 4.91093
9.99 4.91107
10.02 4.91121
10.05 4.91135
10.08 4.91149
10.11 4.91163
10.14 4.91176
10.17 4.9119
10.2 4.91204
10.23 4.91218
10.26 4.91232
10.29 4.91246
10.32 4.9126
10.35 4.91274
10.38 4.91289
10.41 4.91303
10.44 4.91317
10.47 4.91331
10.5 4.91345
10.53 4.91359
10.56 4.91373
10.59 4.91388
10.62 4.91402
10.65 4.91416
10.68 4.9143
10.71 4.91444
10.74 4.91459
10.77 4.91473
10.8 4.91487
10.83 4.91502
10.86 4.91516
10.89 4.9153
10.92 4.91545
10.95 4.91559
10.98 4.91573
11.01 4.91588
11.04 4.91602
11.07 4.91617
11.1 4.91631
11.13 4.91646
11.16 4.9166
11.19 4.91675
11.22 4.91689
11.25 4.91704
11.28 4.91719
11.31 4.91733
11.34 4.91748
11.37 4.91762
11.4 4.91777
11.43 4.91792
11.46 4.91807
11.49 4.91821
11.52 4.91836
11.55 4.91851
11.58 4.91866
11.61 4.9188
11.64 4.91895
11.67 4.9191
11.7 4.91925
11.73 4.9194
11.76 4.91955
11.79 4.9197
11.82 4.91985
11.85 4.92
11.88 4.92015
11.91 4.9203
11.94 4.92045
11.97 4.9206
12 4.92075
12.03 4.9209
12.06 4.92105
12.09 4.9212
12.12 4.92135
12.15 4.9215
12.18 4.92166
12.21 4.92181
12.24 4.92196
12.27 4.92211
12.3 4.92227
12.33 4.92242
12.36 4.92257
12.39 4.92273
12.42 4.92288
12.45 4.92304
12.48 4.92319
12.51 4.92334
12.54 4.9235
12.57 4.92365
12.6 4.92381
12.63 4.92396
12.66 4.92412
12.69 4.92428
12.72 4.92443
12.75 4.92459
12.78 4.92475
12.81 4.9249
12.84 4.92506
12.87 4.92522
12.9 4.92538
12.93 4.92553
12.96 4.92569
12.99 4.92585
13.02 4.92601
13.05 4.92617
13.08 4.92633
13.11 4.92649
13.14 4.92665
13.17 4.92681
13.2 4.92697
13.23 4.92713
13.26 4.92729
13.29 4.92745
13.32 4.92761
13.35 4.92777
13.38 4.92794
13.41 4.9281
13.44 4.92826
13.47 4.92842
13.5 4.92859
13.53 4.92875
13.56 4.92891
13.59 4.92908
13.62 4.92924
13.65 4.92941
13.68 4.92957
13.71 4.92974
13.74 4.9299
13.77 4.93007
13.8 4.93023
13.83 4.9304
13.86 4.93057
13.89 4.93073
13.92 4.9309
13.95 4.93107
13.98 4.93124
14.01 4.9314
14.04 4.93157
14.07 4.93174
14.1 4.93191
14.13 4.93208
14.16 4.93225
14.19 4.93242
14.22 4.93259
14.25 4.93276
14.28 4.93293
14.31 4.9331
14.34 4.93328
14.37 4.93345
14.4 4.93362
14.43 4.93379
14.46 4.93397
14.49 4.93414
14.52 4.93432
14.55 4.93449
14.58 4.93466
14.61 4.93484
14.64 4.93502
14.67 4.93519
14.7 4.93537
14.73 4.93554
14.76 4.93572
14.79 4.9359
14.82 4.93608
14.85 4.93625
14.88 4.93643
14.91 4.93661
14.94 4.93679
14.97 4.93697
15 4.93715
15.03 4.93733
15.06 4.93751
15.09 4.93769
15.12 4.93787
15.15 4.93806
15.18 4.93824
15.21 4.93842
15.24 4.9386
15.27 4.93879
15.3 4.93897
15.33 4.93916
15.36 4.93934
15.39 4.93953
15.42 4.93971
15.45 4.9399
15.48 4.94009
15.51 4.94027
15.54 4.94046
15.57 4.94065
15.6 4.94084
15.63 4.94103
15.66 4.94122
15.69 4.94141
15.72 4.9416
15.75 4.94179
15.78 4.94198
15.81 4.94217
15.84 4.94236
15.87 4.94255
15.9 4.94275
15.93 4.94294
15.96 4.94314
15.99 4.94333
16.02 4.94353
16.05 4.94372
16.08 4.94392
16.11 4.94411
16.14 4.94431
16.17 4.94451
16.2 4.94471
16.23 4.94491
16.26 4.94511
16.29 4.94531
16.32 4.94551
16.35 4.94571
16.38 4.94591
16.41 4.94611
16.44 4.94631
16.47 4.94652
16.5 4.94672
16.53 4.94692
16.56 4.94713
16.59 4.94733
16.62 4.94754
16.65 4.94775
16.68 4.94795
16.71 4.94816
16.74 4.94837
16.77 4.94858
16.8 4.94879
16.83 4.949
16.86 4.94921
16.89 4.94942
16.92 4.94963
16.95 4.94985
16.98 4.95006
17.01 4.95027
17.04 4.95049
17.07 4.9507
17.1 4.95092
17.13 4.95113
17.16 4.95135
17.19 4.95157
17.22 4.95179
17.25 4.95201
17.28 4.95223
17.31 4.95245
17.34 4.95267
17.37 4.95289
17.4 4.95311
17.43 4.95334
17.46 4.95356
17.49 4.95378
17.52 4.95401
17.55 4.95423
17.58 4.95446
17.61 4.95469
17.64 4.95492
17.67 4.95515
17.7 4.95538
17.73 4.95561
17.76 4.95584
17.79 4.95607
17.82 4.9563
17.85 4.95654
17.88 4.95677
17.91 4.95701
17.94 4.95724
17.97 4.95748
18 4.95771
18.03 4.95795
18.06 4.95819
18.09 4.95843
18.12 4.95867
18.15 4.95891
18.18 4.95916
18.21 4.9594
18.24 4.95964
18.27 4.95989
18.3 4.96013
18.33 4.96038
18.36 4.96063
18.39 4.96088
18.42 4.96113
18.45 4.96138
18.48 4.96163
18.51 4.96188
18.54 4.96213
18.57 4.96239
18.6 4.96264
18.63 4.9629
18.66 4.96315
18.69 4.96341
18.72 4.96367
18.75 4.96393
18.78 4.96419
18.81 4.96445
18.84 4.96471
18.87 4.96498
18.9 4.96524
18.93 4.96551
18.96 4.96577
18.99 4.96604
19.02 4.96631
19.05 4.96658
19.08 4.96685
19.11 4.96712
19.14 4.96739
19.17 4.96766
19.2 4.96794
19.23 4.96821
19.26 4.96849
19.29 4.96877
19.32 4.96905
19.35 4.96933
19.38 4.96961
19.41 4.96989
19.44 4.97018
19.47 4.97046
19.5 4.97075
19.53 4.97103
19.56 4.97132
19.59 4.97161
19.62 4.9719
19.65 4.97219
19.68 4.97248
19.71 4.97278
19.74 4.97307
19.77 4.97337
19.8 4.97367
19.83 4.97397
19.86 4.97427
19.89 4.97457
19.92 4.97487
19.95 4.97517
19.98 4.97548
20.01 4.97579
20.04 4.97609
20.07 4.9764
20.1 4.97671
20.13 4.97702
20.16 4.97734
20.19 4.97765
20.22 4.97797
20.25 4.97828
20.28 4.9786
20.31 4.97892
20.34 4.97924
20.37 4.97957
20.4 4.97989
20.43 4.98021
20.46 4.98054
20.49 4.98087
20.52 4.9812
20.55 4.98153
20.58 4.98186
20.61 4.9822
20.64 4.98253
20.67 4.98287
20.7 4.98321
20.73 4.98355
20.76 4.98389
20.79 4.98423
20.82 4.98458
20.85 4.98492
20.88 4.98527
20.91 4.98562
20.94 4.98597
20.97 4.98633
21 4.98668
21.03 4.98704
21.06 4.98739
21.09 4.98775
21.12 4.98811
21.15 4.98848
21.18 4.98884
21.21 4.98921
21.24 4.98957
21.27 4.98994
21.3 4.99031
21.33 4.99069
21.36 4.99106
21.39 4.99144
21.42 4.99181
21.45 4.99219
21.48 4.99258
21.51 4.99296
21.54 4.99334
21.57 4.99373
21.6 4.99412
21.63 4.99451
21.66 4.9949
21.69 4.9953
21.72 4.99569
21.75 4.99609
21.78 4.99649
21.81 4.99689
21.84 4.9973
21.87 4.9977
21.9 4.99811
21.93 4.99852
21.96 4.99893
21.99 4.99935
22.02 4.99976
22.05 5.00018
22.08 5.0006
22.11 5.00102
22.14 5.00145
22.17 5.00187
22.2 5.0023
22.23 5.00273
22.26 5.00316
22.29 5.0036
22.32 5.00404
22.35 5.00447
22.38 5.00492
22.41 5.00536
22.44 5.0058
22.47 5.00625
22.5 5.0067
22.53 5.00715
22.56 5.00761
22.59 5.00807
22.62 5.00852
22.65 5.00899
22.68 5.00945
22.71 5.00991
22.74 5.01038
22.77 5.01085
22.8 5.01133
22.83 5.0118
22.86 5.01228
22.89 5.01276
22.92 5.01324
22.95 5.01373
22.98 5.01421
23.01 5.0147
23.04 5.0152
23.07 5.01569
23.1 5.01619
23.13 5.01669
23.16 5.01719
23.19 5.0177
23.22 5.0182
23.25 5.01871
23.28 5.01923
23.31 5.01974
23.34 5.02026
23.37 5.02078
23.4 5.02131
23.43 5.02183
23.46 5.02236
23.49 5.02289
23.52 5.02343
23.55 5.02396
23.58 5.0245
23.61 5.02505
23.64 5.02559
23.67 5.02614
23.7 5.02669
23.73 5.02724
23.76 5.0278
23.79 5.02836
23.82 5.02892
23.85 5.02949
23.88 5.03006
23.91 5.03063
23.94 5.0312
23.97 5.03178
24 5.03236
24.03 5.03295
24.06 5.03353
24.09 5.03412
24.12 5.03471
24.15 5.03531
24.18 5.03591
24.21 5.03651
24.24 5.03712
24.27 5.03773
24.3 5.03834
24.33 5.03895
24.36 5.03957
24.39 5.04019
24.42 5.04082
24.45 5.04144
24.48 5.04208
24.51 5.04271
24.54 5.04335
24.57 5.04399
24.6 5.04464
24.63 5.04528
24.66 5.04594
24.69 5.04659
24.72 5.04725
24.75 5.04791
24.78 5.04858
24.81 5.04925
24.84 5.04992
24.87 5.0506
24.9 5.05128
24.93 5.05197
24.96 5.05265
24.99 5.05335
25.02 5.05404
25.05 5.05474
25.08 5.05544
25.11 5.05615
25.14 5.05686
25.17 5.05758
25.2 5.0583
25.23 5.05902
25.26 5.05975
25.29 5.06048
25.32 5.06121
25.35 5.06195
25.38 5.0627
25.41 5.06344
25.44 5.06419
25.47 5.06495
25.5 5.06571
25.53 5.06648
25.56 5.06724
25.59 5.06802
25.62 5.06879
25.65 5.06958
25.68 5.07036
25.71 5.07115
25.74 5.07195
25.77 5.07275
25.8 5.07356
25.83 5.07437
25.86 5.07518
25.89 5.076
25.92 5.07682
25.95 5.07765
25.98 5.07848
26.01 5.07932
26.04 5.08017
26.07 5.08102
26.1 5.08187
26.13 5.08273
26.16 5.08359
26.19 5.08446
26.22 5.08534
26.25 5.08622
26.28 5.0871
26.31 5.08799
26.34 5.08889
26.37 5.08979
26.4 5.0907
26.43 5.09161
26.46 5.09253
26.49 5.09345
26.52 5.09439
26.55 5.09532
26.58 5.09626
26.61 5.09721
26.64 5.09817
26.67 5.09913
26.7 5.1001
26.73 5.10107
26.76 5.10205
26.79 5.10303
26.82 5.10403
26.85 5.10503
26.88 5.10603
26.91 5.10705
26.94 5.10807
26.97 5.10909
27 5.11013
27.03 5.11117
27.06 5.11221
27.09 5.11327
27.12 5.11433
27.15 5.1154
27.18 5.11648
27.21 5.11756
27.24 5.11866
27.27 5.11976
27.3 5.12086
27.33 5.12198
27.36 5.1231
27.39 5.12424
27.42 5.12538
27.45 5.12653
27.48 5.12768
27.51 5.12885
27.54 5.13002
27.57 5.13121
27.6 5.1324
27.63 5.1336
27.66 5.13481
27.69 5.13603
27.72 5.13726
27.75 5.1385
27.78 5.13975
27.81 5.141
27.84 5.14227
27.87 5.14355
27.9 5.14483
27.93 5.14613
27.96 5.14744
27.99 5.14875
28.02 5.15008
28.05 5.15142
28.08 5.15277
28.11 5.15413
28.14 5.1555
28.17 5.15688
28.2 5.15827
28.23 5.15968
28.26 5.16109
28.29 5.16252
28.32 5.16396
28.35 5.16541
28.38 5.16687
28.41 5.16835
28.44 5.16983
28.47 5.17133
28.5 5.17284
28.53 5.17436
28.56 5.1759
28.59 5.17745
28.62 5.17901
28.65 5.18058
28.68 5.18217
28.71 5.18377
28.74 5.18538
28.77 5.187
28.8 5.18864
28.83 5.1903
28.86 5.19196
28.89 5.19364
28.92 5.19533
28.95 5.19704
28.98 5.19876
29.01 5.20049
29.04 5.20224
29.07 5.204
29.1 5.20578
29.13 5.20757
29.16 5.20937
29.19 5.21119
29.22 5.21302
29.25 5.21487
29.28 5.21673
29.31 5.2186
29.34 5.22049
29.37 5.22239
29.4 5.2243
29.43 5.22623
29.46 5.22818
29.49 5.23013
29.52 5.2321
29.55 5.23409
29.58 5.23608
29.61 5.23809
29.64 5.24012
29.67 5.24215
29.7 5.2442
29.73 5.24626
29.76 5.24834
29.79 5.25043
29.82 5.25253
29.85 5.25464
29.88 5.25676
29.91 5.25889
29.94 5.26104
29.97 5.2632
30 5.26536
30.001 5
