0 -10
0.03 -8.75859
0.06 -8.75848
0.09 -8.75836
0.12 -8.75824
0.15 -8.75812
0.18 -8.758
0.21 -8.75788
0.24 -8.75776
0.27 -8.75765
0.3 -8.75753
0.33 -8.75741
0.36 -8.75729
0.39 -8.75717
0.42 -8.75706
0.45 -8.75694
0.48 -8.75682
0.51 -8.7567
0.54 -8.75658
0.57 -8.75647
0.6 -8.75635
0.63 -8.75623
0.66 -8.75611
0.69 -8.75599
0.72 -8.75588
0.75 -8.75576
0.78 -8.75564
0.81 -8.75552
0.84 -8.75541
0.87 -8.75529
0.9 -8.75517
0.93 -8.75505
0.96 -8.75494
0.99 -8.75482
1.02 -8.7547
1.05 -8.75458
1.08 -8.75447
1.11 -8.75435
1.14 -8.75423
1.17 -8.75412
1.2 -8.754
1.23 -8.75388
1.26 -8.75377
1.29 -8.75365
1.32 -8.75353
1.35 -8.75342
1.38 -8.7533
1.41 -8.75318
1.44 -8.75307
1.47 -8.75295
1.5 -8.75283
1.53 -8.75272
1.56 -8.7526
1.59 -8.75248
1.62 -8.75237
1.65 -8.75225
1.68 -8.75213
1.71 -8.75202
1.74 -8.7519
1.77 -8.75179
1.8 -8.75167
1.83 -8.75155
1.86 -8.75144
1.89 -8.75132
1.92 -8.75121
1.95 -8.75109
1.98 -8.75097
2.01 -8.75086
2.04 -8.75074
2.07 -8.75063
2.1 -8.75051
2.13 -8.7504
2.16 -8.75028
2.19 -8.75017
2.22 -8.75005
2.25 -8.74994
2.28 -8.74982
2.31 -8.74971
2.34 -8.74959
2.37 -8.74948
2.4 -8.74936
2.43 -8.74925
2.46 -8.74913
2.49 -8.74902
2.52 -8.7489
2.55 -8.74879
2.58 -8.74867
2.61 -8.74856
2.64 -8.74844
2.67 -8.74833
2.7 -8.74821
2.73 -8.7481
2.76 -8.74798
2.79 -8.74787
2.82 -8.74776
2.85 -8.74764
2.88 -8.74753
2.91 -8.74741
2.94 -8.7473
2.97 -8.74719
3 -8.74707
3.03 -8.74696
3.06 -8.74684
3.09 -8.74673
3.12 -8.74662
3.15 -8.7465
3.18 -8.74639
3.21 -8.74628
3.24 -8.74616
3.27 -8.74605
3.3 -8.74593
3.33 -8.74582
3.36 -8.74571
3.39 -8.74559
3.42 -8.74548
3.45 -8.74537
3.48 -8.74526
3.51 -8.74514
3.54 -8.74503
3.57 -8.74492
3.6 -8.7448
3.63 -8.74469
3.66 -8.74458
3.69 -8.74447
3.72 -8.74435
3.75 -8.74424
3.78 -8.74413
3.81 -8.74402
3.84 -8.7439
3.87 -8.74379
3.9 -8.74368
3.93 -8.74357
3.96 -8.74345
3.99 -8.74334
4.02 -8.74323
4.05 -8.74312
4.08 -8.74301
4.11 -8.74289
4.14 -8.74278
4.17 -8.74267
4.2 -8.74256
4.23 -8.74245
4.26 -8.74234
4.29 -8.74222
4.32 -8.74211
4.35 -8.742
4.38 -8.74189
4.41 -8.74178
4.44 -8.74167
4.47 -8.74156
4.5 -8.74145
4.53 -8.74133
4.56 -8.74122
4.59 -8.74111
4.62 -8.741
4.65 -8.74089
4.68 -8.74078
4.71 -8.74067
4.74 -8.74056
4.77 -8.74045
4.8 -8.74034
4.83 -8.74023
4.86 -8.74012
4.89 -8.74001
4.92 -8.7399
4.95 -8.73979
4.98 -8.73968
5.01 -8.73957
5.04 -8.73946
5.07 -8.73935
5.1 -8.73924
5.13 -8.73913
5.16 -8.73902
5.19 -8.73891
5.22 -8.7388
5.25 -8.73869
5.28 -8.73858
5.31 -8.73847
5.34 -8.73836
5.37 -8.73825
5.4 -8.73814
5.43 -8.73803
5.46 -8.73792
5.49 -8.73781
5.52 -8.7377
5.55 -8.7376
5.58 -8.73749
5.61 -8.73738
5.64 -8.73727
5.67 -8.73716
5.7 -8.73705
5.73 -8.73694
5.76 -8.73683
5.79 -8.73673
5.82 -8.73662
5.85 -8.73651
5.88 -8.7364
5.91 -8.73629
5.94 -8.73618
5.97 -8.73608
6 -8.73597
6.03 -8.73586
6.06 -8.73575
6.09 -8.73564
6.12 -8.73554
6.15 -8.73543
6.18 -8.73532
6.21 -8.73521
6.24 -8.73511
6.27 -8.735
6.3 -8.73489
6.33 -8.73478
6.36 -8.73468
6.39 -8.73457
6.42 -8.73446
6.45 -8.73435
6.48 -8.73425
6.51 -8.73414
6.54 -8.73403
6.57 -8.73393
6.6 -8.73382
6.63 -8.73371
6.66 -8.73361
6.69 -8.7335
6.72 -8.73339
6.75 -8.73329
6.78 -8.73318
6.81 -8.73307
6.84 -8.73297
6.87 -8.73286
6.9 -8.73275
6.93 -8.73265
6.96 -8.73254
6.99 -8.73243
7.02 -8.73233
7.05 -8.73222
7.08 -8.73212
7.11 -8.73201
7.14 -8.73191
7.17 -8.7318
7.2 -8.73169
7.23 -8.73159
7.26 -8.73148
7.29 -8.73138
7.32 -8.73127
7.35 -8.73117
7.38 -8.73106
7.41 -8.73096
7.44 -8.73085
7.47 -8.73075
7.5 -8.73064
7.53 -8.73054
7.56 -8.73043
7.59 -8.73033
7.62 -8.73022
7.65 -8.73012
7.68 -8.73001
7.71 -8.72991
7.74 -8.7298
7.77 -8.7297
7.8 -8.72959
7.83 -8.72949
7.86 -8.72938
7.89 -8.72928
7.92 -8.72918
7.95 -8.72907
7.98 -8.72897
8.01 -8.72886
8.04 -8.72876
8.07 -8.72865
8.1 -8.72855
8.13 -8.72845
8.16 -8.72834
8.19 -8.72824
8.22 -8.72814
8.25 -8.72803
8.28 -8.72793
8.31 -8.72782
8.34 -8.72772
8.37 -8.72762
8.4 -8.72751
8.43 -8.72741
8.46 -8.72731
8.49 -8.7272
8.52 -8.7271
8.55 -8.727
8.58 -8.7269
8.61 -8.72679
8.64 -8.72669
8.67 -8.72659
8.7 -8.72648
8.73 -8.72638
8.76 -8.72628
8.79 -8.72618
8.82 -8.72607
8.85 -8.72597
8.88 -8.72587
8.91 -8.72577
8.94 -8.72566
8.97 -8.72556
9 -8.72546
9.03 -8.72536
9.06 -8.72525
9.09 -8.72515
9.12 -8.72505
9.15 -8.72495
9.18 -8.72485
9.21 -8.72474
9.24 -8.72464
9.27 -8.72454
9.3 -8.72444
9.33 -8.72434
9.36 -8.72423
9.39 -8.72413
9.42 -8.72403
9.45 -8.72393
9.48 -8.72383
9.51 -8.72373
9.54 -8.72363
9.57 -8.72352
9.6 -8.72342
9.63 -8.72332
9.66 -8.72322
9.69 -8.72312
9.72 -8.72302
9.75 -8.72292
9.78 -8.72282
9.81 -8.72271
9.84 -8.72261
9.87 -8.72251
9.9 -8.72241
9.93 -8.72231
9.96 -8.72221
9.99 -8.72211
10.02 -8.72201
10.05 -8.72191
10.08 -8.72181
10.11 -8.72171
10.14 -8.72161
10.17 -8.72151
10.2 -8.72141
10.23 -8.72131
10.26 -8.72121
10.29 -8.72111
10.32 -8.72101
10.35 -8.7209
10.38 -8.7208
10.41 -8.7207
10.44 -8.7206
10.47 -8.7205
10.5 -8.7204
10.53 -8.7203
10.56 -8.72021
10.59 -8.72011
10.62 -8.72001
10.65 -8.71991
10.68 -8.71981
10.71 -8.71971
10.74 -8.71961
10.77 -8.71951
10.8 -8.71941
10.83 -8.71931
10.86 -8.71921
10.89 -8.71911
10.92 -8.71901
10.95 -8.71891
10.98 -8.71881
11.01 -8.71871
11.04 -8.71861
11.07 -8.71851
11.1 -8.71841
11.13 -8.71831
11.16 -8.71822
11.19 -8.71812
11.22 -8.71802
11.25 -8.71792
11.28 -8.71782
11.31 -8.71772
11.34 -8.71762
11.37 -8.71752
11.4 -8.71742
11.43 -8.71733
11.46 -8.71723
11.49 -8.71713
11.52 -8.71703
11.55 -8.71693
11.58 -8.71683
11.61 -8.71673
11.64 -8.71663
11.67 -8.71654
11.7 -8.71644
11.73 -8.71634
11.76 -8.71624
11.79 -8.71614
11.82 -8.71604
11.85 -8.71594
11.88 -8.71585
11.91 -8.71575
11.94 -8.71565
11.97 -8.71555
12 -8.71545
12.03 -8.71535
12.06 -8.71526
12.09 -8.71516
12.12 -8.71506
12.15 -8.71496
12.18 -8.71486
12.21 -8.71477
12.24 -8.71467
12.27 -8.71457
12.3 -8.71447
12.33 -8.71437
12.36 -8.71428
12.39 -8.71418
12.42 -8.71408
12.45 -8.71398
12.48 -8.71388
12.51 -8.71379
12.54 -8.71369
12.57 -8.71359
12.6 -8.71349
12.63 -8.71339
12.66 -8.7133
12.69 -8.7132
12.72 -8.7131
12.75 -8.713
12.78 -8.71291
12.81 -8.71281
12.84 -8.71271
12.87 -8.71261
12.9 -8.71251
12.93 -8.71242
12.96 -8.71232
12.99 -8.71222
13.02 -8.71212
13.05 -8.71203
13.08 -8.71193
13.11 -8.71183
13.14 -8.71173
13.17 -8.71164
13.2 -8.71154
13.23 -8.71144
13.26 -8.71134
13.29 -8.71125
13.32 -8.71115
13.35 -8.71105
13.38 -8.71095
13.41 -8.71086
13.44 -8.71076
13.47 -8.71066
13.5 -8.71056
13.53 -8.71047
13.56 -8.71037
13.59 -8.71027
13.62 -8.71017
13.65 -8.71007
13.68 -8.70998
13.71 -8.70988
13.74 -8.70978
13.77 -8.70968
13.8 -8.70959
13.83 -8.70949
13.86 -8.70939
13.89 -8.70929
13.92 -8.7092
13.95 -8.7091
13.98 -8.709
14.01 -8.7089
14.04 -8.70881
14.07 -8.70871
14.1 -8.70861
14.13 -8.70851
14.16 -8.70842
14.19 -8.70832
14.22 -8.70822
14.25 -8.70812
14.28 -8.70803
14.31 -8.70793
14.34 -8.70783
14.37 -8.70773
14.4 -8.70764
14.43 -8.70754
14.46 -8.70744
14.49 -8.70734
14.52 -8.70725
14.55 -8.70715
14.58 -8.70705
14.61 -8.70695
14.64 -8.70685
14.67 -8.70676
14.7 -8.70666
14.73 -8.70656
14.76 -8.70646
14.79 -8.70637
14.82 -8.70627
14.85 -8.70617
14.88 -8.70607
14.91 -8.70597
14.94 -8.70588
14.97 -8.70578
15 -8.70568
15.03 -8.70558
15.06 -8.70548
15.09 -8.70539
15.12 -8.70529
15.15 -8.70519
15.18 -8.70509
15.21 -8.70499
15.24 -8.7049
15.27 -8.7048
15.3 -8.7047
15.33 -8.7046
15.36 -8.7045
15.39 -8.70441
15.42 -8.70431
15.45 -8.70421
15.48 -8.70411
15.51 -8.70401
15.54 -8.70391
15.57 -8.70382
15.6 -8.70372
15.63 -8.70362
15.66 -8.70352
15.69 -8.70342
15.72 -8.70332
15.75 -8.70322
15.78 -8.70313
15.81 -8.70303
15.84 -8.70293
15.87 -8.70283
15.9 -8.70273
15.93 -8.70263
15.96 -8.70253
15.99 -8.70243
16.02 -8.70233
16.05 -8.70224
16.08 -8.70214
16.11 -8.70204
16.14 -8.70194
16.17 -8.70184
16.2 -8.70174
16.23 -8.70164
16.26 -8.70154
16.29 -8.70144
16.32 -8.70134
16.35 -8.70124
16.38 -8.70114
16.41 -8.70105
16.44 -8.70095
16.47 -8.70085
16.5 -8.70075
16.53 -8.70065
16.56 -8.70055
16.59 -8.70045
16.62 -8.70035
16.65 -8.70025
16.68 -8.70015
16.71 -8.70005
16.74 -8.69995
16.77 -8.69985
16.8 -8.69975
16.83 -8.69965
16.86 -8.69955
16.89 -8.69945
16.92 -8.69935
16.95 -8.69925
16.98 -8.69915
17.01 -8.69905
17.04 -8.69895
17.07 -8.69885
17.1 -8.69874
17.13 -8.69864
17.16 -8.69854
17.19 -8.69844
17.22 -8.69834
17.25 -8.69824
17.28 -8.69814
17.31 -8.69804
17.34 -8.69794
17.37 -8.69784
17.4 -8.69774
17.43 -8.69764
17.46 -8.69753
17.49 -8.69743
17.52 -8.69733
17.55 -8.69723
17.58 -8.69713
17.61 -8.69703
17.64 -8.69693
17.67 -8.69682
17.7 -8.69672
17.73 -8.69662
17.76 -8.69652
17.79 -8.69642
17.82 -8.69632
17.85 -8.69621
17.88 -8.69611
17.91 -8.69601
17.94 -8.69591
17.97 -8.6958
18 -8.6957
18.03 -8.6956
18.06 -8.6955
18.09 -8.6954
18.12 -8.69529
18.15 -8.69519
18.18 -8.69509
18.21 -8.69499
18.24 -8.69488
18.27 -8.69478
18.3 -8.69468
18.33 -8.69457
18.36 -8.69447
18.39 -8.69437
18.42 -8.69427
18.45 -8.69416
18.48 -8.69406
18.51 -8.69396
18.54 -8.69385
18.57 -8.69375
18.6 -8.69365
18.63 -8.69354
18.66 -8.69344
18.69 -8.69334
18.72 -8.69323
18.75 -8.69313
18.78 -8.69302
18.81 -8.69292
18.84 -8.69282
18.87 -8.69271
18.9 -8.69261
18.93 -8.69251
18.96 -8.6924
18.99 -8.6923
19.02 -8.69219
19.05 -8.69209
19.08 -8.69198
19.11 -8.69188
19.14 -8.69178
19.17 -8.69167
19.2 -8.69157
19.23 -8.69146
19.26 -8.69136
19.29 -8.69125
19.32 -8.69115
19.35 -8.69104
19.38 -8.69094
19.41 -8.69083
19.44 -8.69073
19.47 -8.69062
19.5 -8.69052
19.53 -8.69042
19.56 -8.69031
19.59 -8.69021
19.62 -8.6901
19.65 -8.69
19.68 -8.68989
19.71 -8.68978
19.74 -8.68968
19.77 -8.68957
19.8 -8.68947
19.83 -8.68936
19.86 -8.68926
19.89 -8.68915
19.92 -8.68905
19.95 -8.68894
19.98 -8.68884
20.01 -8.68873
20.04 -8.68863
20.07 -8.68852
20.1 -8.68842
20.13 -8.68831
20.16 -8.68821
20.19 -8.6881
20.22 -8.68799
20.25 -8.68789
20.28 -8.68778
20.31 -8.68768
20.34 -8.68757
20.37 -8.68747
20.4 -8.68736
20.43 -8.68726
20.46 -8.68715
20.49 -8.68704
20.52 -8.68694
20.55 -8.68683
20.58 -8.68673
20.61 -8.68662
20.64 -8.68652
20.67 -8.68641
20.7 -8.68631
20.73 -8.6862
20.76 -8.6861
20.79 -8.68599
20.82 -8.68589
20.85 -8.68578
20.88 -8.68567
20.91 -8.68557
20.94 -8.68546
20.97 -8.68536
21 -8.68525
21.03 -8.68515
21.06 -8.68504
21.09 -8.68494
21.12 -8.68483
21.15 -8.68473
21.18 -8.68463
21.21 -8.68452
21.24 -8.68442
21.27 -8.68431
21.3 -8.68421
21.33 -8.6841
21.36 -8.684
21.39 -8.6839
21.42 -8.68379
21.45 -8.68369
21.48 -8.68358
21.51 -8.68348
21.54 -8.68338
21.57 -8.68327
21.6 -8.68317
21.63 -8.68307
21.66 -8.68296
21.69 -8.68286
21.72 -8.68276
21.75 -8.68265
21.78 -8.68255
21.81 -8.68245
21.84 -8.68235
21.87 -8.68225
21.9 -8.68214
21.93 -8.68204
21.96 -8.68194
21.99 -8.68184
22.02 -8.68174
22.05 -8.68164
22.08 -8.68154
22.11 -8.68143
22.14 -8.68133
22.17 -8.68123
22.2 -8.68113
22.23 -8.68103
22.26 -8.68093
22.29 -8.68084
22.32 -8.68074
22.35 -8.68064
22.38 -8.68054
22.41 -8.68044
22.44 -8.68034
22.47 -8.68024
22.5 -8.68015
22.53 -8.68005
22.56 -8.67995
22.59 -8.67986
22.62 -8.67976
22.65 -8.67966
22.68 -8.67957
22.71 -8.67947
22.74 -8.67938
22.77 -8.67928
22.8 -8.67919
22.83 -8.67909
22.86 -8.679
22.89 -8.67891
22.92 -8.67881
22.95 -8.67872
22.98 -8.67863
23.01 -8.67854
23.04 -8.67845
23.07 -8.67835
23.1 -8.67826
23.13 -8.67817
23.16 -8.67808
23.19 -8.67799
23.22 -8.67791
23.25 -8.67782
23.28 -8.67773
23.31 -8.67764
23.34 -8.67756
23.37 -8.67747
23.4 -8.67738
23.43 -8.6773
23.46 -8.67721
23.49 -8.67713
23.52 -8.67705
23.55 -8.67696
23.58 -8.67688
23.61 -8.6768
23.64 -8.67672
23.67 -8.67664
23.7 -8.67656
23.73 -8.67648
23.76 -8.6764
23.79 -8.67632
23.82 -8.67624
23.85 -8.67617
23.88 -8.67609
23.91 -8.67601
23.94 -8.67594
23.97 -8.67586
24 -8.67579
24.03 -8.67572
24.06 -8.67565
24.09 -8.67558
24.12 -8.67551
24.15 -8.67544
24.18 -8.67537
24.21 -8.6753
24.24 -8.67523
24.27 -8.67517
24.3 -8.6751
24.33 -8.67504
24.36 -8.67497
24.39 -8.67491
24.42 -8.67485
24.45 -8.67479
24.48 -8.67473
24.51 -8.67467
24.54 -8.67461
24.57 -8.67456
24.6 -8.6745
24.63 -8.67445
24.66 -8.67439
24.69 -8.67434
24.72 -8.67429
24.75 -8.67424
24.78 -8.67419
24.81 -8.67414
24.84 -8.6741
24.87 -8.67405
24.9 -8.67401
24.93 -8.67396
24.96 -8.67392
24.99 -8.67388
25.02 -8.67384
25.05 -8.6738
25.08 -8.67377
25.11 -8.67373
25.14 -8.6737
25.17 -8.67366
25.2 -8.67363
25.23 -8.6736
25.26 -8.67357
25.29 -8.67355
25.32 -8.67352
25.35 -8.6735
25.38 -8.67347
25.41 -8.67345
25.44 -8.67343
25.47 -8.67342
25.5 -8.6734
25.53 -8.67339
25.56 -8.67337
25.59 -8.67336
25.62 -8.67335
25.65 -8.67335
25.68 -8.67334
25.71 -8.67334
25.74 -8.67333
25.77 -8.67333
25.8 -8.67333
25.83 -8.67334
25.86 -8.67334
25.89 -8.67335
25.92 -8.67336
25.95 -8.67337
25.98 -8.67339
26.01 -8.6734
26.04 -8.67342
26.07 -8.67344
26.1 -8.67346
26.13 -8.67349
26.16 -8.67351
26.19 -8.67354
26.22 -8.67357
26.25 -8.67361
26.28 -8.67364
26.31 -8.67368
26.34 -8.67372
26.37 -8.67377
26.4 -8.67381
26.43 -8.67386
26.46 -8.67391
26.49 -8.67397
26.52 -8.67402
26.55 -8.67408
26.58 -8.67415
26.61 -8.67421
26.64 -8.67428
26.67 -8.67435
26.7 -8.67443
26.73 -8.6745
26.76 -8.67458
26.79 -8.67467
26.82 -8.67475
26.85 -8.67485
26.88 -8.67494
26.91 -8.67504
26.94 -8.67514
26.97 -8.67524
27 -8.67535
27.03 -8.67546
27.06 -8.67557
27.09 -8.67569
27.12 -8.67582
27.15 -8.67594
27.18 -8.67607
27.21 -8.67621
27.24 -8.67634
27.27 -8.67649
27.3 -8.67663
27.33 -8.67679
27.36 -8.67694
27.39 -8.6771
27.42 -8.67727
27.45 -8.67743
27.48 -8.67761
27.51 -8.67779
27.54 -8.67797
27.57 -8.67816
27.6 -8.67835
27.63 -8.67855
27.66 -8.67875
27.69 -8.67896
27.72 -8.67918
27.75 -8.6794
27.78 -8.67962
27.81 -8.67985
27.84 -8.68009
27.87 -8.68033
27.9 -8.68058
27.93 -8.68084
27.96 -8.6811
27.99 -8.68137
28.02 -8.68164
28.05 -8.68192
28.08 -8.68221
28.11 -8.68251
28.14 -8.68281
28.17 -8.68312
28.2 -8.68343
28.23 -8.68376
28.26 -8.68409
28.29 -8.68442
28.32 -8.68477
28.35 -8.68513
28.38 -8.68549
28.41 -8.68586
28.44 -8.68624
28.47 -8.68662
28.5 -8.68702
28.53 -8.68743
28.56 -8.68784
28.59 -8.68826
28.62 -8.6887
28.65 -8.68914
28.68 -8.68959
28.71 -8.69005
28.74 -8.69052
28.77 -8.69101
28.8 -8.6915
28.83 -8.692
28.86 -8.69252
28.89 -8.69304
28.92 -8.69358
28.95 -8.69413
28.98 -8.69469
29.01 -8.69526
29.04 -8.69584
29.07 -8.69644
29.1 -8.69705
29.13 -8.69767
29.16 -8.6983
29.19 -8.69895
29.22 -8.69961
29.25 -8.70028
29.28 -8.70097
29.31 -8.70167
29.34 -8.70239
29.37 -8.70312
29.4 -8.70386
29.43 -8.70463
29.46 -8.7054
29.49 -8.70619
29.52 -8.707
29.55 -8.70782
29.58 -8.70866
29.61 -8.70952
29.64 -8.71039
29.67 -8.71128
29.7 -8.71218
29.73 -8.71311
29.76 -8.71405
29.79 -8.71501
29.82 -8.71599
29.85 -8.71698
29.88 -8.718
29.91 -8.71903
29.94 -8.72008
29.97 -8.72115
30 -8.72224
30.001 -10
