0 -10
0.03 -9.79159
0.06 -9.78988
0.09 -9.78814
0.12 -9.78637
0.15 -9.78458
0.18 -9.78276
0.21 -9.78091
0.24 -9.77904
0.27 -9.77713
0.3 -9.77519
0.33 -9.77322
0.36 -9.77122
0.39 -9.76919
0.42 -9.76712
0.45 -9.76502
0.48 -9.76288
0.51 -9.76071
0.54 -9.75851
0.57 -9.75626
0.6 -9.75398
0.63 -9.75167
0.66 -9.74931
0.69 -9.74691
0.72 -9.74447
0.75 -9.742
0.78 -9.73948
0.81 -9.73692
0.84 -9.73431
0.87 -9.73166
0.9 -9.72897
0.93 -9.72623
0.96 -9.72344
0.99 -9.72061
1.02 -9.71773
1.05 -9.7148
1.08 -9.71183
1.11 -9.7088
1.14 -9.70572
1.17 -9.7026
1.2 -9.69942
1.23 -9.69618
1.26 -9.6929
1.29 -9.68955
1.32 -9.68616
1.35 -9.68271
1.38 -9.6792
1.41 -9.67563
1.44 -9.67201
1.47 -9.66833
1.5 -9.66459
1.53 -9.66079
1.56 -9.65692
1.59 -9.653
1.62 -9.64902
1.65 -9.64497
1.68 -9.64086
1.71 -9.63668
1.74 -9.63244
1.77 -9.62813
1.8 -9.62376
1.83 -9.61932
1.86 -9.61482
1.89 -9.61024
1.92 -9.6056
1.95 -9.60088
1.98 -9.5961
2.01 -9.59124
2.04 -9.58632
2.07 -9.58132
2.1 -9.57625
2.13 -9.57111
2.16 -9.56589
2.19 -9.5606
2.22 -9.55523
2.25 -9.54978
2.28 -9.54426
2.31 -9.53867
2.34 -9.53299
2.37 -9.52724
2.4 -9.52141
2.43 -9.51549
2.46 -9.5095
2.49 -9.50343
2.52 -9.49728
2.55 -9.49104
2.58 -9.48473
2.61 -9.47833
2.64 -9.47184
2.67 -9.46528
2.7 -9.45862
2.73 -9.45189
2.76 -9.44507
2.79 -9.43816
2.82 -9.43117
2.85 -9.42409
2.88 -9.41692
2.91 -9.40967
2.94 -9.40232
2.97 -9.39489
3 -9.38737
3.03 -9.37977
3.06 -9.37207
3.09 -9.36428
3.12 -9.3564
3.15 -9.34844
3.18 -9.34038
3.21 -9.33223
3.24 -9.32399
3.27 -9.31566
3.3 -9.30724
3.33 -9.29873
3.36 -9.29012
3.39 -9.28143
3.42 -9.27264
3.45 -9.26377
3.48 -9.2548
3.51 -9.24574
3.54 -9.23659
3.57 -9.22735
3.6 -9.21802
3.63 -9.20859
3.66 -9.19908
3.69 -9.18948
3.72 -9.17979
3.75 -9.17002
3.78 -9.16015
3.81 -9.1502
3.84 -9.14016
3.87 -9.13003
3.9 -9.11982
3.93 -9.10952
3.96 -9.09914
3.99 -9.08868
4.02 -9.07814
4.05 -9.06751
4.08 -9.05681
4.11 -9.04602
4.14 -9.03516
4.17 -9.02422
4.2 -9.01321
4.23 -9.00213
4.26 -8.99097
4.29 -8.97974
4.32 -8.96844
4.35 -8.95708
4.38 -8.94565
4.41 -8.93415
4.44 -8.9226
4.47 -8.91098
4.5 -8.8993
4.53 -8.88757
4.56 -8.87579
4.59 -8.86395
4.62 -8.85206
4.65 -8.84012
4.68 -8.82813
4.71 -8.81611
4.74 -8.80404
4.77 -8.79192
4.8 -8.77978
4.83 -8.76759
4.86 -8.75538
4.89 -8.74313
4.92 -8.73086
4.95 -8.71856
4.98 -8.70624
5.01 -8.69389
5.04 -8.68153
5.07 -8.66915
5.1 -8.65676
5.13 -8.64435
5.16 -8.63194
5.19 -8.61952
5.22 -8.60709
5.25 -8.59466
5.28 -8.58223
5.31 -8.56981
5.34 -8.55738
5.37 -8.54497
5.4 -8.53256
5.43 -8.52016
5.46 -8.50778
5.49 -8.49541
5.52 -8.48305
5.55 -8.47071
5.58 -8.4584
5.61 -8.4461
5.64 -8.43383
5.67 -8.42158
5.7 -8.40936
5.73 -8.39717
5.76 -8.38501
5.79 -8.37288
5.82 -8.36078
5.85 -8.34871
5.88 -8.33668
5.91 -8.32468
5.94 -8.31272
5.97 -8.3008
6 -8.28892
6.03 -8.27708
6.06 -8.26528
6.09 -8.25352
6.12 -8.2418
6.15 -8.23013
6.18 -8.2185
6.21 -8.20691
6.24 -8.19537
6.27 -8.18388
6.3 -8.17243
6.33 -8.16103
6.36 -8.14968
6.39 -8.13837
6.42 -8.12711
6.45 -8.1159
6.48 -8.10474
6.51 -8.09363
6.54 -8.08256
6.57 -8.07155
6.6 -8.06058
6.63 -8.04967
6.66 -8.0388
6.69 -8.02799
6.72 -8.01722
6.75 -8.0065
6.78 -7.99584
6.81 -7.98522
6.84 -7.97466
6.87 -7.96414
6.9 -7.95368
6.93 -7.94327
6.96 -7.9329
6.99 -7.92259
7.02 -7.91233
7.05 -7.90212
7.08 -7.89195
7.11 -7.88184
7.14 -7.87178
7.17 -7.86177
7.2 -7.85181
7.23 -7.8419
7.26 -7.83204
7.29 -7.82223
7.32 -7.81247
7.35 -7.80276
7.38 -7.7931
7.41 -7.78349
7.44 -7.77393
7.47 -7.76441
7.5 -7.75495
7.53 -7.74554
7.56 -7.73618
7.59 -7.72686
7.62 -7.7176
7.65 -7.70838
7.68 -7.69922
7.71 -7.6901
7.74 -7.68103
7.77 -7.67201
7.8 -7.66304
7.83 -7.65412
7.86 -7.64524
7.89 -7.63642
7.92 -7.62764
7.95 -7.61891
7.98 -7.61023
8.01 -7.6016
8.04 -7.59301
8.07 -7.58447
8.1 -7.57599
8.13 -7.56754
8.16 -7.55915
8.19 -7.5508
8.22 -7.5425
8.25 -7.53425
8.28 -7.52604
8.31 -7.51788
8.34 -7.50977
8.37 -7.50171
8.4 -7.49369
8.43 -7.48571
8.46 -7.47779
8.49 -7.4699
8.52 -7.46207
8.55 -7.45428
8.58 -7.44653
8.61 -7.43884
8.64 -7.43118
8.67 -7.42357
8.7 -7.41601
8.73 -7.40849
8.76 -7.40101
8.79 -7.39358
8.82 -7.3862
8.85 -7.37885
8.88 -7.37155
8.91 -7.3643
8.94 -7.35709
8.97 -7.34992
9 -7.34279
9.03 -7.33571
9.06 -7.32867
9.09 -7.32167
9.12 -7.31471
9.15 -7.3078
9.18 -7.30092
9.21 -7.29409
9.24 -7.2873
9.27 -7.28055
9.3 -7.27384
9.33 -7.26718
9.36 -7.26055
9.39 -7.25396
9.42 -7.24741
9.45 -7.2409
9.48 -7.23444
9.51 -7.22801
9.54 -7.22162
9.57 -7.21526
9.6 -7.20895
9.63 -7.20268
9.66 -7.19644
9.69 -7.19024
9.72 -7.18408
9.75 -7.17795
9.78 -7.17187
9.81 -7.16582
9.84 -7.1598
9.87 -7.15382
9.9 -7.14788
9.93 -7.14198
9.96 -7.13611
9.99 -7.13027
10.02 -7.12447
10.05 -7.11871
10.08 -7.11298
10.11 -7.10728
10.14 -7.10162
10.17 -7.09599
10.2 -7.09039
10.23 -7.08483
10.26 -7.07931
10.29 -7.07381
10.32 -7.06835
10.35 -7.06292
10.38 -7.05752
10.41 -7.05215
10.44 -7.04682
10.47 -7.04152
10.5 -7.03625
10.53 -7.03101
10.56 -7.0258
10.59 -7.02062
10.62 -7.01547
10.65 -7.01035
10.68 -7.00526
10.71 -7.0002
10.74 -6.99517
10.77 -6.99017
10.8 -6.98519
10.83 -6.98025
10.86 -6.97533
10.89 -6.97045
10.92 -6.96559
10.95 -6.96076
10.98 -6.95595
11.01 -6.95118
11.04 -6.94643
11.07 -6.9417
11.1 -6.93701
11.13 -6.93234
11.16 -6.92769
11.19 -6.92308
11.22 -6.91848
11.25 -6.91392
11.28 -6.90938
11.31 -6.90486
11.34 -6.90037
11.37 -6.8959
11.4 -6.89146
11.43 -6.88704
11.46 -6.88265
11.49 -6.87828
11.52 -6.87394
11.55 -6.86961
11.58 -6.86532
11.61 -6.86104
11.64 -6.85679
11.67 -6.85256
11.7 -6.84835
11.73 -6.84416
11.76 -6.84
11.79 -6.83586
11.82 -6.83174
11.85 -6.82764
11.88 -6.82357
11.91 -6.81951
11.94 -6.81548
11.97 -6.81147
12 -6.80747
12.03 -6.8035
12.06 -6.79955
12.09 -6.79562
12.12 -6.79171
12.15 -6.78782
12.18 -6.78395
12.21 -6.7801
12.24 -6.77626
12.27 -6.77245
12.3 -6.76865
12.33 -6.76488
12.36 -6.76112
12.39 -6.75738
12.42 -6.75366
12.45 -6.74996
12.48 -6.74628
12.51 -6.74261
12.54 -6.73897
12.57 -6.73534
12.6 -6.73172
12.63 -6.72813
12.66 -6.72455
12.69 -6.72099
12.72 -6.71744
12.75 -6.71392
12.78 -6.71041
12.81 -6.70691
12.84 -6.70343
12.87 -6.69997
12.9 -6.69653
12.93 -6.6931
12.96 -6.68968
12.99 -6.68628
13.02 -6.6829
13.05 -6.67953
13.08 -6.67618
13.11 -6.67284
13.14 -6.66952
13.17 -6.66621
13.2 -6.66292
13.23 -6.65964
13.26 -6.65638
13.29 -6.65313
13.32 -6.6499
13.35 -6.64668
13.38 -6.64347
13.41 -6.64028
13.44 -6.6371
13.47 -6.63393
13.5 -6.63078
13.53 -6.62764
13.56 -6.62452
13.59 -6.62141
13.62 -6.61831
13.65 -6.61522
13.68 -6.61215
13.71 -6.60909
13.74 -6.60604
13.77 -6.60301
13.8 -6.59999
13.83 -6.59698
13.86 -6.59398
13.89 -6.591
13.92 -6.58802
13.95 -6.58506
13.98 -6.58211
14.01 -6.57918
14.04 -6.57625
14.07 -6.57334
14.1 -6.57043
14.13 -6.56754
14.16 -6.56466
14.19 -6.56179
14.22 -6.55894
14.25 -6.55609
14.28 -6.55325
14.31 -6.55043
14.34 -6.54762
14.37 -6.54481
14.4 -6.54202
14.43 -6.53924
14.46 -6.53647
14.49 -6.53371
14.52 -6.53096
14.55 -6.52821
14.58 -6.52548
14.61 -6.52276
14.64 -6.52005
14.67 -6.51735
14.7 -6.51466
14.73 -6.51198
14.76 -6.50931
14.79 -6.50665
14.82 -6.50399
14.85 -6.50135
14.88 -6.49872
14.91 -6.49609
14.94 -6.49348
14.97 -6.49087
15 -6.48827
15.03 -6.48569
15.06 -6.48311
15.09 -6.48054
15.12 -6.47797
15.15 -6.47542
15.18 -6.47288
15.21 -6.47034
15.24 -6.46781
15.27 -6.4653
15.3 -6.46279
15.33 -6.46028
15.36 -6.45779
15.39 -6.4553
15.42 -6.45283
15.45 -6.45036
15.48 -6.44789
15.51 -6.44544
15.54 -6.443
15.57 -6.44056
15.6 -6.43813
15.63 -6.4357
15.66 -6.43329
15.69 -6.43088
15.72 -6.42848
15.75 -6.42609
15.78 -6.42371
15.81 -6.42133
15.84 -6.41896
15.87 -6.4166
15.9 -6.41424
15.93 -6.41189
15.96 -6.40955
15.99 -6.40721
16.02 -6.40489
16.05 -6.40257
16.08 -6.40025
16.11 -6.39795
16.14 -6.39565
16.17 -6.39335
16.2 -6.39107
16.23 -6.38879
16.26 -6.38651
16.29 -6.38425
16.32 -6.38199
16.35 -6.37973
16.38 -6.37748
16.41 -6.37524
16.44 -6.37301
16.47 -6.37078
16.5 -6.36856
16.53 -6.36634
16.56 -6.36413
16.59 -6.36193
16.62 -6.35973
16.65 -6.35754
16.68 -6.35535
16.71 -6.35317
16.74 -6.351
16.77 -6.34883
16.8 -6.34667
16.83 -6.34451
16.86 -6.34236
16.89 -6.34021
16.92 -6.33807
16.95 -6.33594
16.98 -6.33381
17.01 -6.33169
17.04 -6.32957
17.07 -6.32746
17.1 -6.32535
17.13 -6.32325
17.16 -6.32115
17.19 -6.31906
17.22 -6.31698
17.25 -6.3149
17.28 -6.31282
17.31 -6.31075
17.34 -6.30869
17.37 -6.30663
17.4 -6.30457
17.43 -6.30252
17.46 -6.30048
17.49 -6.29844
17.52 -6.2964
17.55 -6.29437
17.58 -6.29235
17.61 -6.29033
17.64 -6.28831
17.67 -6.2863
17.7 -6.28429
17.73 -6.28229
17.76 -6.2803
17.79 -6.2783
17.82 -6.27632
17.85 -6.27433
17.88 -6.27236
17.91 -6.27038
17.94 -6.26841
17.97 -6.26645
18 -6.26449
18.03 -6.26253
18.06 -6.26058
18.09 -6.25863
18.12 -6.25669
18.15 -6.25475
18.18 -6.25282
18.21 -6.25089
18.24 -6.24896
18.27 -6.24704
18.3 -6.24512
18.33 -6.24321
18.36 -6.2413
18.39 -6.2394
18.42 -6.23749
18.45 -6.2356
18.48 -6.2337
18.51 -6.23182
18.54 -6.22993
18.57 -6.22805
18.6 -6.22617
18.63 -6.2243
18.66 -6.22243
18.69 -6.22056
18.72 -6.2187
18.75 -6.21684
18.78 -6.21499
18.81 -6.21314
18.84 -6.21129
18.87 -6.20945
18.9 -6.20761
18.93 -6.20577
18.96 -6.20394
18.99 -6.20211
19.02 -6.20029
19.05 -6.19847
19.08 -6.19665
19.11 -6.19484
19.14 -6.19303
19.17 -6.19122
19.2 -6.18942
19.23 -6.18762
19.26 -6.18582
19.29 -6.18403
19.32 -6.18224
19.35 -6.18045
19.38 -6.17867
19.41 -6.17689
19.44 -6.17511
19.47 -6.17334
19.5 -6.17157
19.53 -6.1698
19.56 -6.16804
19.59 -6.16628
19.62 -6.16452
19.65 -6.16277
19.68 -6.16102
19.71 -6.15927
19.74 -6.15753
19.77 -6.15579
19.8 -6.15405
19.83 -6.15232
19.86 -6.15059
19.89 -6.14886
19.92 -6.14713
19.95 -6.14541
19.98 -6.14369
20.01 -6.14198
20.04 -6.14026
20.07 -6.13855
20.1 -6.13685
20.13 -6.13514
20.16 -6.13344
20.19 -6.13174
20.22 -6.13005
20.25 -6.12835
20.28 -6.12666
20.31 -6.12498
20.34 -6.12329
20.37 -6.12161
20.4 -6.11994
20.43 -6.11826
20.46 -6.11659
20.49 -6.11492
20.52 -6.11325
20.55 -6.11159
20.58 -6.10993
20.61 -6.10827
20.64 -6.10661
20.67 -6.10496
20.7 -6.10331
20.73 -6.10166
20.76 -6.10001
20.79 -6.09837
20.82 -6.09673
20.85 -6.0951
20.88 -6.09346
20.91 -6.09183
20.94 -6.0902
20.97 -6.08857
21 -6.08695
21.03 -6.08533
21.06 -6.08371
21.09 -6.08209
21.12 -6.08048
21.15 -6.07887
21.18 -6.07726
21.21 -6.07565
21.24 -6.07405
21.27 -6.07245
21.3 -6.07085
21.33 -6.06926
21.36 -6.06766
21.39 -6.06607
21.42 -6.06448
21.45 -6.0629
21.48 -6.06132
21.51 -6.05973
21.54 -6.05816
21.57 -6.05658
21.6 -6.05501
21.63 -6.05344
21.66 -6.05187
21.69 -6.0503
21.72 -6.04874
21.75 -6.04718
21.78 -6.04562
21.81 -6.04406
21.84 -6.04251
21.87 -6.04096
21.9 -6.03941
21.93 -6.03786
21.96 -6.03632
21.99 -6.03478
22.02 -6.03324
22.05 -6.0317
22.08 -6.03017
22.11 -6.02864
22.14 -6.02711
22.17 -6.02558
22.2 -6.02406
22.23 -6.02253
22.26 -6.02101
22.29 -6.0195
22.32 -6.01798
22.35 -6.01647
22.38 -6.01496
22.41 -6.01346
22.44 -6.01195
22.47 -6.01045
22.5 -6.00895
22.53 -6.00745
22.56 -6.00596
22.59 -6.00447
22.62 -6.00298
22.65 -6.00149
22.68 -6.00001
22.71 -5.99853
22.74 -5.99705
22.77 -5.99557
22.8 -5.9941
22.83 -5.99263
22.86 -5.99116
22.89 -5.9897
22.92 -5.98824
22.95 -5.98678
22.98 -5.98532
23.01 -5.98387
23.04 -5.98242
23.07 -5.98097
23.1 -5.97953
23.13 -5.97809
23.16 -5.97665
23.19 -5.97521
23.22 -5.97378
23.25 -5.97235
23.28 -5.97093
23.31 -5.96951
23.34 -5.96809
23.37 -5.96667
23.4 -5.96526
23.43 -5.96385
23.46 -5.96244
23.49 -5.96104
23.52 -5.95965
23.55 -5.95825
23.58 -5.95686
23.61 -5.95547
23.64 -5.95409
23.67 -5.95271
23.7 -5.95134
23.73 -5.94997
23.76 -5.9486
23.79 -5.94724
23.82 -5.94588
23.85 -5.94453
23.88 -5.94318
23.91 -5.94184
23.94 -5.9405
23.97 -5.93917
24 -5.93784
24.03 -5.93651
24.06 -5.9352
24.09 -5.93388
24.12 -5.93258
24.15 -5.93127
24.18 -5.92998
24.21 -5.92869
24.24 -5.9274
24.27 -5.92613
24.3 -5.92486
24.33 -5.92359
24.36 -5.92233
24.39 -5.92108
24.42 -5.91984
24.45 -5.9186
24.48 -5.91737
24.51 -5.91615
24.54 -5.91494
24.57 -5.91373
24.6 -5.91253
24.63 -5.91134
24.66 -5.91016
24.69 -5.90899
24.72 -5.90783
24.75 -5.90668
24.78 -5.90554
24.81 -5.9044
24.84 -5.90328
24.87 -5.90217
24.9 -5.90107
24.93 -5.89998
24.96 -5.8989
24.99 -5.89784
25.02 -5.89679
25.05 -5.89575
25.08 -5.89472
25.11 -5.8937
25.14 -5.8927
25.17 -5.89172
25.2 -5.89075
25.23 -5.88979
25.26 -5.88885
25.29 -5.88793
25.32 -5.88702
25.35 -5.88613
25.38 -5.88525
25.41 -5.8844
25.44 -5.88356
25.47 -5.88274
25.5 -5.88194
25.53 -5.88116
25.56 -5.88041
25.59 -5.87967
25.62 -5.87895
25.65 -5.87826
25.68 -5.87759
25.71 -5.87695
25.74 -5.87633
25.77 -5.87574
25.8 -5.87517
25.83 -5.87463
25.86 -5.87411
25.89 -5.87363
25.92 -5.87317
25.95 -5.87274
25.98 -5.87235
26.01 -5.87199
26.04 -5.87165
26.07 -5.87136
26.1 -5.8711
26.13 -5.87087
26.16 -5.87068
26.19 -5.87052
26.22 -5.87041
26.25 -5.87034
26.28 -5.8703
26.31 -5.87031
26.34 -5.87036
26.37 -5.87045
26.4 -5.87059
26.43 -5.87078
26.46 -5.87101
26.49 -5.87129
26.52 -5.87162
26.55 -5.87201
26.58 -5.87244
26.61 -5.87293
26.64 -5.87347
26.67 -5.87407
26.7 -5.87473
26.73 -5.87545
26.76 -5.87622
26.79 -5.87706
26.82 -5.87797
26.85 -5.87893
26.88 -5.87996
26.91 -5.88106
26.94 -5.88223
26.97 -5.88347
27 -5.88478
27.03 -5.88617
27.06 -5.88763
27.09 -5.88916
27.12 -5.89078
27.15 -5.89247
27.18 -5.89424
27.21 -5.8961
27.24 -5.89804
27.27 -5.90006
27.3 -5.90217
27.33 -5.90437
27.36 -5.90665
27.39 -5.90903
27.42 -5.9115
27.45 -5.91407
27.48 -5.91673
27.51 -5.91948
27.54 -5.92233
27.57 -5.92528
27.6 -5.92834
27.63 -5.93149
27.66 -5.93474
27.69 -5.9381
27.72 -5.94156
27.75 -5.94513
27.78 -5.9488
27.81 -5.95258
27.84 -5.95647
27.87 -5.96047
27.9 -5.96458
27.93 -5.9688
27.96 -5.97313
27.99 -5.97757
28.02 -5.98212
28.05 -5.98679
28.08 -5.99157
28.11 -5.99646
28.14 -6.00146
28.17 -6.00658
28.2 -6.01181
28.23 -6.01716
28.26 -6.02262
28.29 -6.02819
28.32 -6.03387
28.35 -6.03967
28.38 -6.04558
28.41 -6.0516
28.44 -6.05773
28.47 -6.06397
28.5 -6.07032
28.53 -6.07677
28.56 -6.08334
28.59 -6.09001
28.62 -6.09678
28.65 -6.10366
28.68 -6.11064
28.71 -6.11773
28.74 -6.12491
28.77 -6.13219
28.8 -6.13956
28.83 -6.14703
28.86 -6.15459
28.89 -6.16224
28.92 -6.16998
28.95 -6.17781
28.98 -6.18572
29.01 -6.19372
29.04 -6.20179
29.07 -6.20994
29.1 -6.21817
29.13 -6.22647
29.16 -6.23484
29.19 -6.24328
29.22 -6.25178
29.25 -6.26035
29.28 -6.26898
29.31 -6.27767
29.34 -6.28641
29.37 -6.2952
29.4 -6.30405
29.43 -6.31294
29.46 -6.32188
29.49 -6.33086
29.52 -6.33988
29.55 -6.34894
29.58 -6.35803
29.61 -6.36715
29.64 -6.3763
29.67 -6.38548
29.7 -6.39468
29.73 -6.40391
29.76 -6.41315
29.79 -6.42241
29.82 -6.43168
29.85 -6.44097
29.88 -6.45026
29.91 -6.45956
29.94 -6.46886
29.97 -6.47817
30 -6.48748
30.001 -10
