0 0
0.03 0.617595
0.06 0.61834
0.09 0.619085
0.12 0.61983
0.15 0.620576
0.18 0.621322
0.21 0.622068
0.24 0.622815
0.27 0.623561
0.3 0.624308
0.33 0.625056
0.36 0.625803
0.39 0.626551
0.42 0.627299
0.45 0.628048
0.48 0.628796
0.51 0.629545
0.54 0.630294
0.57 0.631044
0.6 0.631793
0.63 0.632543
0.66 0.633294
0.69 0.634044
0.72 0.634795
0.75 0.635546
0.78 0.636297
0.81 0.637049
0.84 0.6378
0.87 0.638552
0.9 0.639305
0.93 0.640057
0.96 0.64081
0.99 0.641563
1.02 0.642316
1.05 0.64307
1.08 0.643824
1.11 0.644578
1.14 0.645332
1.17 0.646087
1.2 0.646841
1.23 0.647596
1.26 0.648352
1.29 0.649107
1.32 0.649863
1.35 0.650619
1.38 0.651375
1.41 0.652132
1.44 0.652889
1.47 0.653646
1.5 0.654403
1.53 0.655161
1.56 0.655918
1.59 0.656676
1.62 0.657435
1.65 0.658193
1.68 0.658952
1.71 0.659711
1.74 0.66047
1.77 0.661229
1.8 0.661989
1.83 0.662749
1.86 0.663509
1.89 0.66427
1.92 0.66503
1.95 0.665791
1.98 0.666552
2.01 0.667314
2.04 0.668075
2.07 0.668837
2.1 0.669599
2.13 0.670361
2.16 0.671124
2.19 0.671887
2.22 0.67265
2.25 0.673413
2.28 0.674176
2.31 0.67494
2.34 0.675704
2.37 0.676468
2.4 0.677233
2.43 0.677997
2.46 0.678762
2.49 0.679527
2.52 0.680292
2.55 0.681058
2.58 0.681824
2.61 0.68259
2.64 0.683356
2.67 0.684122
2.7 0.684889
2.73 0.685656
2.76 0.686423
2.79 0.68719
2.82 0.687958
2.85 0.688726
2.88 0.689494
2.91 0.690262
2.94 0.69103
2.97 0.691799
3 0.692568
3.03 0.693337
3.06 0.694107
3.09 0.694876
3.12 0.695646
3.15 0.696416
3.18 0.697186
3.21 0.697957
3.24 0.698727
3.27 0.699498
3.3 0.700269
3.33 0.701041
3.36 0.701812
3.39 0.702584
3.42 0.703356
3.45 0.704128
3.48 0.704901
3.51 0.705673
3.54 0.706446
3.57 0.707219
3.6 0.707993
3.63 0.708766
3.66 0.70954
3.69 0.710314
3.72 0.711088
3.75 0.711862
3.78 0.712637
3.81 0.713412
3.84 0.714187
3.87 0.714962
3.9 0.715738
3.93 0.716513
3.96 0.717289
3.99 0.718065
4.02 0.718842
4.05 0.719618
4.08 0.720395
4.11 0.721172
4.14 0.721949
4.17 0.722727
4.2 0.723504
4.23 0.724282
4.26 0.72506
4.29 0.725838
4.32 0.726617
4.35 0.727396
4.38 0.728174
4.41 0.728954
4.44 0.729733
4.47 0.730512
4.5 0.731292
4.53 0.732072
4.56 0.732852
4.59 0.733633
4.62 0.734413
4.65 0.735194
4.68 0.735975
4.71 0.736757
4.74 0.737538
4.77 0.73832
4.8 0.739102
4.83 0.739884
4.86 0.740666
4.89 0.741449
4.92 0.742232
4.95 0.743015
4.98 0.743798
5.01 0.744581
5.04 0.745365
5.07 0.746149
5.1 0.746933
5.13 0.747717
5.16 0.748502
5.19 0.749286
5.22 0.750071
5.25 0.750856
5.28 0.751642
5.31 0.752427
5.34 0.753213
5.37 0.753999
5.4 0.754785
5.43 0.755572
5.46 0.756359
5.49 0.757145
5.52 0.757933
5.55 0.75872
5.58 0.759507
5.61 0.760295
5.64 0.761083
5.67 0.761872
5.7 0.76266
5.73 0.763449
5.76 0.764238
5.79 0.765027
5.82 0.765816
5.85 0.766606
5.88 0.767395
5.91 0.768185
5.94 0.768976
5.97 0.769766
6 0.770557
6.03 0.771348
6.06 0.772139
6.09 0.77293
6.12 0.773722
6.15 0.774514
6.18 0.775306
6.21 0.776098
6.24 0.776891
6.27 0.777683
6.3 0.778476
6.33 0.77927
6.36 0.780063
6.39 0.780857
6.42 0.781651
6.45 0.782445
6.48 0.783239
6.51 0.784034
6.54 0.784829
6.57 0.785624
6.6 0.786419
6.63 0.787215
6.66 0.788011
6.69 0.788807
6.72 0.789603
6.75 0.7904
6.78 0.791196
6.81 0.791993
6.84 0.792791
6.87 0.793588
6.9 0.794386
6.93 0.795184
6.96 0.795982
6.99 0.796781
7.02 0.79758
7.05 0.798379
7.08 0.799178
7.11 0.799978
7.14 0.800777
7.17 0.801577
7.2 0.802378
7.23 0.803178
7.26 0.803979
7.29 0.80478
7.32 0.805582
7.35 0.806383
7.38 0.807185
7.41 0.807987
7.44 0.80879
7.47 0.809592
7.5 0.810395
7.53 0.811199
7.56 0.812002
7.59 0.812806
7.62 0.81361
7.65 0.814414
7.68 0.815219
7.71 0.816024
7.74 0.816829
7.77 0.817634
7.8 0.81844
7.83 0.819246
7.86 0.820052
7.89 0.820859
7.92 0.821666
7.95 0.822473
7.98 0.82328
8.01 0.824088
8.04 0.824896
8.07 0.825704
8.1 0.826513
8.13 0.827322
8.16 0.828131
8.19 0.82894
8.22 0.82975
8.25 0.83056
8.28 0.831371
8.31 0.832181
8.34 0.832993
8.37 0.833804
8.4 0.834616
8.43 0.835428
8.46 0.83624
8.49 0.837052
8.52 0.837865
8.55 0.838679
8.58 0.839492
8.61 0.840306
8.64 0.84112
8.67 0.841935
8.7 0.84275
8.73 0.843565
8.76 0.844381
8.79 0.845197
8.82 0.846013
8.85 0.846829
8.88 0.847646
8.91 0.848464
8.94 0.849281
8.97 0.850099
9 0.850918
9.03 0.851736
9.06 0.852555
9.09 0.853375
9.12 0.854195
9.15 0.855015
9.18 0.855835
9.21 0.856656
9.24 0.857477
9.27 0.858299
9.3 0.859121
9.33 0.859943
9.36 0.860766
9.39 0.861589
9.42 0.862413
9.45 0.863237
9.48 0.864061
9.51 0.864886
9.54 0.865711
9.57 0.866536
9.6 0.867362
9.63 0.868189
9.66 0.869015
9.69 0.869843
9.72 0.87067
9.75 0.871498
9.78 0.872326
9.81 0.873155
9.84 0.873985
9.87 0.874814
9.9 0.875644
9.93 0.876475
9.96 0.877306
9.99 0.878137
10.02 0.878969
10.05 0.879801
10.08 0.880634
10.11 0.881467
10.14 0.882301
10.17 0.883135
10.2 0.88397
10.23 0.884805
10.26 0.88564
10.29 0.886476
10.32 0.887313
10.35 0.88815
10.38 0.888987
10.41 0.889825
10.44 0.890664
10.47 0.891502
10.5 0.892342
10.53 0.893182
10.56 0.894022
10.59 0.894863
10.62 0.895705
10.65 0.896547
10.68 0.897389
10.71 0.898232
10.74 0.899076
10.77 0.89992
10.8 0.900764
10.83 0.901609
10.86 0.902455
10.89 0.903301
10.92 0.904148
10.95 0.904995
10.98 0.905843
11.01 0.906692
11.04 0.907541
11.07 0.90839
11.1 0.909241
11.13 0.910091
11.16 0.910943
11.19 0.911795
11.22 0.912647
11.25 0.9135
11.28 0.914354
11.31 0.915208
11.34 0.916063
11.37 0.916919
11.4 0.917775
11.43 0.918632
11.46 0.919489
11.49 0.920347
11.52 0.921206
11.55 0.922066
11.58 0.922926
11.61 0.923786
11.64 0.924648
11.67 0.92551
11.7 0.926372
11.73 0.927236
11.76 0.9281
11.79 0.928965
11.82 0.92983
11.85 0.930696
11.88 0.931563
11.91 0.932431
11.94 0.933299
11.97 0.934168
12 0.935037
12.03 0.935908
12.06 0.936779
12.09 0.937651
12.12 0.938524
12.15 0.939397
12.18 0.940271
12.21 0.941146
12.24 0.942022
12.27 0.942898
12.3 0.943776
12.33 0.944654
12.36 0.945533
12.39 0.946412
12.42 0.947293
12.45 0.948174
12.48 0.949056
12.51 0.949939
12.54 0.950823
12.57 0.951707
12.6 0.952593
12.63 0.953479
12.66 0.954366
12.69 0.955254
12.72 0.956143
12.75 0.957033
12.78 0.957924
12.81 0.958815
12.84 0.959708
12.87 0.960601
12.9 0.961495
12.93 0.96239
12.96 0.963286
12.99 0.964184
13.02 0.965082
13.05 0.96598
13.08 0.96688
13.11 0.967781
13.14 0.968683
13.17 0.969586
13.2 0.97049
13.23 0.971395
13.26 0.9723
13.29 0.973207
13.32 0.974115
13.35 0.975024
13.38 0.975934
13.41 0.976845
13.44 0.977757
13.47 0.97867
13.5 0.979584
13.53 0.980499
13.56 0.981415
13.59 0.982333
13.62 0.983251
13.65 0.984171
13.68 0.985091
13.71 0.986013
13.74 0.986936
13.77 0.98786
13.8 0.988786
13.83 0.989712
13.86 0.99064
13.89 0.991568
13.92 0.992498
13.95 0.993429
13.98 0.994362
14.01 0.995295
14.04 0.99623
14.07 0.997166
14.1 0.998103
14.13 0.999042
14.16 0.999982
14.19 1.00092
14.22 1.00187
14.25 1.00281
14.28 1.00375
14.31 1.0047
14.34 1.00565
14.37 1.0066
14.4 1.00755
14.43 1.0085
14.46 1.00945
14.49 1.01041
14.52 1.01136
14.55 1.01232
14.58 1.01328
14.61 1.01424
14.64 1.0152
14.67 1.01616
14.7 1.01713
14.73 1.01809
14.76 1.01906
14.79 1.02003
14.82 1.021
14.85 1.02197
14.88 1.02294
14.91 1.02392
14.94 1.02489
14.97 1.02587
15 1.02685
15.03 1.02783
15.06 1.02881
15.09 1.0298
15.12 1.03078
15.15 1.03177
15.18 1.03276
15.21 1.03375
15.24 1.03474
15.27 1.03574
15.3 1.03673
15.33 1.03773
15.36 1.03873
15.39 1.03973
15.42 1.04073
15.45 1.04174
15.48 1.04274
15.51 1.04375
15.54 1.04476
15.57 1.04577
15.6 1.04679
15.63 1.0478
15.66 1.04882
15.69 1.04984
15.72 1.05086
15.75 1.05188
15.78 1.0529
15.81 1.05393
15.84 1.05496
15.87 1.05599
15.9 1.05702
15.93 1.05806
15.96 1.05909
15.99 1.06013
16.02 1.06117
16.05 1.06221
16.08 1.06326
16.11 1.0643
16.14 1.06535
16.17 1.0664
16.2 1.06746
16.23 1.06851
16.26 1.06957
16.29 1.07063
16.32 1.07169
16.35 1.07275
16.38 1.07382
16.41 1.07489
16.44 1.07596
16.47 1.07703
16.5 1.0781
16.53 1.07918
16.56 1.08026
16.59 1.08134
16.62 1.08242
16.65 1.08351
16.68 1.0846
16.71 1.08569
16.74 1.08678
16.77 1.08788
16.8 1.08898
16.83 1.09008
16.86 1.09118
16.89 1.09229
16.92 1.0934
16.95 1.09451
16.98 1.09562
17.01 1.09674
17.04 1.09785
17.07 1.09898
17.1 1.1001
17.13 1.10123
17.16 1.10235
17.19 1.10349
17.22 1.10462
17.25 1.10576
17.28 1.1069
17.31 1.10804
17.34 1.10919
17.37 1.11033
17.4 1.11149
17.43 1.11264
17.46 1.1138
17.49 1.11496
17.52 1.11612
17.55 1.11728
17.58 1.11845
17.61 1.11962
17.64 1.1208
17.67 1.12198
17.7 1.12316
17.73 1.12434
17.76 1.12553
17.79 1.12672
17.82 1.12791
17.85 1.1291
17.88 1.1303
17.91 1.13151
17.94 1.13271
17.97 1.13392
18 1.13513
18.03 1.13635
18.06 1.13757
18.09 1.13879
18.12 1.14001
18.15 1.14124
18.18 1.14247
18.21 1.14371
18.24 1.14495
18.27 1.14619
18.3 1.14743
18.33 1.14868
18.36 1.14994
18.39 1.15119
18.42 1.15245
18.45 1.15372
18.48 1.15498
18.51 1.15625
18.54 1.15753
18.57 1.15881
18.6 1.16009
18.63 1.16137
18.66 1.16266
18.69 1.16396
18.72 1.16525
18.75 1.16655
18.78 1.16786
18.81 1.16917
18.84 1.17048
18.87 1.1718
18.9 1.17312
18.93 1.17444
18.96 1.17577
18.99 1.1771
19.02 1.17844
19.05 1.17978
19.08 1.18113
19.11 1.18248
19.14 1.18383
19.17 1.18519
19.2 1.18655
19.23 1.18792
19.26 1.18929
19.29 1.19066
19.32 1.19204
19.35 1.19342
19.38 1.19481
19.41 1.1962
19.44 1.1976
19.47 1.199
19.5 1.20041
19.53 1.20182
19.56 1.20324
19.59 1.20466
19.62 1.20608
19.65 1.20751
19.68 1.20894
19.71 1.21038
19.74 1.21183
19.77 1.21328
19.8 1.21473
19.83 1.21619
19.86 1.21765
19.89 1.21912
19.92 1.22059
19.95 1.22207
19.98 1.22355
20.01 1.22504
20.04 1.22654
20.07 1.22803
20.1 1.22954
20.13 1.23105
20.16 1.23256
20.19 1.23408
20.22 1.2356
20.25 1.23714
20.28 1.23867
20.31 1.24021
20.34 1.24176
20.37 1.24331
20.4 1.24487
20.43 1.24643
20.46 1.248
20.49 1.24957
20.52 1.25115
20.55 1.25274
20.58 1.25433
20.61 1.25593
20.64 1.25753
20.67 1.25914
20.7 1.26075
20.73 1.26237
20.76 1.264
20.79 1.26563
20.82 1.26727
20.85 1.26891
20.88 1.27056
20.91 1.27222
20.94 1.27388
20.97 1.27555
21 1.27723
21.03 1.27891
21.06 1.28059
21.09 1.28229
21.12 1.28399
21.15 1.2857
21.18 1.28741
21.21 1.28913
21.24 1.29085
21.27 1.29259
21.3 1.29433
21.33 1.29607
21.36 1.29782
21.39 1.29958
21.42 1.30135
21.45 1.30312
21.48 1.3049
21.51 1.30669
21.54 1.30848
21.57 1.31028
21.6 1.31209
21.63 1.3139
21.66 1.31573
21.69 1.31755
21.72 1.31939
21.75 1.32123
21.78 1.32308
21.81 1.32494
21.84 1.32681
21.87 1.32868
21.9 1.33056
21.93 1.33244
21.96 1.33434
21.99 1.33624
22.02 1.33815
22.05 1.34007
22.08 1.34199
22.11 1.34393
22.14 1.34587
22.17 1.34781
22.2 1.34977
22.23 1.35173
22.26 1.35371
22.29 1.35568
22.32 1.35767
22.35 1.35967
22.38 1.36167
22.41 1.36368
22.44 1.3657
22.47 1.36773
22.5 1.36977
22.53 1.37181
22.56 1.37387
22.59 1.37593
22.62 1.378
22.65 1.38008
22.68 1.38216
22.71 1.38426
22.74 1.38636
22.77 1.38848
22.8 1.3906
22.83 1.39273
22.86 1.39487
22.89 1.39702
22.92 1.39917
22.95 1.40134
22.98 1.40351
23.01 1.4057
23.04 1.40789
23.07 1.41009
23.1 1.41231
23.13 1.41453
23.16 1.41676
23.19 1.419
23.22 1.42125
23.25 1.4235
23.28 1.42577
23.31 1.42805
23.34 1.43034
23.37 1.43263
23.4 1.43494
23.43 1.43726
23.46 1.43958
23.49 1.44192
23.52 1.44426
23.55 1.44662
23.58 1.44899
23.61 1.45136
23.64 1.45375
23.67 1.45615
23.7 1.45855
23.73 1.46097
23.76 1.4634
23.79 1.46584
23.82 1.46828
23.85 1.47074
23.88 1.47321
23.91 1.47569
23.94 1.47818
23.97 1.48069
24 1.4832
24.03 1.48572
24.06 1.48826
24.09 1.49081
24.12 1.49336
24.15 1.49593
24.18 1.49851
24.21 1.5011
24.24 1.50371
24.27 1.50632
24.3 1.50895
24.33 1.51158
24.36 1.51423
24.39 1.51689
24.42 1.51957
24.45 1.52225
24.48 1.52495
24.51 1.52766
24.54 1.53038
24.57 1.53311
24.6 1.53586
24.63 1.53861
24.66 1.54139
24.69 1.54417
24.72 1.54696
24.75 1.54977
24.78 1.55259
24.81 1.55543
24.84 1.55828
24.87 1.56114
24.9 1.56401
24.93 1.5669
24.96 1.5698
24.99 1.57271
25.02 1.57564
25.05 1.57858
25.08 1.58154
25.11 1.58451
25.14 1.58749
25.17 1.59049
25.2 1.5935
25.23 1.59653
25.26 1.59957
25.29 1.60263
25.32 1.6057
25.35 1.60878
25.38 1.61188
25.41 1.615
25.44 1.61813
25.47 1.62128
25.5 1.62444
25.53 1.62761
25.56 1.63081
25.59 1.63402
25.62 1.63724
25.65 1.64048
25.68 1.64374
25.71 1.64702
25.74 1.65031
25.77 1.65362
25.8 1.65694
25.83 1.66028
25.86 1.66364
25.89 1.66702
25.92 1.67042
25.95 1.67383
25.98 1.67726
26.01 1.68071
26.04 1.68418
26.07 1.68767
26.1 1.69117
26.13 1.6947
26.16 1.69824
26.19 1.7018
26.22 1.70539
26.25 1.70899
26.28 1.71261
26.31 1.71626
26.34 1.71992
26.37 1.7236
26.4 1.72731
26.43 1.73104
26.46 1.73479
26.49 1.73856
26.52 1.74235
26.55 1.74617
26.58 1.75
26.61 1.75386
26.64 1.75775
26.67 1.76165
26.7 1.76559
26.73 1.76954
26.76 1.77352
26.79 1.77752
26.82 1.78155
26.85 1.78561
26.88 1.78969
26.91 1.79379
26.94 1.79792
26.97 1.80208
27 1.80627
27.03 1.81048
27.06 1.81472
27.09 1.81899
27.12 1.82329
27.15 1.82761
27.18 1.83197
27.21 1.83635
27.24 1.84077
27.27 1.84521
27.3 1.84968
27.33 1.85419
27.36 1.85873
27.39 1.8633
27.42 1.8679
27.45 1.87254
27.48 1.8772
27.51 1.88191
27.54 1.88664
27.57 1.89141
27.6 1.89622
27.63 1.90106
27.66 1.90594
27.69 1.91086
27.72 1.91581
27.75 1.9208
27.78 1.92582
27.81 1.93089
27.84 1.936
27.87 1.94114
27.9 1.94633
27.93 1.95155
27.96 1.95682
27.99 1.96213
28.02 1.96748
28.05 1.97288
28.08 1.97831
28.11 1.9838
28.14 1.98932
28.17 1.9949
28.2 2.00051
28.23 2.00618
28.26 2.01189
28.29 2.01765
28.32 2.02346
28.35 2.02932
28.38 2.03522
28.41 2.04118
28.44 2.04719
28.47 2.05324
28.5 2.05935
28.53 2.06552
28.56 2.07173
28.59 2.078
28.62 2.08433
28.65 2.0907
28.68 2.09714
28.71 2.10363
28.74 2.11018
28.77 2.11678
28.8 2.12344
28.83 2.13017
28.86 2.13695
28.89 2.14379
28.92 2.15069
28.95 2.15765
28.98 2.16467
29.01 2.17175
29.04 2.1789
29.07 2.18611
29.1 2.19338
29.13 2.20072
29.16 2.20812
29.19 2.21558
29.22 2.22311
29.25 2.23071
29.28 2.23837
29.31 2.2461
29.34 2.2539
29.37 2.26176
29.4 2.26969
29.43 2.27769
29.46 2.28575
29.49 2.29388
29.52 2.30208
29.55 2.31035
29.58 2.31869
29.61 2.3271
29.64 2.33557
29.67 2.34412
29.7 2.35273
29.73 2.36141
29.76 2.37016
29.79 2.37898
29.82 2.38786
29.85 2.39682
29.88 2.40584
29.91 2.41493
29.94 2.42408
29.97 2.4333
30 2.44259
30.001 0
