0 5
0.03 5.10277
0.06 5.10572
0.09 5.1087
0.12 5.11171
0.15 5.11475
0.18 5.11782
0.21 5.12092
0.24 5.12405
0.27 5.12721
0.3 5.1304
0.33 5.13361
0.36 5.13686
0.39 5.14015
0.42 5.14346
0.45 5.1468
0.48 5.15017
0.51 5.15357
0.54 5.15701
0.57 5.16048
0.6 5.16397
0.63 5.1675
0.66 5.17106
0.69 5.17465
0.72 5.17828
0.75 5.18193
0.78 5.18562
0.81 5.18934
0.84 5.19309
0.87 5.19687
0.9 5.20069
0.93 5.20454
0.96 5.20842
0.99 5.21233
1.02 5.21628
1.05 5.22026
1.08 5.22428
1.11 5.22832
1.14 5.2324
1.17 5.23652
1.2 5.24067
1.23 5.24485
1.26 5.24906
1.29 5.25332
1.32 5.2576
1.35 5.26192
1.38 5.26628
1.41 5.27067
1.44 5.2751
1.47 5.27957
1.5 5.28407
1.53 5.28861
1.56 5.29318
1.59 5.29779
1.62 5.30244
1.65 5.30713
1.68 5.31186
1.71 5.31663
1.74 5.32143
1.77 5.32628
1.8 5.33116
1.83 5.33609
1.86 5.34106
1.89 5.34607
1.92 5.35112
1.95 5.35622
1.98 5.36135
2.01 5.36654
2.04 5.37176
2.07 5.37703
2.1 5.38235
2.13 5.38771
2.16 5.39312
2.19 5.39858
2.22 5.40408
2.25 5.40964
2.28 5.41524
2.31 5.4209
2.34 5.4266
2.37 5.43236
2.4 5.43816
2.43 5.44402
2.46 5.44994
2.49 5.45591
2.52 5.46193
2.55 5.46801
2.58 5.47415
2.61 5.48035
2.64 5.4866
2.67 5.49291
2.7 5.49929
2.73 5.50572
2.76 5.51222
2.79 5.51877
2.82 5.52539
2.85 5.53208
2.88 5.53883
2.91 5.54564
2.94 5.55253
2.97 5.55947
3 5.56649
3.03 5.57358
3.06 5.58073
3.09 5.58795
3.12 5.59525
3.15 5.60262
3.18 5.61006
3.21 5.61757
3.24 5.62515
3.27 5.63281
3.3 5.64055
3.33 5.64836
3.36 5.65624
3.39 5.6642
3.42 5.67224
3.45 5.68035
3.48 5.68854
3.51 5.69681
3.54 5.70515
3.57 5.71357
3.6 5.72208
3.63 5.73065
3.66 5.73931
3.69 5.74804
3.72 5.75685
3.75 5.76574
3.78 5.77471
3.81 5.78375
3.84 5.79287
3.87 5.80207
3.9 5.81134
3.93 5.82068
3.96 5.8301
3.99 5.83959
4.02 5.84915
4.05 5.85879
4.08 5.86849
4.11 5.87826
4.14 5.8881
4.17 5.89801
4.2 5.90798
4.23 5.91801
4.26 5.92811
4.29 5.93826
4.32 5.94847
4.35 5.95874
4.38 5.96906
4.41 5.97943
4.44 5.98985
4.47 6.00032
4.5 6.01083
4.53 6.02139
4.56 6.03198
4.59 6.04261
4.62 6.05327
4.65 6.06396
4.68 6.07468
4.71 6.08543
4.74 6.0962
4.77 6.10698
4.8 6.11778
4.83 6.1286
4.86 6.13942
4.89 6.15025
4.92 6.16108
4.95 6.17191
4.98 6.18274
5.01 6.19356
5.04 6.20436
5.07 6.21516
5.1 6.22593
5.13 6.23668
5.16 6.24741
5.19 6.25811
5.22 6.26878
5.25 6.27941
5.28 6.29001
5.31 6.30056
5.34 6.31107
5.37 6.32153
5.4 6.33194
5.43 6.3423
5.46 6.3526
5.49 6.36283
5.52 6.37301
5.55 6.38312
5.58 6.39317
5.61 6.40314
5.64 6.41304
5.67 6.42286
5.7 6.43261
5.73 6.44228
5.76 6.45186
5.79 6.46136
5.82 6.47078
5.85 6.4801
5.88 6.48934
5.91 6.49849
5.94 6.50754
5.97 6.51651
6 6.52537
6.03 6.53414
6.06 6.54281
6.09 6.55139
6.12 6.55986
6.15 6.56824
6.18 6.57651
6.21 6.58469
6.24 6.59276
6.27 6.60073
6.3 6.60859
6.33 6.61636
6.36 6.62402
6.39 6.63158
6.42 6.63904
6.45 6.64639
6.48 6.65364
6.51 6.66078
6.54 6.66783
6.57 6.67477
6.6 6.68161
6.63 6.68835
6.66 6.69499
6.69 6.70153
6.72 6.70797
6.75 6.71431
6.78 6.72055
6.81 6.7267
6.84 6.73275
6.87 6.7387
6.9 6.74455
6.93 6.75031
6.96 6.75598
6.99 6.76156
7.02 6.76704
7.05 6.77243
7.08 6.77774
7.11 6.78295
7.14 6.78808
7.17 6.79311
7.2 6.79807
7.23 6.80294
7.26 6.80772
7.29 6.81242
7.32 6.81704
7.35 6.82158
7.38 6.82604
7.41 6.83042
7.44 6.83472
7.47 6.83894
7.5 6.84309
7.53 6.84717
7.56 6.85117
7.59 6.8551
7.62 6.85896
7.65 6.86275
7.68 6.86646
7.71 6.87011
7.74 6.8737
7.77 6.87721
7.8 6.88066
7.83 6.88405
7.86 6.88737
7.89 6.89063
7.92 6.89383
7.95 6.89697
7.98 6.90005
8.01 6.90307
8.04 6.90603
8.07 6.90894
8.1 6.91179
8.13 6.91458
8.16 6.91732
8.19 6.92001
8.22 6.92265
8.25 6.92523
8.28 6.92776
8.31 6.93025
8.34 6.93268
8.37 6.93506
8.4 6.9374
8.43 6.93969
8.46 6.94194
8.49 6.94414
8.52 6.94629
8.55 6.9484
8.58 6.95047
8.61 6.95249
8.64 6.95448
8.67 6.95642
8.7 6.95832
8.73 6.96018
8.76 6.96201
8.79 6.96379
8.82 6.96554
8.85 6.96725
8.88 6.96892
8.91 6.97056
8.94 6.97216
8.97 6.97373
9 6.97526
9.03 6.97676
9.06 6.97823
9.09 6.97966
9.12 6.98106
9.15 6.98243
9.18 6.98377
9.21 6.98508
9.24 6.98635
9.27 6.9876
9.3 6.98882
9.33 6.99001
9.36 6.99118
9.39 6.99231
9.42 6.99342
9.45 6.9945
9.48 6.99556
9.51 6.99658
9.54 6.99759
9.57 6.99857
9.6 6.99952
9.63 7.00045
9.66 7.00135
9.69 7.00224
9.72 7.00309
9.75 7.00393
9.78 7.00474
9.81 7.00554
9.84 7.00631
9.87 7.00705
9.9 7.00778
9.93 7.00849
9.96 7.00918
9.99 7.00984
10.02 7.01049
10.05 7.01112
10.08 7.01172
10.11 7.01231
10.14 7.01288
10.17 7.01344
10.2 7.01397
10.23 7.01449
10.26 7.01499
10.29 7.01547
10.32 7.01594
10.35 7.01639
10.38 7.01682
10.41 7.01724
10.44 7.01764
10.47 7.01802
10.5 7.01839
10.53 7.01875
10.56 7.01909
10.59 7.01941
10.62 7.01972
10.65 7.02002
10.68 7.0203
10.71 7.02057
10.74 7.02083
10.77 7.02107
10.8 7.0213
10.83 7.02152
10.86 7.02172
10.89 7.02191
10.92 7.02209
10.95 7.02225
10.98 7.02241
11.01 7.02255
11.04 7.02268
11.07 7.0228
11.1 7.0229
11.13 7.023
11.16 7.02309
11.19 7.02316
11.22 7.02322
11.25 7.02328
11.28 7.02332
11.31 7.02335
11.34 7.02337
11.37 7.02338
11.4 7.02339
11.43 7.02338
11.46 7.02336
11.49 7.02333
11.52 7.0233
11.55 7.02325
11.58 7.0232
11.61 7.02314
11.64 7.02306
11.67 7.02298
11.7 7.02289
11.73 7.0228
11.76 7.02269
11.79 7.02258
11.82 7.02245
11.85 7.02232
11.88 7.02219
11.91 7.02204
11.94 7.02189
11.97 7.02172
12 7.02156
12.03 7.02138
12.06 7.0212
12.09 7.021
12.12 7.02081
12.15 7.0206
12.18 7.02039
12.21 7.02017
12.24 7.01994
12.27 7.01971
12.3 7.01947
12.33 7.01923
12.36 7.01898
12.39 7.01872
12.42 7.01845
12.45 7.01818
12.48 7.01791
12.51 7.01762
12.54 7.01733
12.57 7.01704
12.6 7.01674
12.63 7.01643
12.66 7.01612
12.69 7.0158
12.72 7.01548
12.75 7.01515
12.78 7.01481
12.81 7.01447
12.84 7.01413
12.87 7.01377
12.9 7.01342
12.93 7.01306
12.96 7.01269
12.99 7.01232
13.02 7.01194
13.05 7.01156
13.08 7.01117
13.11 7.01078
13.14 7.01039
13.17 7.00999
13.2 7.00958
13.23 7.00917
13.26 7.00876
13.29 7.00834
13.32 7.00791
13.35 7.00748
13.38 7.00705
13.41 7.00661
13.44 7.00617
13.47 7.00572
13.5 7.00527
13.53 7.00482
13.56 7.00436
13.59 7.0039
13.62 7.00343
13.65 7.00296
13.68 7.00248
13.71 7.002
13.74 7.00152
13.77 7.00103
13.8 7.00054
13.83 7.00004
13.86 6.99954
13.89 6.99904
13.92 6.99853
13.95 6.99802
13.98 6.99751
14.01 6.99699
14.04 6.99646
14.07 6.99594
14.1 6.99541
14.13 6.99488
14.16 6.99434
14.19 6.9938
14.22 6.99325
14.25 6.99271
14.28 6.99216
14.31 6.9916
14.34 6.99104
14.37 6.99048
14.4 6.98992
14.43 6.98935
14.46 6.98877
14.49 6.9882
14.52 6.98762
14.55 6.98704
14.58 6.98645
14.61 6.98586
14.64 6.98527
14.67 6.98468
14.7 6.98408
14.73 6.98348
14.76 6.98287
14.79 6.98226
14.82 6.98165
14.85 6.98104
14.88 6.98042
14.91 6.9798
14.94 6.97917
14.97 6.97854
15 6.97791
15.03 6.97728
15.06 6.97664
15.09 6.976
15.12 6.97536
15.15 6.97471
15.18 6.97406
15.21 6.97341
15.24 6.97276
15.27 6.9721
15.3 6.97144
15.33 6.97077
15.36 6.9701
15.39 6.96943
15.42 6.96876
15.45 6.96808
15.48 6.9674
15.51 6.96672
15.54 6.96604
15.57 6.96535
15.6 6.96465
15.63 6.96396
15.66 6.96326
15.69 6.96256
15.72 6.96186
15.75 6.96115
15.78 6.96044
15.81 6.95973
15.84 6.95901
15.87 6.9583
15.9 6.95757
15.93 6.95685
15.96 6.95612
15.99 6.95539
16.02 6.95466
16.05 6.95392
16.08 6.95318
16.11 6.95244
16.14 6.9517
16.17 6.95095
16.2 6.9502
16.23 6.94944
16.26 6.94869
16.29 6.94793
16.32 6.94716
16.35 6.9464
16.38 6.94563
16.41 6.94486
16.44 6.94408
16.47 6.9433
16.5 6.94252
16.53 6.94174
16.56 6.94095
16.59 6.94016
16.62 6.93937
16.65 6.93857
16.68 6.93777
16.71 6.93697
16.74 6.93617
16.77 6.93536
16.8 6.93455
16.83 6.93373
16.86 6.93291
16.89 6.93209
16.92 6.93127
16.95 6.93044
16.98 6.92961
17.01 6.92878
17.04 6.92794
17.07 6.92711
17.1 6.92626
17.13 6.92542
17.16 6.92457
17.19 6.92372
17.22 6.92286
17.25 6.922
17.28 6.92114
17.31 6.92028
17.34 6.91941
17.37 6.91854
17.4 6.91767
17.43 6.91679
17.46 6.91591
17.49 6.91502
17.52 6.91414
17.55 6.91324
17.58 6.91235
17.61 6.91145
17.64 6.91055
17.67 6.90965
17.7 6.90874
17.73 6.90783
17.76 6.90691
17.79 6.906
17.82 6.90508
17.85 6.90415
17.88 6.90322
17.91 6.90229
17.94 6.90136
17.97 6.90042
18 6.89947
18.03 6.89853
18.06 6.89758
18.09 6.89663
18.12 6.89567
18.15 6.89471
18.18 6.89374
18.21 6.89278
18.24 6.8918
18.27 6.89083
18.3 6.88985
18.33 6.88887
18.36 6.88788
18.39 6.88689
18.42 6.8859
18.45 6.8849
18.48 6.8839
18.51 6.88289
18.54 6.88188
18.57 6.88087
18.6 6.87985
18.63 6.87883
18.66 6.8778
18.69 6.87677
18.72 6.87574
18.75 6.8747
18.78 6.87366
18.81 6.87261
18.84 6.87156
18.87 6.87051
18.9 6.86945
18.93 6.86838
18.96 6.86732
18.99 6.86624
19.02 6.86517
19.05 6.86409
19.08 6.863
19.11 6.86191
19.14 6.86082
19.17 6.85972
19.2 6.85862
19.23 6.85751
19.26 6.8564
19.29 6.85528
19.32 6.85416
19.35 6.85303
19.38 6.8519
19.41 6.85076
19.44 6.84962
19.47 6.84848
19.5 6.84733
19.53 6.84617
19.56 6.84501
19.59 6.84384
19.62 6.84267
19.65 6.8415
19.68 6.84032
19.71 6.83913
19.74 6.83794
19.77 6.83674
19.8 6.83554
19.83 6.83434
19.86 6.83312
19.89 6.83191
19.92 6.83068
19.95 6.82945
19.98 6.82822
20.01 6.82698
20.04 6.82573
20.07 6.82448
20.1 6.82322
20.13 6.82196
20.16 6.82069
20.19 6.81942
20.22 6.81814
20.25 6.81685
20.28 6.81556
20.31 6.81426
20.34 6.81295
20.37 6.81164
20.4 6.81032
20.43 6.809
20.46 6.80767
20.49 6.80633
20.52 6.80499
20.55 6.80364
20.58 6.80228
20.61 6.80092
20.64 6.79955
20.67 6.79817
20.7 6.79679
20.73 6.7954
20.76 6.794
20.79 6.79259
20.82 6.79118
20.85 6.78976
20.88 6.78833
20.91 6.7869
20.94 6.78546
20.97 6.78401
21 6.78255
21.03 6.78109
21.06 6.77962
21.09 6.77813
21.12 6.77665
21.15 6.77515
21.18 6.77365
21.21 6.77213
21.24 6.77061
21.27 6.76908
21.3 6.76755
21.33 6.766
21.36 6.76445
21.39 6.76288
21.42 6.76131
21.45 6.75973
21.48 6.75814
21.51 6.75654
21.54 6.75493
21.57 6.75332
21.6 6.75169
21.63 6.75005
21.66 6.74841
21.69 6.74675
21.72 6.74509
21.75 6.74341
21.78 6.74173
21.81 6.74003
21.84 6.73833
21.87 6.73661
21.9 6.73489
21.93 6.73315
21.96 6.7314
21.99 6.72964
22.02 6.72787
22.05 6.72609
22.08 6.7243
22.11 6.7225
22.14 6.72068
22.17 6.71886
22.2 6.71702
22.23 6.71517
22.26 6.71331
22.29 6.71144
22.32 6.70955
22.35 6.70765
22.38 6.70574
22.41 6.70382
22.44 6.70188
22.47 6.69993
22.5 6.69797
22.53 6.69599
22.56 6.694
22.59 6.692
22.62 6.68998
22.65 6.68795
22.68 6.68591
22.71 6.68385
22.74 6.68177
22.77 6.67969
22.8 6.67758
22.83 6.67546
22.86 6.67333
22.89 6.67118
22.92 6.66901
22.95 6.66683
22.98 6.66464
23.01 6.66242
23.04 6.66019
23.07 6.65795
23.1 6.65568
23.13 6.6534
23.16 6.65111
23.19 6.64879
23.22 6.64646
23.25 6.64411
23.28 6.64174
23.31 6.63935
23.34 6.63695
23.37 6.63452
23.4 6.63208
23.43 6.62962
23.46 6.62714
23.49 6.62463
23.52 6.62211
23.55 6.61957
23.58 6.61701
23.61 6.61442
23.64 6.61182
23.67 6.60919
23.7 6.60654
23.73 6.60387
23.76 6.60118
23.79 6.59847
23.82 6.59573
23.85 6.59297
23.88 6.59019
23.91 6.58738
23.94 6.58455
23.97 6.58169
24 6.57881
24.03 6.57591
24.06 6.57298
24.09 6.57002
24.12 6.56704
24.15 6.56404
24.18 6.561
24.21 6.55794
24.24 6.55486
24.27 6.55174
24.3 6.5486
24.33 6.54543
24.36 6.54223
24.39 6.53901
24.42 6.53575
24.45 6.53246
24.48 6.52915
24.51 6.5258
24.54 6.52243
24.57 6.51902
24.6 6.51558
24.63 6.51211
24.66 6.50861
24.69 6.50508
24.72 6.50151
24.75 6.49791
24.78 6.49428
24.81 6.49061
24.84 6.48691
24.87 6.48318
24.9 6.47941
24.93 6.47561
24.96 6.47177
24.99 6.46789
25.02 6.46398
25.05 6.46003
25.08 6.45604
25.11 6.45202
25.14 6.44796
25.17 6.44386
25.2 6.43972
25.23 6.43554
25.26 6.43133
25.29 6.42707
25.32 6.42278
25.35 6.41844
25.38 6.41406
25.41 6.40965
25.44 6.40519
25.47 6.40069
25.5 6.39615
25.53 6.39156
25.56 6.38693
25.59 6.38226
25.62 6.37755
25.65 6.37279
25.68 6.36799
25.71 6.36315
25.74 6.35826
25.77 6.35333
25.8 6.34835
25.83 6.34332
25.86 6.33826
25.89 6.33314
25.92 6.32798
25.95 6.32278
25.98 6.31752
26.01 6.31222
26.04 6.30688
26.07 6.30149
26.1 6.29605
26.13 6.29057
26.16 6.28503
26.19 6.27946
26.22 6.27383
26.25 6.26816
26.28 6.26244
26.31 6.25667
26.34 6.25086
26.37 6.245
26.4 6.23909
26.43 6.23313
26.46 6.22713
26.49 6.22109
26.52 6.21499
26.55 6.20885
26.58 6.20266
26.61 6.19643
26.64 6.19015
26.67 6.18383
26.7 6.17746
26.73 6.17105
26.76 6.16459
26.79 6.15809
26.82 6.15154
26.85 6.14495
26.88 6.13832
26.91 6.13165
26.94 6.12493
26.97 6.11817
27 6.11137
27.03 6.10454
27.06 6.09766
27.09 6.09074
27.12 6.08379
27.15 6.0768
27.18 6.06977
27.21 6.0627
27.24 6.0556
27.27 6.04847
27.3 6.0413
27.33 6.0341
27.36 6.02687
27.39 6.0196
27.42 6.01231
27.45 6.00499
27.48 5.99764
27.51 5.99026
27.54 5.98285
27.57 5.97542
27.6 5.96797
27.63 5.96049
27.66 5.95299
27.69 5.94547
27.72 5.93793
27.75 5.93038
27.78 5.9228
27.81 5.91521
27.84 5.9076
27.87 5.89998
27.9 5.89234
27.93 5.8847
27.96 5.87704
27.99 5.86938
28.02 5.8617
28.05 5.85402
28.08 5.84634
28.11 5.83864
28.14 5.83095
28.17 5.82325
28.2 5.81556
28.23 5.80786
28.26 5.80017
28.29 5.79248
28.32 5.78479
28.35 5.7771
28.38 5.76943
28.41 5.76176
28.44 5.7541
28.47 5.74645
28.5 5.73881
28.53 5.73119
28.56 5.72357
28.59 5.71597
28.62 5.70839
28.65 5.70082
28.68 5.69327
28.71 5.68574
28.74 5.67823
28.77 5.67074
28.8 5.66327
28.83 5.65583
28.86 5.64841
28.89 5.64101
28.92 5.63364
28.95 5.62629
28.98 5.61898
29.01 5.61169
29.04 5.60443
29.07 5.5972
29.1 5.59
29.13 5.58283
29.16 5.57569
29.19 5.56859
29.22 5.56152
29.25 5.55448
29.28 5.54748
29.31 5.54052
29.34 5.53359
29.37 5.5267
29.4 5.51984
29.43 5.51303
29.46 5.50625
29.49 5.49951
29.52 5.49281
29.55 5.48615
29.58 5.47953
29.61 5.47295
29.64 5.46641
29.67 5.45991
29.7 5.45346
29.73 5.44705
29.76 5.44068
29.79 5.43435
29.82 5.42806
29.85 5.42182
29.88 5.41562
29.91 5.40947
29.94 5.40336
29.97 5.39729
30 5.39126
30.001 5
