0 -10
0.03 -8.80791
0.06 -8.80776
0.09 -8.80762
0.12 -8.80747
0.15 -8.80732
0.18 -8.80718
0.21 -8.80703
0.24 -8.80689
0.27 -8.80675
0.3 -8.8066
0.33 -8.80646
0.36 -8.80631
0.39 -8.80617
0.42 -8.80602
0.45 -8.80588
0.48 -8.80573
0.51 -8.80559
0.54 -8.80544
0.57 -8.8053
0.6 -8.80516
0.63 -8.80501
0.66 -8.80487
0.69 -8.80472
0.72 -8.80458
0.75 -8.80444
0.78 -8.80429
0.81 -8.80415
0.84 -8.80401
0.87 -8.80386
0.9 -8.80372
0.93 -8.80358
0.96 -8.80343
0.99 -8.80329
1.02 -8.80315
1.05 -8.803
1.08 -8.80286
1.11 -8.80272
1.14 -8.80257
1.17 -8.80243
1.2 -8.80229
1.23 -8.80215
1.26 -8.802
1.29 -8.80186
1.32 -8.80172
1.35 -8.80158
1.38 -8.80143
1.41 -8.80129
1.44 -8.80115
1.47 -8.80101
1.5 -8.80087
1.53 -8.80072
1.56 -8.80058
1.59 -8.80044
1.62 -8.8003
1.65 -8.80016
1.68 -8.80001
1.71 -8.79987
1.74 -8.79973
1.77 -8.79959
1.8 -8.79945
1.83 -8.79931
1.86 -8.79917
1.89 -8.79903
1.92 -8.79888
1.95 -8.79874
1.98 -8.7986
2.01 -8.79846
2.04 -8.79832
2.07 -8.79818
2.1 -8.79804
2.13 -8.7979
2.16 -8.79776
2.19 -8.79762
2.22 -8.79748
2.25 -8.79734
2.28 -8.7972
2.31 -8.79706
2.34 -8.79692
2.37 -8.79678
2.4 -8.79664
2.43 -8.7965
2.46 -8.79636
2.49 -8.79622
2.52 -8.79608
2.55 -8.79594
2.58 -8.7958
2.61 -8.79566
2.64 -8.79552
2.67 -8.79538
2.7 -8.79524
2.73 -8.7951
2.76 -8.79497
2.79 -8.79483
2.82 -8.79469
2.85 -8.79455
2.88 -8.79441
2.91 -8.79427
2.94 -8.79413
2.97 -8.79399
3 -8.79386
3.03 -8.79372
3.06 -8.79358
3.09 -8.79344
3.12 -8.7933
3.15 -8.79317
3.18 -8.79303
3.21 -8.79289
3.24 -8.79275
3.27 -8.79261
3.3 -8.79248
3.33 -8.79234
3.36 -8.7922
3.39 -8.79206
3.42 -8.79193
3.45 -8.79179
3.48 -8.79165
3.51 -8.79151
3.54 -8.79138
3.57 -8.79124
3.6 -8.7911
3.63 -8.79097
3.66 -8.79083
3.69 -8.79069
3.72 -8.79055
3.75 -8.79042
3.78 -8.79028
3.81 -8.79014
3.84 -8.79001
3.87 -8.78987
3.9 -8.78974
3.93 -8.7896
3.96 -8.78946
3.99 -8.78933
4.02 -8.78919
4.05 -8.78905
4.08 -8.78892
4.11 -8.78878
4.14 -8.78865
4.17 -8.78851
4.2 -8.78838
4.23 -8.78824
4.26 -8.7881
4.29 -8.78797
4.32 -8.78783
4.35 -8.7877
4.38 -8.78756
4.41 -8.78743
4.44 -8.78729
4.47 -8.78716
4.5 -8.78702
4.53 -8.78689
4.56 -8.78675
4.59 -8.78662
4.62 -8.78648
4.65 -8.78635
4.68 -8.78621
4.71 -8.78608
4.74 -8.78594
4.77 -8.78581
4.8 -8.78567
4.83 -8.78554
4.86 -8.78541
4.89 -8.78527
4.92 -8.78514
4.95 -8.785
4.98 -8.78487
5.01 -8.78474
5.04 -8.7846
5.07 -8.78447
5.1 -8.78433
5.13 -8.7842
5.16 -8.78407
5.19 -8.78393
5.22 -8.7838
5.25 -8.78367
5.28 -8.78353
5.31 -8.7834
5.34 -8.78327
5.37 -8.78313
5.4 -8.783
5.43 -8.78287
5.46 -8.78273
5.49 -8.7826
5.52 -8.78247
5.55 -8.78233
5.58 -8.7822
5.61 -8.78207
5.64 -8.78193
5.67 -8.7818
5.7 -8.78167
5.73 -8.78154
5.76 -8.7814
5.79 -8.78127
5.82 -8.78114
5.85 -8.78101
5.88 -8.78087
5.91 -8.78074
5.94 -8.78061
5.97 -8.78048
6 -8.78034
6.03 -8.78021
6.06 -8.78008
6.09 -8.77995
6.12 -8.77982
6.15 -8.77968
6.18 -8.77955
6.21 -8.77942
6.24 -8.77929
6.27 -8.77916
6.3 -8.77903
6.33 -8.77889
6.36 -8.77876
6.39 -8.77863
6.42 -8.7785
6.45 -8.77837
6.48 -8.77824
6.51 -8.7781
6.54 -8.77797
6.57 -8.77784
6.6 -8.77771
6.63 -8.77758
6.66 -8.77745
6.69 -8.77732
6.72 -8.77719
6.75 -8.77705
6.78 -8.77692
6.81 -8.77679
6.84 -8.77666
6.87 -8.77653
6.9 -8.7764
6.93 -8.77627
6.96 -8.77614
6.99 -8.77601
7.02 -8.77588
7.05 -8.77575
7.08 -8.77561
7.11 -8.77548
7.14 -8.77535
7.17 -8.77522
7.2 -8.77509
7.23 -8.77496
7.26 -8.77483
7.29 -8.7747
7.32 -8.77457
7.35 -8.77444
7.38 -8.77431
7.41 -8.77418
7.44 -8.77405
7.47 -8.77392
7.5 -8.77379
7.53 -8.77366
7.56 -8.77353
7.59 -8.7734
7.62 -8.77327
7.65 -8.77314
7.68 -8.77301
7.71 -8.77288
7.74 -8.77275
7.77 -8.77262
7.8 -8.77249
7.83 -8.77236
7.86 -8.77223
7.89 -8.7721
7.92 -8.77197
7.95 -8.77184
7.98 -8.77171
8.01 -8.77158
8.04 -8.77145
8.07 -8.77132
8.1 -8.77119
8.13 -8.77106
8.16 -8.77093
8.19 -8.7708
8.22 -8.77067
8.25 -8.77054
8.28 -8.77041
8.31 -8.77028
8.34 -8.77015
8.37 -8.77002
8.4 -8.76989
8.43 -8.76976
8.46 -8.76963
8.49 -8.7695
8.52 -8.76937
8.55 -8.76924
8.58 -8.76911
8.61 -8.76898
8.64 -8.76885
8.67 -8.76873
8.7 -8.7686
8.73 -8.76847
8.76 -8.76834
8.79 -8.76821
8.82 -8.76808
8.85 -8.76795
8.88 -8.76782
8.91 -8.76769
8.94 -8.76756
8.97 -8.76743
9 -8.7673
9.03 -8.76717
9.06 -8.76704
9.09 -8.76691
9.12 -8.76678
9.15 -8.76665
9.18 -8.76652
9.21 -8.76639
9.24 -8.76626
9.27 -8.76613
9.3 -8.76601
9.33 -8.76588
9.36 -8.76575
9.39 -8.76562
9.42 -8.76549
9.45 -8.76536
9.48 -8.76523
9.51 -8.7651
9.54 -8.76497
9.57 -8.76484
9.6 -8.76471
9.63 -8.76458
9.66 -8.76445
9.69 -8.76432
9.72 -8.76419
9.75 -8.76406
9.78 -8.76393
9.81 -8.7638
9.84 -8.76367
9.87 -8.76354
9.9 -8.76341
9.93 -8.76328
9.96 -8.76315
9.99 -8.76302
10.02 -8.76289
10.05 -8.76276
10.08 -8.76263
10.11 -8.7625
10.14 -8.76237
10.17 -8.76224
10.2 -8.76211
10.23 -8.76198
10.26 -8.76185
10.29 -8.76172
10.32 -8.76159
10.35 -8.76146
10.38 -8.76133
10.41 -8.7612
10.44 -8.76107
10.47 -8.76094
10.5 -8.76081
10.53 -8.76068
10.56 -8.76055
10.59 -8.76042
10.62 -8.76029
10.65 -8.76016
10.68 -8.76003
10.71 -8.7599
10.74 -8.75977
10.77 -8.75964
10.8 -8.75951
10.83 -8.75938
10.86 -8.75925
10.89 -8.75911
10.92 -8.75898
10.95 -8.75885
10.98 -8.75872
11.01 -8.75859
11.04 -8.75846
11.07 -8.75833
11.1 -8.7582
11.13 -8.75807
11.16 -8.75794
11.19 -8.7578
11.22 -8.75767
11.25 -8.75754
11.28 -8.75741
11.31 -8.75728
11.34 -8.75715
11.37 -8.75702
11.4 -8.75689
11.43 -8.75675
11.46 -8.75662
11.49 -8.75649
11.52 -8.75636
11.55 -8.75623
11.58 -8.7561
11.61 -8.75596
11.64 -8.75583
11.67 -8.7557
11.7 -8.75557
11.73 -8.75544
11.76 -8.7553
11.79 -8.75517
11.82 -8.75504
11.85 -8.75491
11.88 -8.75478
11.91 -8.75464
11.94 -8.75451
11.97 -8.75438
12 -8.75425
12.03 -8.75411
12.06 -8.75398
12.09 -8.75385
12.12 -8.75371
12.15 -8.75358
12.18 -8.75345
12.21 -8.75332
12.24 -8.75318
12.27 -8.75305
12.3 -8.75292
12.33 -8.75278
12.36 -8.75265
12.39 -8.75252
12.42 -8.75238
12.45 -8.75225
12.48 -8.75212
12.51 -8.75198
12.54 -8.75185
12.57 -8.75172
12.6 -8.75158
12.63 -8.75145
12.66 -8.75132
12.69 -8.75118
12.72 -8.75105
12.75 -8.75091
12.78 -8.75078
12.81 -8.75065
12.84 -8.75051
12.87 -8.75038
12.9 -8.75024
12.93 -8.75011
12.96 -8.74997
12.99 -8.74984
13.02 -8.7497
13.05 -8.74957
13.08 -8.74944
13.11 -8.7493
13.14 -8.74917
13.17 -8.74903
13.2 -8.7489
13.23 -8.74876
13.26 -8.74863
13.29 -8.74849
13.32 -8.74836
13.35 -8.74822
13.38 -8.74809
13.41 -8.74795
13.44 -8.74781
13.47 -8.74768
13.5 -8.74754
13.53 -8.74741
13.56 -8.74727
13.59 -8.74714
13.62 -8.747
13.65 -8.74687
13.68 -8.74673
13.71 -8.74659
13.74 -8.74646
13.77 -8.74632
13.8 -8.74619
13.83 -8.74605
13.86 -8.74591
13.89 -8.74578
13.92 -8.74564
13.95 -8.74551
13.98 -8.74537
14.01 -8.74523
14.04 -8.7451
14.07 -8.74496
14.1 -8.74482
14.13 -8.74469
14.16 -8.74455
14.19 -8.74441
14.22 -8.74428
14.25 -8.74414
14.28 -8.744
14.31 -8.74387
14.34 -8.74373
14.37 -8.74359
14.4 -8.74346
14.43 -8.74332
14.46 -8.74318
14.49 -8.74305
14.52 -8.74291
14.55 -8.74277
14.58 -8.74264
14.61 -8.7425
14.64 -8.74236
14.67 -8.74222
14.7 -8.74209
14.73 -8.74195
14.76 -8.74181
14.79 -8.74168
14.82 -8.74154
14.85 -8.7414
14.88 -8.74127
14.91 -8.74113
14.94 -8.74099
14.97 -8.74086
15 -8.74072
15.03 -8.74058
15.06 -8.74044
15.09 -8.74031
15.12 -8.74017
15.15 -8.74003
15.18 -8.7399
15.21 -8.73976
15.24 -8.73962
15.27 -8.73949
15.3 -8.73935
15.33 -8.73921
15.36 -8.73908
15.39 -8.73894
15.42 -8.7388
15.45 -8.73867
15.48 -8.73853
15.51 -8.73839
15.54 -8.73826
15.57 -8.73812
15.6 -8.73799
15.63 -8.73785
15.66 -8.73771
15.69 -8.73758
15.72 -8.73744
15.75 -8.73731
15.78 -8.73717
15.81 -8.73703
15.84 -8.7369
15.87 -8.73676
15.9 -8.73663
15.93 -8.73649
15.96 -8.73636
15.99 -8.73622
16.02 -8.73609
16.05 -8.73596
16.08 -8.73582
16.11 -8.73569
16.14 -8.73555
16.17 -8.73542
16.2 -8.73528
16.23 -8.73515
16.26 -8.73502
16.29 -8.73488
16.32 -8.73475
16.35 -8.73462
16.38 -8.73449
16.41 -8.73435
16.44 -8.73422
16.47 -8.73409
16.5 -8.73396
16.53 -8.73383
16.56 -8.73369
16.59 -8.73356
16.62 -8.73343
16.65 -8.7333
16.68 -8.73317
16.71 -8.73304
16.74 -8.73291
16.77 -8.73278
16.8 -8.73265
16.83 -8.73252
16.86 -8.7324
16.89 -8.73227
16.92 -8.73214
16.95 -8.73201
16.98 -8.73188
17.01 -8.73176
17.04 -8.73163
17.07 -8.73151
17.1 -8.73138
17.13 -8.73125
17.16 -8.73113
17.19 -8.731
17.22 -8.73088
17.25 -8.73076
17.28 -8.73063
17.31 -8.73051
17.34 -8.73039
17.37 -8.73027
17.4 -8.73014
17.43 -8.73002
17.46 -8.7299
17.49 -8.72978
17.52 -8.72966
17.55 -8.72955
17.58 -8.72943
17.61 -8.72931
17.64 -8.72919
17.67 -8.72908
17.7 -8.72896
17.73 -8.72884
17.76 -8.72873
17.79 -8.72862
17.82 -8.7285
17.85 -8.72839
17.88 -8.72828
17.91 -8.72817
17.94 -8.72806
17.97 -8.72795
18 -8.72784
18.03 -8.72773
18.06 -8.72762
18.09 -8.72751
18.12 -8.72741
18.15 -8.7273
18.18 -8.7272
18.21 -8.72709
18.24 -8.72699
18.27 -8.72689
18.3 -8.72679
18.33 -8.72669
18.36 -8.72659
18.39 -8.72649
18.42 -8.7264
18.45 -8.7263
18.48 -8.72621
18.51 -8.72611
18.54 -8.72602
18.57 -8.72593
18.6 -8.72584
18.63 -8.72575
18.66 -8.72566
18.69 -8.72557
18.72 -8.72548
18.75 -8.7254
18.78 -8.72532
18.81 -8.72523
18.84 -8.72515
18.87 -8.72507
18.9 -8.725
18.93 -8.72492
18.96 -8.72484
18.99 -8.72477
19.02 -8.7247
19.05 -8.72463
19.08 -8.72456
19.11 -8.72449
19.14 -8.72442
19.17 -8.72436
19.2 -8.72429
19.23 -8.72423
19.26 -8.72417
19.29 -8.72411
19.32 -8.72406
19.35 -8.724
19.38 -8.72395
19.41 -8.7239
19.44 -8.72385
19.47 -8.7238
19.5 -8.72376
19.53 -8.72372
19.56 -8.72367
19.59 -8.72364
19.62 -8.7236
19.65 -8.72356
19.68 -8.72353
19.71 -8.7235
19.74 -8.72347
19.77 -8.72345
19.8 -8.72343
19.83 -8.72341
19.86 -8.72339
19.89 -8.72337
19.92 -8.72336
19.95 -8.72335
19.98 -8.72334
20.01 -8.72334
20.04 -8.72334
20.07 -8.72334
20.1 -8.72334
20.13 -8.72335
20.16 -8.72336
20.19 -8.72337
20.22 -8.72339
20.25 -8.72341
20.28 -8.72343
20.31 -8.72346
20.34 -8.72348
20.37 -8.72352
20.4 -8.72355
20.43 -8.7236
20.46 -8.72364
20.49 -8.72369
20.52 -8.72374
20.55 -8.7238
20.58 -8.72386
20.61 -8.72392
20.64 -8.72399
20.67 -8.72406
20.7 -8.72414
20.73 -8.72422
20.76 -8.7243
20.79 -8.7244
20.82 -8.72449
20.85 -8.72459
20.88 -8.7247
20.91 -8.72481
20.94 -8.72492
20.97 -8.72505
21 -8.72517
21.03 -8.7253
21.06 -8.72544
21.09 -8.72559
21.12 -8.72574
21.15 -8.72589
21.18 -8.72605
21.21 -8.72622
21.24 -8.7264
21.27 -8.72658
21.3 -8.72677
21.33 -8.72696
21.36 -8.72716
21.39 -8.72737
21.42 -8.72759
21.45 -8.72781
21.48 -8.72804
21.51 -8.72828
21.54 -8.72853
21.57 -8.72879
21.6 -8.72905
21.63 -8.72933
21.66 -8.72961
21.69 -8.7299
21.72 -8.7302
21.75 -8.73051
21.78 -8.73083
21.81 -8.73116
21.84 -8.7315
21.87 -8.73184
21.9 -8.7322
21.93 -8.73257
21.96 -8.73296
21.99 -8.73335
22.02 -8.73375
22.05 -8.73417
22.08 -8.7346
22.11 -8.73504
22.14 -8.73549
22.17 -8.73595
22.2 -8.73643
22.23 -8.73692
22.26 -8.73743
22.29 -8.73795
22.32 -8.73848
22.35 -8.73903
22.38 -8.73959
22.41 -8.74017
22.44 -8.74076
22.47 -8.74137
22.5 -8.742
22.53 -8.74264
22.56 -8.7433
22.59 -8.74397
22.62 -8.74467
22.65 -8.74538
22.68 -8.74611
22.71 -8.74685
22.74 -8.74762
22.77 -8.74841
22.8 -8.74921
22.83 -8.75004
22.86 -8.75088
22.89 -8.75175
22.92 -8.75264
22.95 -8.75354
22.98 -8.75448
23.01 -8.75543
23.04 -8.7564
23.07 -8.7574
23.1 -8.75842
23.13 -8.75947
23.16 -8.76054
23.19 -8.76163
23.22 -8.76275
23.25 -8.7639
23.28 -8.76507
23.31 -8.76626
23.34 -8.76748
23.37 -8.76873
23.4 -8.77001
23.43 -8.77131
23.46 -8.77264
23.49 -8.77399
23.52 -8.77538
23.55 -8.77679
23.58 -8.77823
23.61 -8.7797
23.64 -8.7812
23.67 -8.78273
23.7 -8.78429
23.73 -8.78588
23.76 -8.78749
23.79 -8.78914
23.82 -8.79081
23.85 -8.79252
23.88 -8.79425
23.91 -8.79602
23.94 -8.79781
23.97 -8.79964
24 -8.80149
24.03 -8.80337
24.06 -8.80528
24.09 -8.80723
24.12 -8.8092
24.15 -8.81119
24.18 -8.81322
24.21 -8.81527
24.24 -8.81736
24.27 -8.81947
24.3 -8.8216
24.33 -8.82376
24.36 -8.82595
24.39 -8.82816
24.42 -8.8304
24.45 -8.83266
24.48 -8.83495
24.51 -8.83725
24.54 -8.83958
24.57 -8.84193
24.6 -8.8443
24.63 -8.84669
24.66 -8.8491
24.69 -8.85153
24.72 -8.85397
24.75 -8.85643
24.78 -8.8589
24.81 -8.86138
24.84 -8.86388
24.87 -8.86639
24.9 -8.86891
24.93 -8.87144
24.96 -8.87398
24.99 -8.87653
25.02 -8.87908
25.05 -8.88164
25.08 -8.8842
25.11 -8.88676
25.14 -8.88933
25.17 -8.8919
25.2 -8.89446
25.23 -8.89703
25.26 -8.89959
25.29 -8.90215
25.32 -8.9047
25.35 -8.90725
25.38 -8.90979
25.41 -8.91232
25.44 -8.91484
25.47 -8.91736
25.5 -8.91986
25.53 -8.92235
25.56 -8.92483
25.59 -8.92729
25.62 -8.92974
25.65 -8.93218
25.68 -8.93459
25.71 -8.937
25.74 -8.93938
25.77 -8.94175
25.8 -8.9441
25.83 -8.94643
25.86 -8.94874
25.89 -8.95103
25.92 -8.95329
25.95 -8.95554
25.98 -8.95777
26.01 -8.95997
26.04 -8.96215
26.07 -8.96431
26.1 -8.96644
26.13 -8.96855
26.16 -8.97064
26.19 -8.9727
26.22 -8.97474
26.25 -8.97676
26.28 -8.97875
26.31 -8.98071
26.34 -8.98266
26.37 -8.98457
26.4 -8.98647
26.43 -8.98833
26.46 -8.99018
26.49 -8.992
26.52 -8.99379
26.55 -8.99556
26.58 -8.9973
26.61 -8.99902
26.64 -9.00072
26.67 -9.00239
26.7 -9.00404
26.73 -9.00567
26.76 -9.00727
26.79 -9.00884
26.82 -9.0104
26.85 -9.01193
26.88 -9.01343
26.91 -9.01492
26.94 -9.01638
26.97 -9.01782
27 -9.01924
27.03 -9.02064
27.06 -9.02201
27.09 -9.02336
27.12 -9.0247
27.15 -9.02601
27.18 -9.0273
27.21 -9.02857
27.24 -9.02982
27.27 -9.03105
27.3 -9.03226
27.33 -9.03345
27.36 -9.03462
27.39 -9.03577
27.42 -9.03691
27.45 -9.03802
27.48 -9.03912
27.51 -9.0402
27.54 -9.04127
27.57 -9.04231
27.6 -9.04334
27.63 -9.04435
27.66 -9.04535
27.69 -9.04633
27.72 -9.04729
27.75 -9.04824
27.78 -9.04917
27.81 -9.05009
27.84 -9.05099
27.87 -9.05188
27.9 -9.05275
27.93 -9.05361
27.96 -9.05445
27.99 -9.05528
28.02 -9.0561
28.05 -9.0569
28.08 -9.05769
28.11 -9.05847
28.14 -9.05924
28.17 -9.05999
28.2 -9.06073
28.23 -9.06146
28.26 -9.06217
28.29 -9.06288
28.32 -9.06357
28.35 -9.06425
28.38 -9.06492
28.41 -9.06558
28.44 -9.06623
28.47 -9.06687
28.5 -9.0675
28.53 -9.06812
28.56 -9.06872
28.59 -9.06932
28.62 -9.06991
28.65 -9.07049
28.68 -9.07106
28.71 -9.07162
28.74 -9.07217
28.77 -9.07271
28.8 -9.07325
28.83 -9.07377
28.86 -9.07429
28.89 -9.0748
28.92 -9.0753
28.95 -9.07579
28.98 -9.07628
29.01 -9.07676
29.04 -9.07723
29.07 -9.07769
29.1 -9.07815
29.13 -9.07859
29.16 -9.07903
29.19 -9.07947
29.22 -9.0799
29.25 -9.08032
29.28 -9.08073
29.31 -9.08114
29.34 -9.08154
29.37 -9.08194
29.4 -9.08233
29.43 -9.08271
29.46 -9.08309
29.49 -9.08346
29.52 -9.08383
29.55 -9.08419
29.58 -9.08455
29.61 -9.0849
29.64 -9.08524
29.67 -9.08558
29.7 -9.08592
29.73 -9.08625
29.76 -9.08657
29.79 -9.08689
29.82 -9.08721
29.85 -9.08752
29.88 -9.08782
29.91 -9.08813
29.94 -9.08842
29.97 -9.08872
30 -9.089
30.001 -10
