0 5
0.03 4.96311
0.06 4.96321
0.09 4.9633
0.12 4.96339
0.15 4.96349
0.18 4.96358
0.21 4.96368
0.24 4.96377
0.27 4.96386
0.3 4.96396
0.33 4.96405
0.36 4.96415
0.39 4.96424
0.42 4.96434
0.45 4.96443
0.48 4.96453
0.51 4.96462
0.54 4.96472
0.57 4.96482
0.6 4.96491
0.63 4.96501
0.66 4.9651
0.69 4.9652
0.72 4.9653
0.75 4.96539
0.78 4.96549
0.81 4.96559
0.84 4.96568
0.87 4.96578
0.9 4.96588
0.93 4.96597
0.96 4.96607
0.99 4.96617
1.02 4.96627
1.05 4.96636
1.08 4.96646
1.11 4.96656
1.14 4.96666
1.17 4.96676
1.2 4.96685
1.23 4.96695
1.26 4.96705
1.29 4.96715
1.32 4.96725
1.35 4.96735
1.38 4.96745
1.41 4.96755
1.44 4.96765
1.47 4.96775
1.5 4.96785
1.53 4.96794
1.56 4.96804
1.59 4.96814
1.62 4.96824
1.65 4.96835
1.68 4.96845
1.71 4.96855
1.74 4.96865
1.77 4.96875
1.8 4.96885
1.83 4.96895
1.86 4.96905
1.89 4.96915
1.92 4.96925
1.95 4.96935
1.98 4.96946
2.01 4.96956
2.04 4.96966
2.07 4.96976
2.1 4.96986
2.13 4.96997
2.16 4.97007
2.19 4.97017
2.22 4.97027
2.25 4.97038
2.28 4.97048
2.31 4.97058
2.34 4.97069
2.37 4.97079
2.4 4.97089
2.43 4.971
2.46 4.9711
2.49 4.9712
2.52 4.97131
2.55 4.97141
2.58 4.97152
2.61 4.97162
2.64 4.97173
2.67 4.97183
2.7 4.97194
2.73 4.97204
2.76 4.97215
2.79 4.97225
2.82 4.97236
2.85 4.97246
2.88 4.97257
2.91 4.97267
2.94 4.97278
2.97 4.97289
3 4.97299
3.03 4.9731
3.06 4.9732
3.09 4.97331
3.12 4.97342
3.15 4.97353
3.18 4.97363
3.21 4.97374
3.24 4.97385
3.27 4.97395
3.3 4.97406
3.33 4.97417
3.36 4.97428
3.39 4.97439
3.42 4.97449
3.45 4.9746
3.48 4.97471
3.51 4.97482
3.54 4.97493
3.57 4.97504
3.6 4.97515
3.63 4.97526
3.66 4.97536
3.69 4.97547
3.72 4.97558
3.75 4.97569
3.78 4.9758
3.81 4.97591
3.84 4.97602
3.87 4.97613
3.9 4.97624
3.93 4.97636
3.96 4.97647
3.99 4.97658
4.02 4.97669
4.05 4.9768
4.08 4.97691
4.11 4.97702
4.14 4.97713
4.17 4.97725
4.2 4.97736
4.23 4.97747
4.26 4.97758
4.29 4.97769
4.32 4.97781
4.35 4.97792
4.38 4.97803
4.41 4.97815
4.44 4.97826
4.47 4.97837
4.5 4.97849
4.53 4.9786
4.56 4.97871
4.59 4.97883
4.62 4.97894
4.65 4.97906
4.68 4.97917
4.71 4.97929
4.74 4.9794
4.77 4.97951
4.8 4.97963
4.83 4.97975
4.86 4.97986
4.89 4.97998
4.92 4.98009
4.95 4.98021
4.98 4.98032
5.01 4.98044
5.04 4.98056
5.07 4.98067
5.1 4.98079
5.13 4.98091
5.16 4.98102
5.19 4.98114
5.22 4.98126
5.25 4.98138
5.28 4.98149
5.31 4.98161
5.34 4.98173
5.37 4.98185
5.4 4.98197
5.43 4.98209
5.46 4.9822
5.49 4.98232
5.52 4.98244
5.55 4.98256
5.58 4.98268
5.61 4.9828
5.64 4.98292
5.67 4.98304
5.7 4.98316
5.73 4.98328
5.76 4.9834
5.79 4.98352
5.82 4.98364
5.85 4.98376
5.88 4.98389
5.91 4.98401
5.94 4.98413
5.97 4.98425
6 4.98437
6.03 4.98449
6.06 4.98462
6.09 4.98474
6.12 4.98486
6.15 4.98498
6.18 4.98511
6.21 4.98523
6.24 4.98535
6.27 4.98548
6.3 4.9856
6.33 4.98573
6.36 4.98585
6.39 4.98598
6.42 4.9861
6.45 4.98622
6.48 4.98635
6.51 4.98647
6.54 4.9866
6.57 4.98673
6.6 4.98685
6.63 4.98698
6.66 4.9871
6.69 4.98723
6.72 4.98736
6.75 4.98748
6.78 4.98761
6.81 4.98774
6.84 4.98787
6.87 4.98799
6.9 4.98812
6.93 4.98825
6.96 4.98838
6.99 4.98851
7.02 4.98863
7.05 4.98876
7.08 4.98889
7.11 4.98902
7.14 4.98915
7.17 4.98928
7.2 4.98941
7.23 4.98954
7.26 4.98967
7.29 4.9898
7.32 4.98993
7.35 4.99007
7.38 4.9902
7.41 4.99033
7.44 4.99046
7.47 4.99059
7.5 4.99072
7.53 4.99086
7.56 4.99099
7.59 4.99112
7.62 4.99126
7.65 4.99139
7.68 4.99152
7.71 4.99166
7.74 4.99179
7.77 4.99193
7.8 4.99206
7.83 4.9922
7.86 4.99233
7.89 4.99247
7.92 4.9926
7.95 4.99274
7.98 4.99287
8.01 4.99301
8.04 4.99315
8.07 4.99328
8.1 4.99342
8.13 4.99356
8.16 4.9937
8.19 4.99383
8.22 4.99397
8.25 4.99411
8.28 4.99425
8.31 4.99439
8.34 4.99453
8.37 4.99467
8.4 4.99481
8.43 4.99495
8.46 4.99509
8.49 4.99523
8.52 4.99537
8.55 4.99551
8.58 4.99565
8.61 4.99579
8.64 4.99594
8.67 4.99608
8.7 4.99622
8.73 4.99636
8.76 4.99651
8.79 4.99665
8.82 4.99679
8.85 4.99694
8.88 4.99708
8.91 4.99723
8.94 4.99737
8.97 4.99752
9 4.99766
9.03 4.99781
9.06 4.99796
9.09 4.9981
9.12 4.99825
9.15 4.9984
9.18 4.99854
9.21 4.99869
9.24 4.99884
9.27 4.99899
9.3 4.99914
9.33 4.99929
9.36 4.99944
9.39 4.99959
9.42 4.99974
9.45 4.99989
9.48 5.00004
9.51 5.00019
9.54 5.00034
9.57 5.00049
9.6 5.00064
9.63 5.0008
9.66 5.00095
9.69 5.0011
9.72 5.00125
9.75 5.00141
9.78 5.00156
9.81 5.00172
9.84 5.00187
9.87 5.00203
9.9 5.00218
9.93 5.00234
9.96 5.0025
9.99 5.00265
10.02 5.00281
10.05 5.00297
10.08 5.00313
10.11 5.00328
10.14 5.00344
10.17 5.0036
10.2 5.00376
10.23 5.00392
10.26 5.00408
10.29 5.00424
10.32 5.0044
10.35 5.00456
10.38 5.00473
10.41 5.00489
10.44 5.00505
10.47 5.00521
10.5 5.00538
10.53 5.00554
10.56 5.00571
10.59 5.00587
10.62 5.00604
10.65 5.0062
10.68 5.00637
10.71 5.00654
10.74 5.0067
10.77 5.00687
10.8 5.00704
10.83 5.00721
10.86 5.00737
10.89 5.00754
10.92 5.00771
10.95 5.00788
10.98 5.00805
11.01 5.00823
11.04 5.0084
11.07 5.00857
11.1 5.00874
11.13 5.00891
11.16 5.00909
11.19 5.00926
11.22 5.00944
11.25 5.00961
11.28 5.00979
11.31 5.00996
11.34 5.01014
11.37 5.01032
11.4 5.01049
11.43 5.01067
11.46 5.01085
11.49 5.01103
11.52 5.01121
11.55 5.01139
11.58 5.01157
11.61 5.01175
11.64 5.01193
11.67 5.01212
11.7 5.0123
11.73 5.01248
11.76 5.01267
11.79 5.01285
11.82 5.01304
11.85 5.01322
11.88 5.01341
11.91 5.01359
11.94 5.01378
11.97 5.01397
12 5.01416
12.03 5.01435
12.06 5.01454
12.09 5.01473
12.12 5.01492
12.15 5.01511
12.18 5.0153
12.21 5.0155
12.24 5.01569
12.27 5.01588
12.3 5.01608
12.33 5.01627
12.36 5.01647
12.39 5.01667
12.42 5.01686
12.45 5.01706
12.48 5.01726
12.51 5.01746
12.54 5.01766
12.57 5.01786
12.6 5.01806
12.63 5.01826
12.66 5.01847
12.69 5.01867
12.72 5.01887
12.75 5.01908
12.78 5.01928
12.81 5.01949
12.84 5.0197
12.87 5.01991
12.9 5.02011
12.93 5.02032
12.96 5.02053
12.99 5.02074
13.02 5.02096
13.05 5.02117
13.08 5.02138
13.11 5.02159
13.14 5.02181
13.17 5.02202
13.2 5.02224
13.23 5.02246
13.26 5.02268
13.29 5.02289
13.32 5.02311
13.35 5.02333
13.38 5.02355
13.41 5.02378
13.44 5.024
13.47 5.02422
13.5 5.02445
13.53 5.02467
13.56 5.0249
13.59 5.02512
13.62 5.02535
13.65 5.02558
13.68 5.02581
13.71 5.02604
13.74 5.02627
13.77 5.0265
13.8 5.02674
13.83 5.02697
13.86 5.02721
13.89 5.02744
13.92 5.02768
13.95 5.02792
13.98 5.02816
14.01 5.0284
14.04 5.02864
14.07 5.02888
14.1 5.02912
14.13 5.02936
14.16 5.02961
14.19 5.02985
14.22 5.0301
14.25 5.03035
14.28 5.0306
14.31 5.03085
14.34 5.0311
14.37 5.03135
14.4 5.0316
14.43 5.03186
14.46 5.03211
14.49 5.03237
14.52 5.03263
14.55 5.03288
14.58 5.03314
14.61 5.0334
14.64 5.03367
14.67 5.03393
14.7 5.03419
14.73 5.03446
14.76 5.03472
14.79 5.03499
14.82 5.03526
14.85 5.03553
14.88 5.0358
14.91 5.03607
14.94 5.03634
14.97 5.03662
15 5.0369
15.03 5.03717
15.06 5.03745
15.09 5.03773
15.12 5.03801
15.15 5.03829
15.18 5.03858
15.21 5.03886
15.24 5.03915
15.27 5.03943
15.3 5.03972
15.33 5.04001
15.36 5.0403
15.39 5.0406
15.42 5.04089
15.45 5.04119
15.48 5.04148
15.51 5.04178
15.54 5.04208
15.57 5.04238
15.6 5.04268
15.63 5.04299
15.66 5.04329
15.69 5.0436
15.72 5.04391
15.75 5.04422
15.78 5.04453
15.81 5.04484
15.84 5.04515
15.87 5.04547
15.9 5.04579
15.93 5.0461
15.96 5.04642
15.99 5.04675
16.02 5.04707
16.05 5.04739
16.08 5.04772
16.11 5.04805
16.14 5.04838
16.17 5.04871
16.2 5.04904
16.23 5.04938
16.26 5.04971
16.29 5.05005
16.32 5.05039
16.35 5.05073
16.38 5.05108
16.41 5.05142
16.44 5.05177
16.47 5.05212
16.5 5.05247
16.53 5.05282
16.56 5.05317
16.59 5.05353
16.62 5.05389
16.65 5.05425
16.68 5.05461
16.71 5.05497
16.74 5.05534
16.77 5.0557
16.8 5.05607
16.83 5.05644
16.86 5.05682
16.89 5.05719
16.92 5.05757
16.95 5.05795
16.98 5.05833
17.01 5.05871
17.04 5.0591
17.07 5.05948
17.1 5.05987
17.13 5.06026
17.16 5.06066
17.19 5.06105
17.22 5.06145
17.25 5.06185
17.28 5.06225
17.31 5.06266
17.34 5.06306
17.37 5.06347
17.4 5.06388
17.43 5.0643
17.46 5.06471
17.49 5.06513
17.52 5.06555
17.55 5.06597
17.58 5.0664
17.61 5.06682
17.64 5.06725
17.67 5.06769
17.7 5.06812
17.73 5.06856
17.76 5.069
17.79 5.06944
17.82 5.06989
17.85 5.07033
17.88 5.07078
17.91 5.07124
17.94 5.07169
17.97 5.07215
18 5.07261
18.03 5.07307
18.06 5.07354
18.09 5.07401
18.12 5.07448
18.15 5.07495
18.18 5.07543
18.21 5.07591
18.24 5.07639
18.27 5.07688
18.3 5.07737
18.33 5.07786
18.36 5.07836
18.39 5.07885
18.42 5.07935
18.45 5.07986
18.48 5.08037
18.51 5.08088
18.54 5.08139
18.57 5.08191
18.6 5.08243
18.63 5.08295
18.66 5.08348
18.69 5.08401
18.72 5.08454
18.75 5.08508
18.78 5.08562
18.81 5.08616
18.84 5.08671
18.87 5.08726
18.9 5.08781
18.93 5.08837
18.96 5.08893
18.99 5.0895
19.02 5.09007
19.05 5.09064
19.08 5.09122
19.11 5.0918
19.14 5.09238
19.17 5.09297
19.2 5.09356
19.23 5.09416
19.26 5.09476
19.29 5.09537
19.32 5.09597
19.35 5.09659
19.38 5.09721
19.41 5.09783
19.44 5.09845
19.47 5.09909
19.5 5.09972
19.53 5.10036
19.56 5.10101
19.59 5.10166
19.62 5.10231
19.65 5.10297
19.68 5.10363
19.71 5.1043
19.74 5.10498
19.77 5.10565
19.8 5.10634
19.83 5.10703
19.86 5.10772
19.89 5.10842
19.92 5.10913
19.95 5.10984
19.98 5.11055
20.01 5.11128
20.04 5.112
20.07 5.11274
20.1 5.11348
20.13 5.11422
20.16 5.11497
20.19 5.11573
20.22 5.11649
20.25 5.11726
20.28 5.11804
20.31 5.11882
20.34 5.11961
20.37 5.12041
20.4 5.12121
20.43 5.12202
20.46 5.12283
20.49 5.12366
20.52 5.12449
20.55 5.12533
20.58 5.12617
20.61 5.12702
20.64 5.12788
20.67 5.12875
20.7 5.12963
20.73 5.13051
20.76 5.1314
20.79 5.1323
20.82 5.13321
20.85 5.13413
20.88 5.13505
20.91 5.13599
20.94 5.13693
20.97 5.13788
21 5.13884
21.03 5.13981
21.06 5.14079
21.09 5.14178
21.12 5.14278
21.15 5.14379
21.18 5.14481
21.21 5.14583
21.24 5.14687
21.27 5.14792
21.3 5.14898
21.33 5.15005
21.36 5.15114
21.39 5.15223
21.42 5.15333
21.45 5.15445
21.48 5.15558
21.51 5.15672
21.54 5.15787
21.57 5.15903
21.6 5.16021
21.63 5.1614
21.66 5.1626
21.69 5.16381
21.72 5.16504
21.75 5.16628
21.78 5.16753
21.81 5.1688
21.84 5.17008
21.87 5.17138
21.9 5.17269
21.93 5.17401
21.96 5.17535
21.99 5.17671
22.02 5.17808
22.05 5.17946
22.08 5.18086
22.11 5.18228
22.14 5.18371
22.17 5.18516
22.2 5.18663
22.23 5.18811
22.26 5.18961
22.29 5.19112
22.32 5.19265
22.35 5.1942
22.38 5.19577
22.41 5.19736
22.44 5.19896
22.47 5.20058
22.5 5.20222
22.53 5.20387
22.56 5.20555
22.59 5.20724
22.62 5.20896
22.65 5.21069
22.68 5.21244
22.71 5.21421
22.74 5.216
22.77 5.21781
22.8 5.21964
22.83 5.22149
22.86 5.22335
22.89 5.22524
22.92 5.22715
22.95 5.22907
22.98 5.23102
23.01 5.23299
23.04 5.23497
23.07 5.23698
23.1 5.239
23.13 5.24105
23.16 5.24311
23.19 5.24519
23.22 5.2473
23.25 5.24942
23.28 5.25156
23.31 5.25372
23.34 5.25589
23.37 5.25809
23.4 5.2603
23.43 5.26253
23.46 5.26478
23.49 5.26705
23.52 5.26933
23.55 5.27163
23.58 5.27394
23.61 5.27627
23.64 5.27861
23.67 5.28097
23.7 5.28334
23.73 5.28573
23.76 5.28813
23.79 5.29054
23.82 5.29296
23.85 5.29539
23.88 5.29783
23.91 5.30028
23.94 5.30274
23.97 5.30521
24 5.30769
24.03 5.31017
24.06 5.31265
24.09 5.31514
24.12 5.31764
24.15 5.32013
24.18 5.32263
24.21 5.32513
24.24 5.32763
24.27 5.33013
24.3 5.33263
24.33 5.33513
24.36 5.33762
24.39 5.3401
24.42 5.34258
24.45 5.34506
24.48 5.34753
24.51 5.34999
24.54 5.35243
24.57 5.35487
24.6 5.3573
24.63 5.35972
24.66 5.36212
24.69 5.36451
24.72 5.36689
24.75 5.36925
24.78 5.3716
24.81 5.37392
24.84 5.37623
24.87 5.37853
24.9 5.3808
24.93 5.38306
24.96 5.38529
24.99 5.38751
25.02 5.3897
25.05 5.39187
25.08 5.39402
25.11 5.39615
25.14 5.39825
25.17 5.40033
25.2 5.40239
25.23 5.40443
25.26 5.40644
25.29 5.40842
25.32 5.41039
25.35 5.41232
25.38 5.41424
25.41 5.41613
25.44 5.41799
25.47 5.41983
25.5 5.42165
25.53 5.42344
25.56 5.4252
25.59 5.42694
25.62 5.42866
25.65 5.43036
25.68 5.43203
25.71 5.43367
25.74 5.43529
25.77 5.43689
25.8 5.43847
25.83 5.44002
25.86 5.44155
25.89 5.44306
25.92 5.44455
25.95 5.44602
25.98 5.44746
26.01 5.44888
26.04 5.45028
26.07 5.45167
26.1 5.45303
26.13 5.45437
26.16 5.45569
26.19 5.45699
26.22 5.45828
26.25 5.45955
26.28 5.46079
26.31 5.46202
26.34 5.46324
26.37 5.46443
26.4 5.46561
26.43 5.46678
26.46 5.46792
26.49 5.46905
26.52 5.47017
26.55 5.47127
26.58 5.47236
26.61 5.47343
26.64 5.47449
26.67 5.47553
26.7 5.47656
26.73 5.47757
26.76 5.47858
26.79 5.47957
26.82 5.48054
26.85 5.48151
26.88 5.48246
26.91 5.4834
26.94 5.48433
26.97 5.48525
27 5.48615
27.03 5.48705
27.06 5.48793
27.09 5.48881
27.12 5.48967
27.15 5.49053
27.18 5.49137
27.21 5.4922
27.24 5.49303
27.27 5.49384
27.3 5.49465
27.33 5.49544
27.36 5.49623
27.39 5.49701
27.42 5.49777
27.45 5.49854
27.48 5.49929
27.51 5.50003
27.54 5.50077
27.57 5.50149
27.6 5.50221
27.63 5.50293
27.66 5.50363
27.69 5.50433
27.72 5.50502
27.75 5.5057
27.78 5.50637
27.81 5.50704
27.84 5.5077
27.87 5.50836
27.9 5.509
27.93 5.50964
27.96 5.51028
27.99 5.5109
28.02 5.51153
28.05 5.51214
28.08 5.51275
28.11 5.51335
28.14 5.51395
28.17 5.51454
28.2 5.51512
28.23 5.5157
28.26 5.51627
28.29 5.51684
28.32 5.5174
28.35 5.51795
28.38 5.5185
28.41 5.51905
28.44 5.51958
28.47 5.52012
28.5 5.52065
28.53 5.52117
28.56 5.52169
28.59 5.5222
28.62 5.52271
28.65 5.52321
28.68 5.52371
28.71 5.5242
28.74 5.52469
28.77 5.52517
28.8 5.52565
28.83 5.52613
28.86 5.5266
28.89 5.52706
28.92 5.52752
28.95 5.52798
28.98 5.52843
29.01 5.52888
29.04 5.52932
29.07 5.52976
29.1 5.53019
29.13 5.53062
29.16 5.53105
29.19 5.53147
29.22 5.53189
29.25 5.53231
29.28 5.53272
29.31 5.53312
29.34 5.53352
29.37 5.53392
29.4 5.53432
29.43 5.53471
29.46 5.5351
29.49 5.53548
29.52 5.53586
29.55 5.53624
29.58 5.53661
29.61 5.53698
29.64 5.53735
29.67 5.53771
29.7 5.53807
29.73 5.53843
29.76 5.53878
29.79 5.53913
29.82 5.53947
29.85 5.53982
29.88 5.54016
29.91 5.54049
29.94 5.54083
29.97 5.54116
30 5.54148
30.001 5
