0 0
0.03 0.609419
0.06 0.61032
0.09 0.611222
0.12 0.612124
0.15 0.613027
0.18 0.61393
0.21 0.614833
0.24 0.615737
0.27 0.61664
0.3 0.617545
0.33 0.618449
0.36 0.619354
0.39 0.620259
0.42 0.621165
0.45 0.62207
0.48 0.622977
0.51 0.623883
0.54 0.62479
0.57 0.625697
0.6 0.626605
0.63 0.627513
0.66 0.628421
0.69 0.629329
0.72 0.630238
0.75 0.631147
0.78 0.632057
0.81 0.632967
0.84 0.633877
0.87 0.634788
0.9 0.635698
0.93 0.63661
0.96 0.637521
0.99 0.638433
1.02 0.639345
1.05 0.640258
1.08 0.641171
1.11 0.642084
1.14 0.642998
1.17 0.643912
1.2 0.644826
1.23 0.64574
1.26 0.646655
1.29 0.647571
1.32 0.648486
1.35 0.649402
1.38 0.650318
1.41 0.651235
1.44 0.652152
1.47 0.653069
1.5 0.653987
1.53 0.654905
1.56 0.655824
1.59 0.656742
1.62 0.657661
1.65 0.658581
1.68 0.659501
1.71 0.660421
1.74 0.661341
1.77 0.662262
1.8 0.663183
1.83 0.664105
1.86 0.665026
1.89 0.665949
1.92 0.666871
1.95 0.667794
1.98 0.668717
2.01 0.669641
2.04 0.670565
2.07 0.671489
2.1 0.672414
2.13 0.673339
2.16 0.674265
2.19 0.67519
2.22 0.676117
2.25 0.677043
2.28 0.67797
2.31 0.678897
2.34 0.679825
2.37 0.680753
2.4 0.681681
2.43 0.68261
2.46 0.683539
2.49 0.684468
2.52 0.685398
2.55 0.686328
2.58 0.687259
2.61 0.68819
2.64 0.689121
2.67 0.690053
2.7 0.690985
2.73 0.691917
2.76 0.69285
2.79 0.693783
2.82 0.694717
2.85 0.695651
2.88 0.696585
2.91 0.69752
2.94 0.698455
2.97 0.699391
3 0.700327
3.03 0.701263
3.06 0.7022
3.09 0.703137
3.12 0.704074
3.15 0.705012
3.18 0.705951
3.21 0.706889
3.24 0.707828
3.27 0.708768
3.3 0.709708
3.33 0.710648
3.36 0.711589
3.39 0.71253
3.42 0.713472
3.45 0.714414
3.48 0.715356
3.51 0.716299
3.54 0.717242
3.57 0.718186
3.6 0.71913
3.63 0.720074
3.66 0.721019
3.69 0.721965
3.72 0.722911
3.75 0.723857
3.78 0.724803
3.81 0.725751
3.84 0.726698
3.87 0.727646
3.9 0.728595
3.93 0.729543
3.96 0.730493
3.99 0.731443
4.02 0.732393
4.05 0.733344
4.08 0.734295
4.11 0.735246
4.14 0.736198
4.17 0.737151
4.2 0.738104
4.23 0.739057
4.26 0.740011
4.29 0.740966
4.32 0.741921
4.35 0.742876
4.38 0.743832
4.41 0.744788
4.44 0.745745
4.47 0.746702
4.5 0.74766
4.53 0.748618
4.56 0.749577
4.59 0.750537
4.62 0.751496
4.65 0.752457
4.68 0.753417
4.71 0.754379
4.74 0.755341
4.77 0.756303
4.8 0.757266
4.83 0.758229
4.86 0.759193
4.89 0.760158
4.92 0.761123
4.95 0.762088
4.98 0.763054
5.01 0.764021
5.04 0.764988
5.07 0.765956
5.1 0.766924
5.13 0.767893
5.16 0.768862
5.19 0.769832
5.22 0.770803
5.25 0.771774
5.28 0.772745
5.31 0.773717
5.34 0.77469
5.37 0.775664
5.4 0.776638
5.43 0.777612
5.46 0.778587
5.49 0.779563
5.52 0.780539
5.55 0.781516
5.58 0.782494
5.61 0.783472
5.64 0.784451
5.67 0.78543
5.7 0.78641
5.73 0.787391
5.76 0.788372
5.79 0.789354
5.82 0.790337
5.85 0.79132
5.88 0.792304
5.91 0.793288
5.94 0.794274
5.97 0.795259
6 0.796246
6.03 0.797233
6.06 0.798221
6.09 0.79921
6.12 0.800199
6.15 0.801189
6.18 0.802179
6.21 0.803171
6.24 0.804163
6.27 0.805155
6.3 0.806149
6.33 0.807143
6.36 0.808138
6.39 0.809133
6.42 0.81013
6.45 0.811127
6.48 0.812125
6.51 0.813123
6.54 0.814123
6.57 0.815123
6.6 0.816124
6.63 0.817125
6.66 0.818128
6.69 0.819131
6.72 0.820135
6.75 0.82114
6.78 0.822145
6.81 0.823152
6.84 0.824159
6.87 0.825167
6.9 0.826176
6.93 0.827185
6.96 0.828196
6.99 0.829207
7.02 0.830219
7.05 0.831233
7.08 0.832246
7.11 0.833261
7.14 0.834277
7.17 0.835293
7.2 0.836311
7.23 0.837329
7.26 0.838348
7.29 0.839368
7.32 0.840389
7.35 0.841411
7.38 0.842434
7.41 0.843458
7.44 0.844482
7.47 0.845508
7.5 0.846535
7.53 0.847562
7.56 0.848591
7.59 0.84962
7.62 0.850651
7.65 0.851682
7.68 0.852714
7.71 0.853748
7.74 0.854782
7.77 0.855818
7.8 0.856854
7.83 0.857892
7.86 0.85893
7.89 0.85997
7.92 0.861011
7.95 0.862052
7.98 0.863095
8.01 0.864139
8.04 0.865184
8.07 0.86623
8.1 0.867277
8.13 0.868325
8.16 0.869375
8.19 0.870425
8.22 0.871477
8.25 0.872529
8.28 0.873583
8.31 0.874638
8.34 0.875695
8.37 0.876752
8.4 0.877811
8.43 0.878871
8.46 0.879932
8.49 0.880994
8.52 0.882057
8.55 0.883122
8.58 0.884188
8.61 0.885255
8.64 0.886323
8.67 0.887393
8.7 0.888464
8.73 0.889536
8.76 0.89061
8.79 0.891685
8.82 0.892761
8.85 0.893839
8.88 0.894917
8.91 0.895998
8.94 0.897079
8.97 0.898162
9 0.899246
9.03 0.900332
9.06 0.901419
9.09 0.902508
9.12 0.903598
9.15 0.904689
9.18 0.905782
9.21 0.906876
9.24 0.907972
9.27 0.909069
9.3 0.910168
9.33 0.911268
9.36 0.91237
9.39 0.913473
9.42 0.914578
9.45 0.915684
9.48 0.916792
9.51 0.917901
9.54 0.919012
9.57 0.920125
9.6 0.921239
9.63 0.922355
9.66 0.923472
9.69 0.924591
9.72 0.925712
9.75 0.926834
9.78 0.927958
9.81 0.929084
9.84 0.930212
9.87 0.931341
9.9 0.932472
9.93 0.933604
9.96 0.934739
9.99 0.935875
10.02 0.937013
10.05 0.938153
10.08 0.939294
10.11 0.940438
10.14 0.941583
10.17 0.94273
10.2 0.943879
10.23 0.94503
10.26 0.946182
10.29 0.947337
10.32 0.948493
10.35 0.949652
10.38 0.950812
10.41 0.951975
10.44 0.953139
10.47 0.954305
10.5 0.955474
10.53 0.956644
10.56 0.957816
10.59 0.958991
10.62 0.960167
10.65 0.961346
10.68 0.962527
10.71 0.963709
10.74 0.964894
10.77 0.966082
10.8 0.967271
10.83 0.968462
10.86 0.969656
10.89 0.970852
10.92 0.97205
10.95 0.97325
10.98 0.974453
11.01 0.975657
11.04 0.976865
11.07 0.978074
11.1 0.979286
11.13 0.9805
11.16 0.981717
11.19 0.982935
11.22 0.984157
11.25 0.98538
11.28 0.986606
11.31 0.987835
11.34 0.989066
11.37 0.9903
11.4 0.991536
11.43 0.992774
11.46 0.994015
11.49 0.995259
11.52 0.996505
11.55 0.997754
11.58 0.999006
11.61 1.00026
11.64 1.00152
11.67 1.00278
11.7 1.00404
11.73 1.0053
11.76 1.00657
11.79 1.00784
11.82 1.00911
11.85 1.01039
11.88 1.01167
11.91 1.01295
11.94 1.01423
11.97 1.01552
12 1.01681
12.03 1.01811
12.06 1.0194
12.09 1.0207
12.12 1.022
12.15 1.02331
12.18 1.02462
12.21 1.02593
12.24 1.02724
12.27 1.02856
12.3 1.02988
12.33 1.0312
12.36 1.03253
12.39 1.03386
12.42 1.03519
12.45 1.03653
12.48 1.03787
12.51 1.03921
12.54 1.04056
12.57 1.04191
12.6 1.04326
12.63 1.04461
12.66 1.04597
12.69 1.04734
12.72 1.0487
12.75 1.05007
12.78 1.05145
12.81 1.05282
12.84 1.0542
12.87 1.05559
12.9 1.05698
12.93 1.05837
12.96 1.05976
12.99 1.06116
13.02 1.06256
13.05 1.06397
13.08 1.06538
13.11 1.06679
13.14 1.06821
13.17 1.06963
13.2 1.07105
13.23 1.07248
13.26 1.07392
13.29 1.07535
13.32 1.07679
13.35 1.07824
13.38 1.07969
13.41 1.08114
13.44 1.08259
13.47 1.08406
13.5 1.08552
13.53 1.08699
13.56 1.08846
13.59 1.08994
13.62 1.09142
13.65 1.09291
13.68 1.0944
13.71 1.09589
13.74 1.09739
13.77 1.09889
13.8 1.1004
13.83 1.10191
13.86 1.10343
13.89 1.10495
13.92 1.10648
13.95 1.10801
13.98 1.10954
14.01 1.11108
14.04 1.11263
14.07 1.11418
14.1 1.11573
14.13 1.11729
14.16 1.11885
14.19 1.12042
14.22 1.12199
14.25 1.12357
14.28 1.12515
14.31 1.12674
14.34 1.12833
14.37 1.12993
14.4 1.13153
14.43 1.13314
14.46 1.13475
14.49 1.13637
14.52 1.138
14.55 1.13962
14.58 1.14126
14.61 1.1429
14.64 1.14454
14.67 1.14619
14.7 1.14785
14.73 1.14951
14.76 1.15117
14.79 1.15284
14.82 1.15452
14.85 1.1562
14.88 1.15789
14.91 1.15959
14.94 1.16129
14.97 1.16299
15 1.1647
15.03 1.16642
15.06 1.16814
15.09 1.16987
15.12 1.17161
15.15 1.17335
15.18 1.17509
15.21 1.17685
15.24 1.17861
15.27 1.18037
15.3 1.18214
15.33 1.18392
15.36 1.1857
15.39 1.18749
15.42 1.18929
15.45 1.19109
15.48 1.1929
15.51 1.19472
15.54 1.19654
15.57 1.19837
15.6 1.2002
15.63 1.20204
15.66 1.20389
15.69 1.20575
15.72 1.20761
15.75 1.20948
15.78 1.21135
15.81 1.21323
15.84 1.21512
15.87 1.21702
15.9 1.21892
15.93 1.22083
15.96 1.22275
15.99 1.22467
16.02 1.22661
16.05 1.22855
16.08 1.23049
16.11 1.23245
16.14 1.23441
16.17 1.23638
16.2 1.23835
16.23 1.24033
16.26 1.24233
16.29 1.24433
16.32 1.24633
16.35 1.24835
16.38 1.25037
16.41 1.2524
16.44 1.25444
16.47 1.25648
16.5 1.25854
16.53 1.2606
16.56 1.26267
16.59 1.26475
16.62 1.26683
16.65 1.26893
16.68 1.27103
16.71 1.27314
16.74 1.27526
16.77 1.27739
16.8 1.27953
16.83 1.28167
16.86 1.28383
16.89 1.28599
16.92 1.28816
16.95 1.29034
16.98 1.29253
17.01 1.29473
17.04 1.29694
17.07 1.29915
17.1 1.30138
17.13 1.30361
17.16 1.30586
17.19 1.30811
17.22 1.31038
17.25 1.31265
17.28 1.31493
17.31 1.31722
17.34 1.31952
17.37 1.32184
17.4 1.32416
17.43 1.32649
17.46 1.32883
17.49 1.33118
17.52 1.33354
17.55 1.33591
17.58 1.33829
17.61 1.34069
17.64 1.34309
17.67 1.3455
17.7 1.34793
17.73 1.35036
17.76 1.35281
17.79 1.35526
17.82 1.35773
17.85 1.36021
17.88 1.3627
17.91 1.3652
17.94 1.36771
17.97 1.37023
18 1.37276
18.03 1.37531
18.06 1.37787
18.09 1.38044
18.12 1.38302
18.15 1.38561
18.18 1.38822
18.21 1.39083
18.24 1.39346
18.27 1.3961
18.3 1.39876
18.33 1.40143
18.36 1.40411
18.39 1.4068
18.42 1.4095
18.45 1.41222
18.48 1.41495
18.51 1.4177
18.54 1.42045
18.57 1.42323
18.6 1.42601
18.63 1.42881
18.66 1.43162
18.69 1.43445
18.72 1.43729
18.75 1.44014
18.78 1.44301
18.81 1.4459
18.84 1.4488
18.87 1.45171
18.9 1.45464
18.93 1.45758
18.96 1.46054
18.99 1.46352
19.02 1.46651
19.05 1.46951
19.08 1.47253
19.11 1.47557
19.14 1.47863
19.17 1.4817
19.2 1.48479
19.23 1.48789
19.26 1.49101
19.29 1.49415
19.32 1.49731
19.35 1.50048
19.38 1.50367
19.41 1.50688
19.44 1.51011
19.47 1.51335
19.5 1.51662
19.53 1.5199
19.56 1.52321
19.59 1.52653
19.62 1.52987
19.65 1.53323
19.68 1.53661
19.71 1.54002
19.74 1.54344
19.77 1.54688
19.8 1.55035
19.83 1.55384
19.86 1.55734
19.89 1.56087
19.92 1.56443
19.95 1.568
19.98 1.5716
20.01 1.57522
20.04 1.57887
20.07 1.58253
20.1 1.58623
20.13 1.58994
20.16 1.59369
20.19 1.59745
20.22 1.60125
20.25 1.60507
20.28 1.60891
20.31 1.61278
20.34 1.61668
20.37 1.62061
20.4 1.62457
20.43 1.62855
20.46 1.63256
20.49 1.6366
20.52 1.64067
20.55 1.64477
20.58 1.64891
20.61 1.65307
20.64 1.65726
20.67 1.66149
20.7 1.66575
20.73 1.67004
20.76 1.67437
20.79 1.67873
20.82 1.68312
20.85 1.68755
20.88 1.69201
20.91 1.69652
20.94 1.70105
20.97 1.70563
21 1.71024
21.03 1.7149
21.06 1.71959
21.09 1.72432
21.12 1.7291
21.15 1.73391
21.18 1.73877
21.21 1.74367
21.24 1.74861
21.27 1.75359
21.3 1.75863
21.33 1.7637
21.36 1.76883
21.39 1.774
21.42 1.77922
21.45 1.78448
21.48 1.7898
21.51 1.79517
21.54 1.80058
21.57 1.80606
21.6 1.81158
21.63 1.81715
21.66 1.82279
21.69 1.82847
21.72 1.83422
21.75 1.84002
21.78 1.84587
21.81 1.85179
21.84 1.85777
21.87 1.86381
21.9 1.86991
21.93 1.87607
21.96 1.8823
21.99 1.88859
22.02 1.89495
22.05 1.90138
22.08 1.90787
22.11 1.91443
22.14 1.92106
22.17 1.92777
22.2 1.93454
22.23 1.94139
22.26 1.94831
22.29 1.95531
22.32 1.96238
22.35 1.96953
22.38 1.97676
22.41 1.98407
22.44 1.99146
22.47 1.99892
22.5 2.00648
22.53 2.01411
22.56 2.02183
22.59 2.02963
22.62 2.03752
22.65 2.0455
22.68 2.05356
22.71 2.06172
22.74 2.06996
22.77 2.07829
22.8 2.08672
22.83 2.09524
22.86 2.10385
22.89 2.11255
22.92 2.12135
22.95 2.13024
22.98 2.13923
23.01 2.14831
23.04 2.15749
23.07 2.16677
23.1 2.17614
23.13 2.18561
23.16 2.19518
23.19 2.20485
23.22 2.21461
23.25 2.22447
23.28 2.23443
23.31 2.24449
23.34 2.25465
23.37 2.2649
23.4 2.27525
23.43 2.2857
23.46 2.29624
23.49 2.30688
23.52 2.31761
23.55 2.32844
23.58 2.33935
23.61 2.35036
23.64 2.36146
23.67 2.37265
23.7 2.38392
23.73 2.39528
23.76 2.40673
23.79 2.41825
23.82 2.42986
23.85 2.44154
23.88 2.4533
23.91 2.46514
23.94 2.47704
23.97 2.48901
24 2.50105
24.03 2.51314
24.06 2.5253
24.09 2.53752
24.12 2.54978
24.15 2.5621
24.18 2.57446
24.21 2.58687
24.24 2.59931
24.27 2.61179
24.3 2.6243
24.33 2.63683
24.36 2.64939
24.39 2.66197
24.42 2.67456
24.45 2.68716
24.48 2.69976
24.51 2.71237
24.54 2.72497
24.57 2.73756
24.6 2.75014
24.63 2.76271
24.66 2.77525
24.69 2.78776
24.72 2.80024
24.75 2.81269
24.78 2.82509
24.81 2.83745
24.84 2.84976
24.87 2.86202
24.9 2.87421
24.93 2.88634
24.96 2.89841
24.99 2.9104
25.02 2.92232
25.05 2.93415
25.08 2.9459
25.11 2.95757
25.14 2.96914
25.17 2.98062
25.2 2.992
25.23 3.00328
25.26 3.01445
25.29 3.02551
25.32 3.03647
25.35 3.04731
25.38 3.05803
25.41 3.06864
25.44 3.07912
25.47 3.08949
25.5 3.09972
25.53 3.10983
25.56 3.11982
25.59 3.12967
25.62 3.1394
25.65 3.14899
25.68 3.15845
25.71 3.16777
25.74 3.17696
25.77 3.18602
25.8 3.19494
25.83 3.20373
25.86 3.21238
25.89 3.22089
25.92 3.22928
25.95 3.23752
25.98 3.24563
26.01 3.25361
26.04 3.26146
26.07 3.26917
26.1 3.27675
26.13 3.2842
26.16 3.29152
26.19 3.29872
26.22 3.30578
26.25 3.31272
26.28 3.31954
26.31 3.32623
26.34 3.3328
26.37 3.33925
26.4 3.34558
26.43 3.35179
26.46 3.35789
26.49 3.36387
26.52 3.36975
26.55 3.37551
26.58 3.38116
26.61 3.3867
26.64 3.39214
26.67 3.39748
26.7 3.40271
26.73 3.40785
26.76 3.41288
26.79 3.41782
26.82 3.42267
26.85 3.42742
26.88 3.43208
26.91 3.43665
26.94 3.44114
26.97 3.44553
27 3.44985
27.03 3.45408
27.06 3.45823
27.09 3.4623
27.12 3.4663
27.15 3.47022
27.18 3.47406
27.21 3.47784
27.24 3.48154
27.27 3.48517
27.3 3.48873
27.33 3.49223
27.36 3.49566
27.39 3.49903
27.42 3.50234
27.45 3.50559
27.48 3.50877
27.51 3.5119
27.54 3.51497
27.57 3.51799
27.6 3.52095
27.63 3.52386
27.66 3.52672
27.69 3.52953
27.72 3.53229
27.75 3.535
27.78 3.53766
27.81 3.54028
27.84 3.54285
27.87 3.54537
27.9 3.54786
27.93 3.5503
27.96 3.5527
27.99 3.55506
28.02 3.55738
28.05 3.55967
28.08 3.56191
28.11 3.56412
28.14 3.56629
28.17 3.56843
28.2 3.57053
28.23 3.5726
28.26 3.57464
28.29 3.57665
28.32 3.57862
28.35 3.58056
28.38 3.58248
28.41 3.58436
28.44 3.58621
28.47 3.58804
28.5 3.58984
28.53 3.59161
28.56 3.59336
28.59 3.59508
28.62 3.59677
28.65 3.59844
28.68 3.60009
28.71 3.60171
28.74 3.60331
28.77 3.60489
28.8 3.60644
28.83 3.60797
28.86 3.60948
28.89 3.61097
28.92 3.61244
28.95 3.61389
28.98 3.61532
29.01 3.61673
29.04 3.61812
29.07 3.61949
29.1 3.62085
29.13 3.62218
29.16 3.6235
29.19 3.6248
29.22 3.62609
29.25 3.62736
29.28 3.62861
29.31 3.62985
29.34 3.63107
29.37 3.63227
29.4 3.63346
29.43 3.63464
29.46 3.6358
29.49 3.63694
29.52 3.63808
29.55 3.63919
29.58 3.6403
29.61 3.64139
29.64 3.64247
29.67 3.64354
29.7 3.64459
29.73 3.64563
29.76 3.64666
29.79 3.64768
29.82 3.64868
29.85 3.64967
29.88 3.65066
29.91 3.65163
29.94 3.65259
29.97 3.65354
30 3.65447
30.001 0
