0 -10
0.03 -8.68479
0.06 -8.68469
0.09 -8.68458
0.12 -8.68447
0.15 -8.68437
0.18 -8.68426
0.21 -8.68416
0.24 -8.68405
0.27 -8.68395
0.3 -8.68384
0.33 -8.68374
0.36 -8.68363
0.39 -8.68353
0.42 -8.68342
0.45 -8.68332
0.48 -8.68321
0.51 -8.68311
0.54 -8.683
0.57 -8.6829
0.6 -8.68279
0.63 -8.68269
0.66 -8.68258
0.69 -8.68248
0.72 -8.68237
0.75 -8.68227
0.78 -8.68216
0.81 -8.68206
0.84 -8.68196
0.87 -8.68185
0.9 -8.68175
0.93 -8.68164
0.96 -8.68154
0.99 -8.68143
1.02 -8.68133
1.05 -8.68122
1.08 -8.68112
1.11 -8.68101
1.14 -8.68091
1.17 -8.68081
1.2 -8.6807
1.23 -8.6806
1.26 -8.68049
1.29 -8.68039
1.32 -8.68028
1.35 -8.68018
1.38 -8.68008
1.41 -8.67997
1.44 -8.67987
1.47 -8.67976
1.5 -8.67966
1.53 -8.67956
1.56 -8.67945
1.59 -8.67935
1.62 -8.67924
1.65 -8.67914
1.68 -8.67904
1.71 -8.67893
1.74 -8.67883
1.77 -8.67872
1.8 -8.67862
1.83 -8.67852
1.86 -8.67841
1.89 -8.67831
1.92 -8.67821
1.95 -8.6781
1.98 -8.678
2.01 -8.67789
2.04 -8.67779
2.07 -8.67769
2.1 -8.67758
2.13 -8.67748
2.16 -8.67738
2.19 -8.67727
2.22 -8.67717
2.25 -8.67707
2.28 -8.67696
2.31 -8.67686
2.34 -8.67676
2.37 -8.67665
2.4 -8.67655
2.43 -8.67645
2.46 -8.67635
2.49 -8.67624
2.52 -8.67614
2.55 -8.67604
2.58 -8.67593
2.61 -8.67583
2.64 -8.67573
2.67 -8.67562
2.7 -8.67552
2.73 -8.67542
2.76 -8.67532
2.79 -8.67521
2.82 -8.67511
2.85 -8.67501
2.88 -8.67491
2.91 -8.6748
2.94 -8.6747
2.97 -8.6746
3 -8.6745
3.03 -8.67439
3.06 -8.67429
3.09 -8.67419
3.12 -8.67409
3.15 -8.67398
3.18 -8.67388
3.21 -8.67378
3.24 -8.67368
3.27 -8.67357
3.3 -8.67347
3.33 -8.67337
3.36 -8.67327
3.39 -8.67317
3.42 -8.67306
3.45 -8.67296
3.48 -8.67286
3.51 -8.67276
3.54 -8.67266
3.57 -8.67255
3.6 -8.67245
3.63 -8.67235
3.66 -8.67225
3.69 -8.67215
3.72 -8.67205
3.75 -8.67194
3.78 -8.67184
3.81 -8.67174
3.84 -8.67164
3.87 -8.67154
3.9 -8.67144
3.93 -8.67134
3.96 -8.67123
3.99 -8.67113
4.02 -8.67103
4.05 -8.67093
4.08 -8.67083
4.11 -8.67073
4.14 -8.67063
4.17 -8.67052
4.2 -8.67042
4.23 -8.67032
4.26 -8.67022
4.29 -8.67012
4.32 -8.67002
4.35 -8.66992
4.38 -8.66982
4.41 -8.66972
4.44 -8.66962
4.47 -8.66952
4.5 -8.66941
4.53 -8.66931
4.56 -8.66921
4.59 -8.66911
4.62 -8.66901
4.65 -8.66891
4.68 -8.66881
4.71 -8.66871
4.74 -8.66861
4.77 -8.66851
4.8 -8.66841
4.83 -8.66831
4.86 -8.66821
4.89 -8.66811
4.92 -8.66801
4.95 -8.66791
4.98 -8.66781
5.01 -8.66771
5.04 -8.66761
5.07 -8.66751
5.1 -8.66741
5.13 -8.66731
5.16 -8.66721
5.19 -8.66711
5.22 -8.66701
5.25 -8.66691
5.28 -8.66681
5.31 -8.66671
5.34 -8.66661
5.37 -8.66651
5.4 -8.66641
5.43 -8.66631
5.46 -8.66621
5.49 -8.66611
5.52 -8.66601
5.55 -8.66591
5.58 -8.66581
5.61 -8.66571
5.64 -8.66561
5.67 -8.66551
5.7 -8.66541
5.73 -8.66531
5.76 -8.66521
5.79 -8.66511
5.82 -8.66501
5.85 -8.66491
5.88 -8.66481
5.91 -8.66471
5.94 -8.66462
5.97 -8.66452
6 -8.66442
6.03 -8.66432
6.06 -8.66422
6.09 -8.66412
6.12 -8.66402
6.15 -8.66392
6.18 -8.66382
6.21 -8.66372
6.24 -8.66363
6.27 -8.66353
6.3 -8.66343
6.33 -8.66333
6.36 -8.66323
6.39 -8.66313
6.42 -8.66303
6.45 -8.66293
6.48 -8.66284
6.51 -8.66274
6.54 -8.66264
6.57 -8.66254
6.6 -8.66244
6.63 -8.66234
6.66 -8.66224
6.69 -8.66215
6.72 -8.66205
6.75 -8.66195
6.78 -8.66185
6.81 -8.66175
6.84 -8.66165
6.87 -8.66156
6.9 -8.66146
6.93 -8.66136
6.96 -8.66126
6.99 -8.66116
7.02 -8.66107
7.05 -8.66097
7.08 -8.66087
7.11 -8.66077
7.14 -8.66067
7.17 -8.66058
7.2 -8.66048
7.23 -8.66038
7.26 -8.66028
7.29 -8.66018
7.32 -8.66009
7.35 -8.65999
7.38 -8.65989
7.41 -8.65979
7.44 -8.6597
7.47 -8.6596
7.5 -8.6595
7.53 -8.6594
7.56 -8.65931
7.59 -8.65921
7.62 -8.65911
7.65 -8.65901
7.68 -8.65892
7.71 -8.65882
7.74 -8.65872
7.77 -8.65862
7.8 -8.65853
7.83 -8.65843
7.86 -8.65833
7.89 -8.65824
7.92 -8.65814
7.95 -8.65804
7.98 -8.65794
8.01 -8.65785
8.04 -8.65775
8.07 -8.65765
8.1 -8.65756
8.13 -8.65746
8.16 -8.65736
8.19 -8.65727
8.22 -8.65717
8.25 -8.65707
8.28 -8.65698
8.31 -8.65688
8.34 -8.65678
8.37 -8.65669
8.4 -8.65659
8.43 -8.65649
8.46 -8.6564
8.49 -8.6563
8.52 -8.6562
8.55 -8.65611
8.58 -8.65601
8.61 -8.65591
8.64 -8.65582
8.67 -8.65572
8.7 -8.65562
8.73 -8.65553
8.76 -8.65543
8.79 -8.65533
8.82 -8.65524
8.85 -8.65514
8.88 -8.65505
8.91 -8.65495
8.94 -8.65485
8.97 -8.65476
9 -8.65466
9.03 -8.65456
9.06 -8.65447
9.09 -8.65437
9.12 -8.65428
9.15 -8.65418
9.18 -8.65408
9.21 -8.65399
9.24 -8.65389
9.27 -8.6538
9.3 -8.6537
9.33 -8.65361
9.36 -8.65351
9.39 -8.65341
9.42 -8.65332
9.45 -8.65322
9.48 -8.65313
9.51 -8.65303
9.54 -8.65294
9.57 -8.65284
9.6 -8.65275
9.63 -8.65265
9.66 -8.65255
9.69 -8.65246
9.72 -8.65236
9.75 -8.65227
9.78 -8.65217
9.81 -8.65208
9.84 -8.65198
9.87 -8.65189
9.9 -8.65179
9.93 -8.6517
9.96 -8.6516
9.99 -8.65151
10.02 -8.65141
10.05 -8.65132
10.08 -8.65122
10.11 -8.65113
10.14 -8.65103
10.17 -8.65094
10.2 -8.65084
10.23 -8.65075
10.26 -8.65065
10.29 -8.65056
10.32 -8.65046
10.35 -8.65037
10.38 -8.65027
10.41 -8.65018
10.44 -8.65008
10.47 -8.64999
10.5 -8.64989
10.53 -8.6498
10.56 -8.6497
10.59 -8.64961
10.62 -8.64952
10.65 -8.64942
10.68 -8.64933
10.71 -8.64923
10.74 -8.64914
10.77 -8.64904
10.8 -8.64895
10.83 -8.64886
10.86 -8.64876
10.89 -8.64867
10.92 -8.64857
10.95 -8.64848
10.98 -8.64838
11.01 -8.64829
11.04 -8.6482
11.07 -8.6481
11.1 -8.64801
11.13 -8.64791
11.16 -8.64782
11.19 -8.64773
11.22 -8.64763
11.25 -8.64754
11.28 -8.64745
11.31 -8.64735
11.34 -8.64726
11.37 -8.64716
11.4 -8.64707
11.43 -8.64698
11.46 -8.64688
11.49 -8.64679
11.52 -8.6467
11.55 -8.6466
11.58 -8.64651
11.61 -8.64642
11.64 -8.64632
11.67 -8.64623
11.7 -8.64614
11.73 -8.64604
11.76 -8.64595
11.79 -8.64586
11.82 -8.64577
11.85 -8.64567
11.88 -8.64558
11.91 -8.64549
11.94 -8.64539
11.97 -8.6453
12 -8.64521
12.03 -8.64512
12.06 -8.64502
12.09 -8.64493
12.12 -8.64484
12.15 -8.64475
12.18 -8.64465
12.21 -8.64456
12.24 -8.64447
12.27 -8.64438
12.3 -8.64428
12.33 -8.64419
12.36 -8.6441
12.39 -8.64401
12.42 -8.64392
12.45 -8.64382
12.48 -8.64373
12.51 -8.64364
12.54 -8.64355
12.57 -8.64346
12.6 -8.64336
12.63 -8.64327
12.66 -8.64318
12.69 -8.64309
12.72 -8.643
12.75 -8.64291
12.78 -8.64282
12.81 -8.64272
12.84 -8.64263
12.87 -8.64254
12.9 -8.64245
12.93 -8.64236
12.96 -8.64227
12.99 -8.64218
13.02 -8.64209
13.05 -8.642
13.08 -8.64191
13.11 -8.64182
13.14 -8.64172
13.17 -8.64163
13.2 -8.64154
13.23 -8.64145
13.26 -8.64136
13.29 -8.64127
13.32 -8.64118
13.35 -8.64109
13.38 -8.641
13.41 -8.64091
13.44 -8.64082
13.47 -8.64073
13.5 -8.64064
13.53 -8.64055
13.56 -8.64046
13.59 -8.64038
13.62 -8.64029
13.65 -8.6402
13.68 -8.64011
13.71 -8.64002
13.74 -8.63993
13.77 -8.63984
13.8 -8.63975
13.83 -8.63966
13.86 -8.63957
13.89 -8.63949
13.92 -8.6394
13.95 -8.63931
13.98 -8.63922
14.01 -8.63913
14.04 -8.63904
14.07 -8.63896
14.1 -8.63887
14.13 -8.63878
14.16 -8.63869
14.19 -8.63861
14.22 -8.63852
14.25 -8.63843
14.28 -8.63834
14.31 -8.63826
14.34 -8.63817
14.37 -8.63808
14.4 -8.638
14.43 -8.63791
14.46 -8.63782
14.49 -8.63774
14.52 -8.63765
14.55 -8.63756
14.58 -8.63748
14.61 -8.63739
14.64 -8.63731
14.67 -8.63722
14.7 -8.63714
14.73 -8.63705
14.76 -8.63697
14.79 -8.63688
14.82 -8.63679
14.85 -8.63671
14.88 -8.63663
14.91 -8.63654
14.94 -8.63646
14.97 -8.63637
15 -8.63629
15.03 -8.6362
15.06 -8.63612
15.09 -8.63604
15.12 -8.63595
15.15 -8.63587
15.18 -8.63579
15.21 -8.6357
15.24 -8.63562
15.27 -8.63554
15.3 -8.63545
15.33 -8.63537
15.36 -8.63529
15.39 -8.63521
15.42 -8.63513
15.45 -8.63504
15.48 -8.63496
15.51 -8.63488
15.54 -8.6348
15.57 -8.63472
15.6 -8.63464
15.63 -8.63456
15.66 -8.63448
15.69 -8.6344
15.72 -8.63432
15.75 -8.63424
15.78 -8.63416
15.81 -8.63408
15.84 -8.634
15.87 -8.63392
15.9 -8.63384
15.93 -8.63376
15.96 -8.63368
15.99 -8.63361
16.02 -8.63353
16.05 -8.63345
16.08 -8.63337
16.11 -8.6333
16.14 -8.63322
16.17 -8.63314
16.2 -8.63307
16.23 -8.63299
16.26 -8.63291
16.29 -8.63284
16.32 -8.63276
16.35 -8.63269
16.38 -8.63261
16.41 -8.63254
16.44 -8.63246
16.47 -8.63239
16.5 -8.63231
16.53 -8.63224
16.56 -8.63217
16.59 -8.63209
16.62 -8.63202
16.65 -8.63195
16.68 -8.63187
16.71 -8.6318
16.74 -8.63173
16.77 -8.63166
16.8 -8.63159
16.83 -8.63152
16.86 -8.63145
16.89 -8.63138
16.92 -8.63131
16.95 -8.63124
16.98 -8.63117
17.01 -8.6311
17.04 -8.63103
17.07 -8.63096
17.1 -8.63089
17.13 -8.63083
17.16 -8.63076
17.19 -8.63069
17.22 -8.63062
17.25 -8.63056
17.28 -8.63049
17.31 -8.63043
17.34 -8.63036
17.37 -8.6303
17.4 -8.63023
17.43 -8.63017
17.46 -8.63011
17.49 -8.63004
17.52 -8.62998
17.55 -8.62992
17.58 -8.62985
17.61 -8.62979
17.64 -8.62973
17.67 -8.62967
17.7 -8.62961
17.73 -8.62955
17.76 -8.62949
17.79 -8.62943
17.82 -8.62937
17.85 -8.62932
17.88 -8.62926
17.91 -8.6292
17.94 -8.62914
17.97 -8.62909
18 -8.62903
18.03 -8.62898
18.06 -8.62892
18.09 -8.62887
18.12 -8.62881
18.15 -8.62876
18.18 -8.62871
18.21 -8.62866
18.24 -8.6286
18.27 -8.62855
18.3 -8.6285
18.33 -8.62845
18.36 -8.6284
18.39 -8.62835
18.42 -8.62831
18.45 -8.62826
18.48 -8.62821
18.51 -8.62817
18.54 -8.62812
18.57 -8.62807
18.6 -8.62803
18.63 -8.62799
18.66 -8.62794
18.69 -8.6279
18.72 -8.62786
18.75 -8.62782
18.78 -8.62778
18.81 -8.62774
18.84 -8.6277
18.87 -8.62766
18.9 -8.62762
18.93 -8.62758
18.96 -8.62755
18.99 -8.62751
19.02 -8.62748
19.05 -8.62744
19.08 -8.62741
19.11 -8.62738
19.14 -8.62735
19.17 -8.62731
19.2 -8.62728
19.23 -8.62726
19.26 -8.62723
19.29 -8.6272
19.32 -8.62717
19.35 -8.62715
19.38 -8.62712
19.41 -8.6271
19.44 -8.62708
19.47 -8.62705
19.5 -8.62703
19.53 -8.62701
19.56 -8.62699
19.59 -8.62698
19.62 -8.62696
19.65 -8.62694
19.68 -8.62693
19.71 -8.62691
19.74 -8.6269
19.77 -8.62689
19.8 -8.62688
19.83 -8.62687
19.86 -8.62686
19.89 -8.62686
19.92 -8.62685
19.95 -8.62685
19.98 -8.62684
20.01 -8.62684
20.04 -8.62684
20.07 -8.62684
20.1 -8.62684
20.13 -8.62685
20.16 -8.62685
20.19 -8.62686
20.22 -8.62687
20.25 -8.62687
20.28 -8.62689
20.31 -8.6269
20.34 -8.62691
20.37 -8.62693
20.4 -8.62694
20.43 -8.62696
20.46 -8.62698
20.49 -8.627
20.52 -8.62703
20.55 -8.62705
20.58 -8.62708
20.61 -8.62711
20.64 -8.62714
20.67 -8.62717
20.7 -8.62721
20.73 -8.62724
20.76 -8.62728
20.79 -8.62732
20.82 -8.62737
20.85 -8.62741
20.88 -8.62746
20.91 -8.62751
20.94 -8.62756
20.97 -8.62761
21 -8.62767
21.03 -8.62773
21.06 -8.62779
21.09 -8.62785
21.12 -8.62792
21.15 -8.62799
21.18 -8.62806
21.21 -8.62813
21.24 -8.62821
21.27 -8.62829
21.3 -8.62837
21.33 -8.62845
21.36 -8.62854
21.39 -8.62863
21.42 -8.62873
21.45 -8.62883
21.48 -8.62893
21.51 -8.62903
21.54 -8.62914
21.57 -8.62925
21.6 -8.62936
21.63 -8.62948
21.66 -8.6296
21.69 -8.62973
21.72 -8.62986
21.75 -8.62999
21.78 -8.63013
21.81 -8.63027
21.84 -8.63042
21.87 -8.63057
21.9 -8.63072
21.93 -8.63088
21.96 -8.63105
21.99 -8.63121
22.02 -8.63139
22.05 -8.63156
22.08 -8.63175
22.11 -8.63194
22.14 -8.63213
22.17 -8.63233
22.2 -8.63253
22.23 -8.63274
22.26 -8.63296
22.29 -8.63318
22.32 -8.63341
22.35 -8.63364
22.38 -8.63388
22.41 -8.63412
22.44 -8.63438
22.47 -8.63463
22.5 -8.6349
22.53 -8.63517
22.56 -8.63545
22.59 -8.63574
22.62 -8.63603
22.65 -8.63634
22.68 -8.63665
22.71 -8.63696
22.74 -8.63729
22.77 -8.63762
22.8 -8.63797
22.83 -8.63832
22.86 -8.63868
22.89 -8.63905
22.92 -8.63943
22.95 -8.63981
22.98 -8.64021
23.01 -8.64062
23.04 -8.64103
23.07 -8.64146
23.1 -8.6419
23.13 -8.64235
23.16 -8.64281
23.19 -8.64328
23.22 -8.64376
23.25 -8.64425
23.28 -8.64476
23.31 -8.64527
23.34 -8.6458
23.37 -8.64634
23.4 -8.6469
23.43 -8.64747
23.46 -8.64805
23.49 -8.64864
23.52 -8.64925
23.55 -8.64987
23.58 -8.65051
23.61 -8.65116
23.64 -8.65182
23.67 -8.65251
23.7 -8.6532
23.73 -8.65391
23.76 -8.65464
23.79 -8.65539
23.82 -8.65615
23.85 -8.65693
23.88 -8.65772
23.91 -8.65853
23.94 -8.65936
23.97 -8.66021
24 -8.66108
24.03 -8.66196
24.06 -8.66286
24.09 -8.66379
24.12 -8.66473
24.15 -8.66569
24.18 -8.66667
24.21 -8.66767
24.24 -8.66869
24.27 -8.66974
24.3 -8.6708
24.33 -8.67188
24.36 -8.67299
24.39 -8.67412
24.42 -8.67527
24.45 -8.67644
24.48 -8.67763
24.51 -8.67885
24.54 -8.68009
24.57 -8.68135
24.6 -8.68263
24.63 -8.68394
24.66 -8.68527
24.69 -8.68663
24.72 -8.68801
24.75 -8.68941
24.78 -8.69083
24.81 -8.69229
24.84 -8.69376
24.87 -8.69526
24.9 -8.69678
24.93 -8.69833
24.96 -8.6999
24.99 -8.7015
25.02 -8.70312
25.05 -8.70476
25.08 -8.70643
25.11 -8.70812
25.14 -8.70984
25.17 -8.71158
25.2 -8.71334
25.23 -8.71513
25.26 -8.71694
25.29 -8.71877
25.32 -8.72063
25.35 -8.7225
25.38 -8.7244
25.41 -8.72633
25.44 -8.72827
25.47 -8.73024
25.5 -8.73222
25.53 -8.73423
25.56 -8.73626
25.59 -8.7383
25.62 -8.74037
25.65 -8.74245
25.68 -8.74456
25.71 -8.74668
25.74 -8.74881
25.77 -8.75097
25.8 -8.75314
25.83 -8.75532
25.86 -8.75752
25.89 -8.75974
25.92 -8.76196
25.95 -8.7642
25.98 -8.76645
26.01 -8.76872
26.04 -8.77099
26.07 -8.77327
26.1 -8.77557
26.13 -8.77787
26.16 -8.78018
26.19 -8.78249
26.22 -8.78481
26.25 -8.78714
26.28 -8.78947
26.31 -8.79181
26.34 -8.79415
26.37 -8.79649
26.4 -8.79883
26.43 -8.80118
26.46 -8.80352
26.49 -8.80586
26.52 -8.80821
26.55 -8.81055
26.58 -8.81288
26.61 -8.81522
26.64 -8.81754
26.67 -8.81987
26.7 -8.82219
26.73 -8.8245
26.76 -8.82681
26.79 -8.8291
26.82 -8.83139
26.85 -8.83367
26.88 -8.83595
26.91 -8.83821
26.94 -8.84046
26.97 -8.8427
27 -8.84493
27.03 -8.84715
27.06 -8.84935
27.09 -8.85155
27.12 -8.85373
27.15 -8.85589
27.18 -8.85804
27.21 -8.86018
27.24 -8.8623
27.27 -8.86441
27.3 -8.86651
27.33 -8.86858
27.36 -8.87064
27.39 -8.87269
27.42 -8.87472
27.45 -8.87673
27.48 -8.87873
27.51 -8.88071
27.54 -8.88267
27.57 -8.88461
27.6 -8.88654
27.63 -8.88845
27.66 -8.89035
27.69 -8.89222
27.72 -8.89408
27.75 -8.89592
27.78 -8.89774
27.81 -8.89955
27.84 -8.90133
27.87 -8.9031
27.9 -8.90486
27.93 -8.90659
27.96 -8.90831
27.99 -8.91001
28.02 -8.91169
28.05 -8.91335
28.08 -8.915
28.11 -8.91663
28.14 -8.91824
28.17 -8.91983
28.2 -8.92141
28.23 -8.92297
28.26 -8.92452
28.29 -8.92604
28.32 -8.92755
28.35 -8.92905
28.38 -8.93052
28.41 -8.93199
28.44 -8.93343
28.47 -8.93486
28.5 -8.93627
28.53 -8.93767
28.56 -8.93905
28.59 -8.94042
28.62 -8.94177
28.65 -8.94311
28.68 -8.94443
28.71 -8.94573
28.74 -8.94702
28.77 -8.9483
28.8 -8.94956
28.83 -8.95081
28.86 -8.95205
28.89 -8.95327
28.92 -8.95447
28.95 -8.95567
28.98 -8.95685
29.01 -8.95801
29.04 -8.95917
29.07 -8.96031
29.1 -8.96144
29.13 -8.96255
29.16 -8.96365
29.19 -8.96474
29.22 -8.96582
29.25 -8.96689
29.28 -8.96794
29.31 -8.96898
29.34 -8.97001
29.37 -8.97103
29.4 -8.97204
29.43 -8.97304
29.46 -8.97402
29.49 -8.975
29.52 -8.97596
29.55 -8.97692
29.58 -8.97786
29.61 -8.97879
29.64 -8.97972
29.67 -8.98063
29.7 -8.98153
29.73 -8.98242
29.76 -8.98331
29.79 -8.98418
29.82 -8.98504
29.85 -8.9859
29.88 -8.98675
29.91 -8.98758
29.94 -8.98841
29.97 -8.98923
30 -8.99004
30.001 -10
