0 0
0.03 0.672699
0.06 0.673513
0.09 0.674327
0.12 0.675142
0.15 0.675957
0.18 0.676773
0.21 0.67759
0.24 0.678407
0.27 0.679225
0.3 0.680043
0.33 0.680863
0.36 0.681682
0.39 0.682503
0.42 0.683324
0.45 0.684145
0.48 0.684968
0.51 0.68579
0.54 0.686614
0.57 0.687438
0.6 0.688263
0.63 0.689088
0.66 0.689915
0.69 0.690741
0.72 0.691569
0.75 0.692397
0.78 0.693225
0.81 0.694054
0.84 0.694884
0.87 0.695715
0.9 0.696546
0.93 0.697378
0.96 0.69821
0.99 0.699043
1.02 0.699877
1.05 0.700712
1.08 0.701547
1.11 0.702382
1.14 0.703219
1.17 0.704056
1.2 0.704893
1.23 0.705732
1.26 0.706571
1.29 0.70741
1.32 0.708251
1.35 0.709091
1.38 0.709933
1.41 0.710775
1.44 0.711618
1.47 0.712462
1.5 0.713306
1.53 0.714151
1.56 0.714996
1.59 0.715843
1.62 0.716689
1.65 0.717537
1.68 0.718385
1.71 0.719234
1.74 0.720084
1.77 0.720934
1.8 0.721785
1.83 0.722636
1.86 0.723489
1.89 0.724342
1.92 0.725195
1.95 0.72605
1.98 0.726905
2.01 0.72776
2.04 0.728617
2.07 0.729474
2.1 0.730331
2.13 0.73119
2.16 0.732049
2.19 0.732909
2.22 0.733769
2.25 0.73463
2.28 0.735492
2.31 0.736355
2.34 0.737218
2.37 0.738082
2.4 0.738947
2.43 0.739812
2.46 0.740678
2.49 0.741545
2.52 0.742412
2.55 0.743281
2.58 0.74415
2.61 0.745019
2.64 0.74589
2.67 0.746761
2.7 0.747633
2.73 0.748505
2.76 0.749378
2.79 0.750252
2.82 0.751127
2.85 0.752002
2.88 0.752879
2.91 0.753755
2.94 0.754633
2.97 0.755511
3 0.75639
3.03 0.75727
3.06 0.758151
3.09 0.759032
3.12 0.759914
3.15 0.760797
3.18 0.761681
3.21 0.762565
3.24 0.76345
3.27 0.764336
3.3 0.765222
3.33 0.76611
3.36 0.766998
3.39 0.767887
3.42 0.768776
3.45 0.769667
3.48 0.770558
3.51 0.77145
3.54 0.772342
3.57 0.773236
3.6 0.77413
3.63 0.775025
3.66 0.775921
3.69 0.776818
3.72 0.777715
3.75 0.778613
3.78 0.779512
3.81 0.780412
3.84 0.781313
3.87 0.782214
3.9 0.783116
3.93 0.784019
3.96 0.784923
3.99 0.785828
4.02 0.786733
4.05 0.787639
4.08 0.788546
4.11 0.789454
4.14 0.790363
4.17 0.791272
4.2 0.792183
4.23 0.793094
4.26 0.794006
4.29 0.794919
4.32 0.795832
4.35 0.796747
4.38 0.797662
4.41 0.798579
4.44 0.799496
4.47 0.800414
4.5 0.801332
4.53 0.802252
4.56 0.803173
4.59 0.804094
4.62 0.805016
4.65 0.805939
4.68 0.806864
4.71 0.807788
4.74 0.808714
4.77 0.809641
4.8 0.810568
4.83 0.811497
4.86 0.812426
4.89 0.813356
4.92 0.814288
4.95 0.81522
4.98 0.816153
5.01 0.817086
5.04 0.818021
5.07 0.818957
5.1 0.819894
5.13 0.820831
5.16 0.82177
5.19 0.822709
5.22 0.823649
5.25 0.824591
5.28 0.825533
5.31 0.826476
5.34 0.82742
5.37 0.828365
5.4 0.829311
5.43 0.830258
5.46 0.831206
5.49 0.832155
5.52 0.833105
5.55 0.834056
5.58 0.835008
5.61 0.835961
5.64 0.836914
5.67 0.837869
5.7 0.838825
5.73 0.839782
5.76 0.84074
5.79 0.841699
5.82 0.842658
5.85 0.843619
5.88 0.844581
5.91 0.845544
5.94 0.846508
5.97 0.847473
6 0.848439
6.03 0.849406
6.06 0.850374
6.09 0.851343
6.12 0.852314
6.15 0.853285
6.18 0.854257
6.21 0.855231
6.24 0.856205
6.27 0.857181
6.3 0.858158
6.33 0.859135
6.36 0.860114
6.39 0.861094
6.42 0.862075
6.45 0.863057
6.48 0.864041
6.51 0.865025
6.54 0.86601
6.57 0.866997
6.6 0.867985
6.63 0.868974
6.66 0.869964
6.69 0.870955
6.72 0.871947
6.75 0.872941
6.78 0.873936
6.81 0.874931
6.84 0.875928
6.87 0.876927
6.9 0.877926
6.93 0.878927
6.96 0.879928
6.99 0.880931
7.02 0.881936
7.05 0.882941
7.08 0.883947
7.11 0.884955
7.14 0.885964
7.17 0.886975
7.2 0.887986
7.23 0.888999
7.26 0.890013
7.29 0.891028
7.32 0.892045
7.35 0.893063
7.38 0.894082
7.41 0.895102
7.44 0.896124
7.47 0.897147
7.5 0.898171
7.53 0.899197
7.56 0.900223
7.59 0.901252
7.62 0.902281
7.65 0.903312
7.68 0.904344
7.71 0.905378
7.74 0.906413
7.77 0.907449
7.8 0.908486
7.83 0.909525
7.86 0.910566
7.89 0.911607
7.92 0.912651
7.95 0.913695
7.98 0.914741
8.01 0.915788
8.04 0.916837
8.07 0.917887
8.1 0.918939
8.13 0.919992
8.16 0.921046
8.19 0.922102
8.22 0.92316
8.25 0.924219
8.28 0.925279
8.31 0.926341
8.34 0.927404
8.37 0.928469
8.4 0.929535
8.43 0.930603
8.46 0.931672
8.49 0.932743
8.52 0.933815
8.55 0.934889
8.58 0.935965
8.61 0.937042
8.64 0.93812
8.67 0.939201
8.7 0.940282
8.73 0.941366
8.76 0.942451
8.79 0.943537
8.82 0.944625
8.85 0.945715
8.88 0.946806
8.91 0.947899
8.94 0.948994
8.97 0.95009
9 0.951188
9.03 0.952288
9.06 0.953389
9.09 0.954492
9.12 0.955597
9.15 0.956703
9.18 0.957812
9.21 0.958921
9.24 0.960033
9.27 0.961146
9.3 0.962261
9.33 0.963378
9.36 0.964497
9.39 0.965617
9.42 0.966739
9.45 0.967863
9.48 0.968989
9.51 0.970116
9.54 0.971246
9.57 0.972377
9.6 0.97351
9.63 0.974645
9.66 0.975781
9.69 0.97692
9.72 0.978061
9.75 0.979203
9.78 0.980347
9.81 0.981493
9.84 0.982641
9.87 0.983791
9.9 0.984943
9.93 0.986097
9.96 0.987253
9.99 0.988411
10.02 0.98957
10.05 0.990732
10.08 0.991896
10.11 0.993062
10.14 0.994229
10.17 0.995399
10.2 0.996571
10.23 0.997745
10.26 0.998921
10.29 1.0001
10.32 1.00128
10.35 1.00246
10.38 1.00365
10.41 1.00483
10.44 1.00602
10.47 1.00721
10.5 1.0084
10.53 1.0096
10.56 1.0108
10.59 1.01199
10.62 1.0132
10.65 1.0144
10.68 1.01561
10.71 1.01681
10.74 1.01802
10.77 1.01924
10.8 1.02045
10.83 1.02167
10.86 1.02289
10.89 1.02411
10.92 1.02533
10.95 1.02656
10.98 1.02779
11.01 1.02902
11.04 1.03025
11.07 1.03149
11.1 1.03273
11.13 1.03397
11.16 1.03521
11.19 1.03646
11.22 1.0377
11.25 1.03895
11.28 1.04021
11.31 1.04146
11.34 1.04272
11.37 1.04398
11.4 1.04524
11.43 1.04651
11.46 1.04777
11.49 1.04904
11.52 1.05032
11.55 1.05159
11.58 1.05287
11.61 1.05415
11.64 1.05543
11.67 1.05672
11.7 1.05801
11.73 1.0593
11.76 1.06059
11.79 1.06189
11.82 1.06319
11.85 1.06449
11.88 1.06579
11.91 1.0671
11.94 1.06841
11.97 1.06972
12 1.07104
12.03 1.07236
12.06 1.07368
12.09 1.075
12.12 1.07633
12.15 1.07766
12.18 1.07899
12.21 1.08033
12.24 1.08166
12.27 1.08301
12.3 1.08435
12.33 1.0857
12.36 1.08705
12.39 1.0884
12.42 1.08975
12.45 1.09111
12.48 1.09248
12.51 1.09384
12.54 1.09521
12.57 1.09658
12.6 1.09795
12.63 1.09933
12.66 1.10071
12.69 1.10209
12.72 1.10348
12.75 1.10487
12.78 1.10626
12.81 1.10766
12.84 1.10906
12.87 1.11046
12.9 1.11187
12.93 1.11328
12.96 1.11469
12.99 1.1161
13.02 1.11752
13.05 1.11895
13.08 1.12037
13.11 1.1218
13.14 1.12323
13.17 1.12467
13.2 1.12611
13.23 1.12755
13.26 1.129
13.29 1.13044
13.32 1.1319
13.35 1.13335
13.38 1.13481
13.41 1.13628
13.44 1.13774
13.47 1.13922
13.5 1.14069
13.53 1.14217
13.56 1.14365
13.59 1.14513
13.62 1.14662
13.65 1.14811
13.68 1.14961
13.71 1.15111
13.74 1.15261
13.77 1.15412
13.8 1.15563
13.83 1.15715
13.86 1.15867
13.89 1.16019
13.92 1.16172
13.95 1.16325
13.98 1.16478
14.01 1.16632
14.04 1.16786
14.07 1.16941
14.1 1.17096
14.13 1.17251
14.16 1.17407
14.19 1.17563
14.22 1.1772
14.25 1.17877
14.28 1.18034
14.31 1.18192
14.34 1.1835
14.37 1.18509
14.4 1.18668
14.43 1.18827
14.46 1.18987
14.49 1.19148
14.52 1.19308
14.55 1.1947
14.58 1.19631
14.61 1.19793
14.64 1.19956
14.67 1.20119
14.7 1.20282
14.73 1.20446
14.76 1.2061
14.79 1.20775
14.82 1.2094
14.85 1.21106
14.88 1.21272
14.91 1.21439
14.94 1.21606
14.97 1.21773
15 1.21941
15.03 1.2211
15.06 1.22278
15.09 1.22448
15.12 1.22618
15.15 1.22788
15.18 1.22959
15.21 1.2313
15.24 1.23302
15.27 1.23474
15.3 1.23647
15.33 1.2382
15.36 1.23994
15.39 1.24168
15.42 1.24343
15.45 1.24518
15.48 1.24694
15.51 1.2487
15.54 1.25047
15.57 1.25224
15.6 1.25402
15.63 1.2558
15.66 1.25759
15.69 1.25938
15.72 1.26118
15.75 1.26299
15.78 1.2648
15.81 1.26661
15.84 1.26843
15.87 1.27026
15.9 1.27209
15.93 1.27393
15.96 1.27577
15.99 1.27762
16.02 1.27947
16.05 1.28133
16.08 1.28319
16.11 1.28506
16.14 1.28694
16.17 1.28882
16.2 1.29071
16.23 1.29261
16.26 1.29451
16.29 1.29641
16.32 1.29832
16.35 1.30024
16.38 1.30216
16.41 1.30409
16.44 1.30603
16.47 1.30797
16.5 1.30992
16.53 1.31187
16.56 1.31383
16.59 1.3158
16.62 1.31777
16.65 1.31975
16.68 1.32174
16.71 1.32373
16.74 1.32573
16.77 1.32774
16.8 1.32975
16.83 1.33177
16.86 1.33379
16.89 1.33583
16.92 1.33786
16.95 1.33991
16.98 1.34196
17.01 1.34402
17.04 1.34609
17.07 1.34816
17.1 1.35024
17.13 1.35233
17.16 1.35442
17.19 1.35653
17.22 1.35863
17.25 1.36075
17.28 1.36287
17.31 1.365
17.34 1.36714
17.37 1.36929
17.4 1.37144
17.43 1.3736
17.46 1.37577
17.49 1.37795
17.52 1.38013
17.55 1.38233
17.58 1.38453
17.61 1.38673
17.64 1.38895
17.67 1.39117
17.7 1.39341
17.73 1.39565
17.76 1.39789
17.79 1.40015
17.82 1.40242
17.85 1.40469
17.88 1.40697
17.91 1.40926
17.94 1.41156
17.97 1.41387
18 1.41619
18.03 1.41852
18.06 1.42085
18.09 1.4232
18.12 1.42555
18.15 1.42791
18.18 1.43028
18.21 1.43266
18.24 1.43506
18.27 1.43746
18.3 1.43987
18.33 1.44229
18.36 1.44471
18.39 1.44715
18.42 1.4496
18.45 1.45206
18.48 1.45453
18.51 1.45701
18.54 1.4595
18.57 1.462
18.6 1.46452
18.63 1.46704
18.66 1.46957
18.69 1.47211
18.72 1.47467
18.75 1.47723
18.78 1.47981
18.81 1.4824
18.84 1.485
18.87 1.48761
18.9 1.49023
18.93 1.49287
18.96 1.49552
18.99 1.49817
19.02 1.50085
19.05 1.50353
19.08 1.50623
19.11 1.50893
19.14 1.51165
19.17 1.51439
19.2 1.51714
19.23 1.5199
19.26 1.52267
19.29 1.52546
19.32 1.52826
19.35 1.53107
19.38 1.5339
19.41 1.53674
19.44 1.5396
19.47 1.54247
19.5 1.54536
19.53 1.54826
19.56 1.55117
19.59 1.5541
19.62 1.55705
19.65 1.56001
19.68 1.56299
19.71 1.56598
19.74 1.56899
19.77 1.57201
19.8 1.57505
19.83 1.57811
19.86 1.58119
19.89 1.58428
19.92 1.58739
19.95 1.59052
19.98 1.59366
20.01 1.59682
20.04 1.6
20.07 1.6032
20.1 1.60642
20.13 1.60966
20.16 1.61292
20.19 1.61619
20.22 1.61949
20.25 1.6228
20.28 1.62614
20.31 1.62949
20.34 1.63287
20.37 1.63627
20.4 1.63969
20.43 1.64313
20.46 1.64659
20.49 1.65008
20.52 1.65358
20.55 1.65711
20.58 1.66067
20.61 1.66425
20.64 1.66785
20.67 1.67147
20.7 1.67512
20.73 1.6788
20.76 1.6825
20.79 1.68622
20.82 1.68997
20.85 1.69375
20.88 1.69755
20.91 1.70139
20.94 1.70524
20.97 1.70913
21 1.71305
21.03 1.71699
21.06 1.72096
21.09 1.72496
21.12 1.72899
21.15 1.73306
21.18 1.73715
21.21 1.74127
21.24 1.74543
21.27 1.74962
21.3 1.75384
21.33 1.75809
21.36 1.76238
21.39 1.7667
21.42 1.77105
21.45 1.77545
21.48 1.77987
21.51 1.78433
21.54 1.78883
21.57 1.79337
21.6 1.79794
21.63 1.80255
21.66 1.8072
21.69 1.81189
21.72 1.81662
21.75 1.82139
21.78 1.8262
21.81 1.83105
21.84 1.83595
21.87 1.84089
21.9 1.84587
21.93 1.85089
21.96 1.85596
21.99 1.86107
22.02 1.86623
22.05 1.87144
22.08 1.8767
22.11 1.882
22.14 1.88735
22.17 1.89275
22.2 1.89819
22.23 1.90369
22.26 1.90924
22.29 1.91485
22.32 1.9205
22.35 1.92621
22.38 1.93197
22.41 1.93779
22.44 1.94366
22.47 1.94958
22.5 1.95557
22.53 1.96161
22.56 1.96771
22.59 1.97387
22.62 1.98008
22.65 1.98636
22.68 1.9927
22.71 1.9991
22.74 2.00556
22.77 2.01209
22.8 2.01868
22.83 2.02533
22.86 2.03205
22.89 2.03883
22.92 2.04568
22.95 2.0526
22.98 2.05959
23.01 2.06664
23.04 2.07377
23.07 2.08096
23.1 2.08822
23.13 2.09556
23.16 2.10296
23.19 2.11044
23.22 2.11799
23.25 2.12562
23.28 2.13332
23.31 2.14109
23.34 2.14894
23.37 2.15686
23.4 2.16486
23.43 2.17293
23.46 2.18108
23.49 2.18931
23.52 2.19762
23.55 2.206
23.58 2.21447
23.61 2.22301
23.64 2.23162
23.67 2.24032
23.7 2.2491
23.73 2.25795
23.76 2.26689
23.79 2.2759
23.82 2.28499
23.85 2.29417
23.88 2.30342
23.91 2.31275
23.94 2.32215
23.97 2.33164
24 2.3412
24.03 2.35085
24.06 2.36056
24.09 2.37036
24.12 2.38023
24.15 2.39018
24.18 2.4002
24.21 2.4103
24.24 2.42047
24.27 2.43071
24.3 2.44102
24.33 2.45141
24.36 2.46186
24.39 2.47238
24.42 2.48297
24.45 2.49363
24.48 2.50435
24.51 2.51513
24.54 2.52598
24.57 2.53688
24.6 2.54785
24.63 2.55887
24.66 2.56994
24.69 2.58107
24.72 2.59225
24.75 2.60348
24.78 2.61475
24.81 2.62607
24.84 2.63744
24.87 2.64884
24.9 2.66028
24.93 2.67176
24.96 2.68327
24.99 2.69481
25.02 2.70638
25.05 2.71798
25.08 2.7296
25.11 2.74123
25.14 2.75289
25.17 2.76456
25.2 2.77624
25.23 2.78793
25.26 2.79963
25.29 2.81133
25.32 2.82303
25.35 2.83472
25.38 2.84641
25.41 2.85809
25.44 2.86976
25.47 2.88141
25.5 2.89304
25.53 2.90465
25.56 2.91624
25.59 2.9278
25.62 2.93933
25.65 2.95082
25.68 2.96228
25.71 2.9737
25.74 2.98507
25.77 2.9964
25.8 3.00768
25.83 3.01891
25.86 3.03008
25.89 3.04119
25.92 3.05225
25.95 3.06324
25.98 3.07417
26.01 3.08503
26.04 3.09582
26.07 3.10653
26.1 3.11718
26.13 3.12774
26.16 3.13822
26.19 3.14862
26.22 3.15894
26.25 3.16917
26.28 3.17932
26.31 3.18937
26.34 3.19933
26.37 3.2092
26.4 3.21897
26.43 3.22865
26.46 3.23823
26.49 3.24771
26.52 3.25709
26.55 3.26637
26.58 3.27555
26.61 3.28462
26.64 3.29359
26.67 3.30246
26.7 3.31121
26.73 3.31987
26.76 3.32841
26.79 3.33685
26.82 3.34518
26.85 3.3534
26.88 3.36151
26.91 3.36951
26.94 3.37741
26.97 3.38519
27 3.39287
27.03 3.40044
27.06 3.4079
27.09 3.41525
27.12 3.4225
27.15 3.42963
27.18 3.43666
27.21 3.44359
27.24 3.4504
27.27 3.45712
27.3 3.46372
27.33 3.47023
27.36 3.47663
27.39 3.48293
27.42 3.48912
27.45 3.49522
27.48 3.50121
27.51 3.50711
27.54 3.51291
27.57 3.51861
27.6 3.52422
27.63 3.52973
27.66 3.53515
27.69 3.54047
27.72 3.5457
27.75 3.55084
27.78 3.5559
27.81 3.56086
27.84 3.56574
27.87 3.57053
27.9 3.57524
27.93 3.57986
27.96 3.5844
27.99 3.58886
28.02 3.59324
28.05 3.59754
28.08 3.60176
28.11 3.60591
28.14 3.60998
28.17 3.61398
28.2 3.61791
28.23 3.62176
28.26 3.62554
28.29 3.62926
28.32 3.6329
28.35 3.63648
28.38 3.64
28.41 3.64345
28.44 3.64683
28.47 3.65015
28.5 3.65342
28.53 3.65662
28.56 3.65976
28.59 3.66285
28.62 3.66587
28.65 3.66885
28.68 3.67176
28.71 3.67463
28.74 3.67744
28.77 3.6802
28.8 3.68291
28.83 3.68557
28.86 3.68818
28.89 3.69074
28.92 3.69325
28.95 3.69572
28.98 3.69815
29.01 3.70053
29.04 3.70286
29.07 3.70515
29.1 3.70741
29.13 3.70962
29.16 3.71179
29.19 3.71392
29.22 3.71601
29.25 3.71807
29.28 3.72009
29.31 3.72207
29.34 3.72401
29.37 3.72592
29.4 3.7278
29.43 3.72964
29.46 3.73145
29.49 3.73323
29.52 3.73498
29.55 3.73669
29.58 3.73838
29.61 3.74004
29.64 3.74166
29.67 3.74326
29.7 3.74483
29.73 3.74637
29.76 3.74789
29.79 3.74938
29.82 3.75084
29.85 3.75228
29.88 3.75369
29.91 3.75508
29.94 3.75645
29.97 3.75779
30 3.75911
30.001 0
