0 5
0.03 4.87571
0.06 4.87581
0.09 4.87592
0.12 4.87602
0.15 4.87613
0.18 4.87623
0.21 4.87634
0.24 4.87645
0.27 4.87655
0.3 4.87666
0.33 4.87677
0.36 4.87687
0.39 4.87698
0.42 4.87709
0.45 4.87719
0.48 4.8773
0.51 4.87741
0.54 4.87752
0.57 4.87763
0.6 4.87773
0.63 4.87784
0.66 4.87795
0.69 4.87806
0.72 4.87817
0.75 4.87828
0.78 4.87839
0.81 4.8785
0.84 4.8786
0.87 4.87871
0.9 4.87882
0.93 4.87893
0.96 4.87904
0.99 4.87916
1.02 4.87927
1.05 4.87938
1.08 4.87949
1.11 4.8796
1.14 4.87971
1.17 4.87982
1.2 4.87993
1.23 4.88004
1.26 4.88016
1.29 4.88027
1.32 4.88038
1.35 4.88049
1.38 4.88061
1.41 4.88072
1.44 4.88083
1.47 4.88095
1.5 4.88106
1.53 4.88117
1.56 4.88129
1.59 4.8814
1.62 4.88151
1.65 4.88163
1.68 4.88174
1.71 4.88186
1.74 4.88197
1.77 4.88209
1.8 4.8822
1.83 4.88232
1.86 4.88243
1.89 4.88255
1.92 4.88267
1.95 4.88278
1.98 4.8829
2.01 4.88301
2.04 4.88313
2.07 4.88325
2.1 4.88336
2.13 4.88348
2.16 4.8836
2.19 4.88372
2.22 4.88383
2.25 4.88395
2.28 4.88407
2.31 4.88419
2.34 4.88431
2.37 4.88443
2.4 4.88454
2.43 4.88466
2.46 4.88478
2.49 4.8849
2.52 4.88502
2.55 4.88514
2.58 4.88526
2.61 4.88538
2.64 4.8855
2.67 4.88562
2.7 4.88574
2.73 4.88587
2.76 4.88599
2.79 4.88611
2.82 4.88623
2.85 4.88635
2.88 4.88647
2.91 4.8866
2.94 4.88672
2.97 4.88684
3 4.88696
3.03 4.88709
3.06 4.88721
3.09 4.88733
3.12 4.88746
3.15 4.88758
3.18 4.8877
3.21 4.88783
3.24 4.88795
3.27 4.88808
3.3 4.8882
3.33 4.88833
3.36 4.88845
3.39 4.88858
3.42 4.8887
3.45 4.88883
3.48 4.88896
3.51 4.88908
3.54 4.88921
3.57 4.88933
3.6 4.88946
3.63 4.88959
3.66 4.88972
3.69 4.88984
3.72 4.88997
3.75 4.8901
3.78 4.89023
3.81 4.89036
3.84 4.89048
3.87 4.89061
3.9 4.89074
3.93 4.89087
3.96 4.891
3.99 4.89113
4.02 4.89126
4.05 4.89139
4.08 4.89152
4.11 4.89165
4.14 4.89178
4.17 4.89191
4.2 4.89204
4.23 4.89217
4.26 4.89231
4.29 4.89244
4.32 4.89257
4.35 4.8927
4.38 4.89284
4.41 4.89297
4.44 4.8931
4.47 4.89323
4.5 4.89337
4.53 4.8935
4.56 4.89364
4.59 4.89377
4.62 4.8939
4.65 4.89404
4.68 4.89417
4.71 4.89431
4.74 4.89444
4.77 4.89458
4.8 4.89471
4.83 4.89485
4.86 4.89499
4.89 4.89512
4.92 4.89526
4.95 4.8954
4.98 4.89553
5.01 4.89567
5.04 4.89581
5.07 4.89595
5.1 4.89609
5.13 4.89622
5.16 4.89636
5.19 4.8965
5.22 4.89664
5.25 4.89678
5.28 4.89692
5.31 4.89706
5.34 4.8972
5.37 4.89734
5.4 4.89748
5.43 4.89762
5.46 4.89776
5.49 4.8979
5.52 4.89805
5.55 4.89819
5.58 4.89833
5.61 4.89847
5.64 4.89862
5.67 4.89876
5.7 4.8989
5.73 4.89905
5.76 4.89919
5.79 4.89933
5.82 4.89948
5.85 4.89962
5.88 4.89977
5.91 4.89991
5.94 4.90006
5.97 4.9002
6 4.90035
6.03 4.90049
6.06 4.90064
6.09 4.90079
6.12 4.90093
6.15 4.90108
6.18 4.90123
6.21 4.90138
6.24 4.90153
6.27 4.90167
6.3 4.90182
6.33 4.90197
6.36 4.90212
6.39 4.90227
6.42 4.90242
6.45 4.90257
6.48 4.90272
6.51 4.90287
6.54 4.90302
6.57 4.90317
6.6 4.90333
6.63 4.90348
6.66 4.90363
6.69 4.90378
6.72 4.90393
6.75 4.90409
6.78 4.90424
6.81 4.90439
6.84 4.90455
6.87 4.9047
6.9 4.90486
6.93 4.90501
6.96 4.90517
6.99 4.90532
7.02 4.90548
7.05 4.90563
7.08 4.90579
7.11 4.90595
7.14 4.9061
7.17 4.90626
7.2 4.90642
7.23 4.90658
7.26 4.90674
7.29 4.9069
7.32 4.90705
7.35 4.90721
7.38 4.90737
7.41 4.90753
7.44 4.90769
7.47 4.90785
7.5 4.90801
7.53 4.90818
7.56 4.90834
7.59 4.9085
7.62 4.90866
7.65 4.90882
7.68 4.90899
7.71 4.90915
7.74 4.90931
7.77 4.90948
7.8 4.90964
7.83 4.90981
7.86 4.90997
7.89 4.91014
7.92 4.9103
7.95 4.91047
7.98 4.91064
8.01 4.9108
8.04 4.91097
8.07 4.91114
8.1 4.91131
8.13 4.91147
8.16 4.91164
8.19 4.91181
8.22 4.91198
8.25 4.91215
8.28 4.91232
8.31 4.91249
8.34 4.91266
8.37 4.91283
8.4 4.913
8.43 4.91318
8.46 4.91335
8.49 4.91352
8.52 4.91369
8.55 4.91387
8.58 4.91404
8.61 4.91422
8.64 4.91439
8.67 4.91457
8.7 4.91474
8.73 4.91492
8.76 4.91509
8.79 4.91527
8.82 4.91545
8.85 4.91563
8.88 4.9158
8.91 4.91598
8.94 4.91616
8.97 4.91634
9 4.91652
9.03 4.9167
9.06 4.91688
9.09 4.91706
9.12 4.91724
9.15 4.91742
9.18 4.91761
9.21 4.91779
9.24 4.91797
9.27 4.91815
9.3 4.91834
9.33 4.91852
9.36 4.91871
9.39 4.91889
9.42 4.91908
9.45 4.91926
9.48 4.91945
9.51 4.91964
9.54 4.91983
9.57 4.92001
9.6 4.9202
9.63 4.92039
9.66 4.92058
9.69 4.92077
9.72 4.92096
9.75 4.92115
9.78 4.92134
9.81 4.92153
9.84 4.92173
9.87 4.92192
9.9 4.92211
9.93 4.9223
9.96 4.9225
9.99 4.92269
10.02 4.92289
10.05 4.92308
10.08 4.92328
10.11 4.92348
10.14 4.92367
10.17 4.92387
10.2 4.92407
10.23 4.92427
10.26 4.92447
10.29 4.92467
10.32 4.92487
10.35 4.92507
10.38 4.92527
10.41 4.92547
10.44 4.92567
10.47 4.92587
10.5 4.92608
10.53 4.92628
10.56 4.92649
10.59 4.92669
10.62 4.9269
10.65 4.9271
10.68 4.92731
10.71 4.92752
10.74 4.92772
10.77 4.92793
10.8 4.92814
10.83 4.92835
10.86 4.92856
10.89 4.92877
10.92 4.92898
10.95 4.92919
10.98 4.92941
11.01 4.92962
11.04 4.92983
11.07 4.93005
11.1 4.93026
11.13 4.93047
11.16 4.93069
11.19 4.93091
11.22 4.93112
11.25 4.93134
11.28 4.93156
11.31 4.93178
11.34 4.932
11.37 4.93222
11.4 4.93244
11.43 4.93266
11.46 4.93288
11.49 4.9331
11.52 4.93333
11.55 4.93355
11.58 4.93378
11.61 4.934
11.64 4.93423
11.67 4.93445
11.7 4.93468
11.73 4.93491
11.76 4.93514
11.79 4.93537
11.82 4.9356
11.85 4.93583
11.88 4.93606
11.91 4.93629
11.94 4.93652
11.97 4.93676
12 4.93699
12.03 4.93722
12.06 4.93746
12.09 4.93769
12.12 4.93793
12.15 4.93817
12.18 4.93841
12.21 4.93865
12.24 4.93889
12.27 4.93913
12.3 4.93937
12.33 4.93961
12.36 4.93985
12.39 4.94009
12.42 4.94034
12.45 4.94058
12.48 4.94083
12.51 4.94108
12.54 4.94132
12.57 4.94157
12.6 4.94182
12.63 4.94207
12.66 4.94232
12.69 4.94257
12.72 4.94282
12.75 4.94307
12.78 4.94333
12.81 4.94358
12.84 4.94384
12.87 4.94409
12.9 4.94435
12.93 4.94461
12.96 4.94487
12.99 4.94512
13.02 4.94538
13.05 4.94564
13.08 4.94591
13.11 4.94617
13.14 4.94643
13.17 4.9467
13.2 4.94696
13.23 4.94723
13.26 4.94749
13.29 4.94776
13.32 4.94803
13.35 4.9483
13.38 4.94857
13.41 4.94884
13.44 4.94911
13.47 4.94939
13.5 4.94966
13.53 4.94994
13.56 4.95021
13.59 4.95049
13.62 4.95077
13.65 4.95105
13.68 4.95132
13.71 4.95161
13.74 4.95189
13.77 4.95217
13.8 4.95245
13.83 4.95274
13.86 4.95302
13.89 4.95331
13.92 4.9536
13.95 4.95388
13.98 4.95417
14.01 4.95446
14.04 4.95476
14.07 4.95505
14.1 4.95534
14.13 4.95564
14.16 4.95593
14.19 4.95623
14.22 4.95653
14.25 4.95682
14.28 4.95712
14.31 4.95742
14.34 4.95773
14.37 4.95803
14.4 4.95833
14.43 4.95864
14.46 4.95894
14.49 4.95925
14.52 4.95956
14.55 4.95987
14.58 4.96018
14.61 4.96049
14.64 4.9608
14.67 4.96112
14.7 4.96143
14.73 4.96175
14.76 4.96207
14.79 4.96238
14.82 4.9627
14.85 4.96303
14.88 4.96335
14.91 4.96367
14.94 4.964
14.97 4.96432
15 4.96465
15.03 4.96498
15.06 4.96531
15.09 4.96564
15.12 4.96597
15.15 4.9663
15.18 4.96664
15.21 4.96697
15.24 4.96731
15.27 4.96765
15.3 4.96799
15.33 4.96833
15.36 4.96867
15.39 4.96901
15.42 4.96936
15.45 4.9697
15.48 4.97005
15.51 4.9704
15.54 4.97075
15.57 4.9711
15.6 4.97145
15.63 4.97181
15.66 4.97216
15.69 4.97252
15.72 4.97288
15.75 4.97324
15.78 4.9736
15.81 4.97396
15.84 4.97432
15.87 4.97469
15.9 4.97506
15.93 4.97542
15.96 4.97579
15.99 4.97616
16.02 4.97654
16.05 4.97691
16.08 4.97729
16.11 4.97766
16.14 4.97804
16.17 4.97842
16.2 4.97881
16.23 4.97919
16.26 4.97957
16.29 4.97996
16.32 4.98035
16.35 4.98074
16.38 4.98113
16.41 4.98152
16.44 4.98192
16.47 4.98231
16.5 4.98271
16.53 4.98311
16.56 4.98351
16.59 4.98391
16.62 4.98432
16.65 4.98472
16.68 4.98513
16.71 4.98554
16.74 4.98595
16.77 4.98637
16.8 4.98678
16.83 4.9872
16.86 4.98762
16.89 4.98804
16.92 4.98846
16.95 4.98888
16.98 4.98931
17.01 4.98973
17.04 4.99016
17.07 4.99059
17.1 4.99103
17.13 4.99146
17.16 4.9919
17.19 4.99234
17.22 4.99278
17.25 4.99322
17.28 4.99367
17.31 4.99411
17.34 4.99456
17.37 4.99501
17.4 4.99546
17.43 4.99592
17.46 4.99638
17.49 4.99684
17.52 4.9973
17.55 4.99776
17.58 4.99822
17.61 4.99869
17.64 4.99916
17.67 4.99963
17.7 5.00011
17.73 5.00058
17.76 5.00106
17.79 5.00154
17.82 5.00202
17.85 5.00251
17.88 5.003
17.91 5.00349
17.94 5.00398
17.97 5.00447
18 5.00497
18.03 5.00547
18.06 5.00597
18.09 5.00647
18.12 5.00698
18.15 5.00749
18.18 5.008
18.21 5.00851
18.24 5.00903
18.27 5.00955
18.3 5.01007
18.33 5.01059
18.36 5.01112
18.39 5.01165
18.42 5.01218
18.45 5.01272
18.48 5.01325
18.51 5.0138
18.54 5.01434
18.57 5.01488
18.6 5.01543
18.63 5.01598
18.66 5.01654
18.69 5.0171
18.72 5.01766
18.75 5.01822
18.78 5.01879
18.81 5.01936
18.84 5.01993
18.87 5.0205
18.9 5.02108
18.93 5.02166
18.96 5.02225
18.99 5.02284
19.02 5.02343
19.05 5.02402
19.08 5.02462
19.11 5.02522
19.14 5.02583
19.17 5.02644
19.2 5.02705
19.23 5.02767
19.26 5.02828
19.29 5.02891
19.32 5.02953
19.35 5.03016
19.38 5.0308
19.41 5.03143
19.44 5.03208
19.47 5.03272
19.5 5.03337
19.53 5.03402
19.56 5.03468
19.59 5.03534
19.62 5.036
19.65 5.03667
19.68 5.03735
19.71 5.03802
19.74 5.03871
19.77 5.03939
19.8 5.04008
19.83 5.04078
19.86 5.04148
19.89 5.04218
19.92 5.04289
19.95 5.0436
19.98 5.04432
20.01 5.04504
20.04 5.04577
20.07 5.0465
20.1 5.04724
20.13 5.04798
20.16 5.04873
20.19 5.04948
20.22 5.05024
20.25 5.051
20.28 5.05177
20.31 5.05254
20.34 5.05332
20.37 5.05411
20.4 5.0549
20.43 5.0557
20.46 5.0565
20.49 5.05731
20.52 5.05812
20.55 5.05894
20.58 5.05977
20.61 5.0606
20.64 5.06144
20.67 5.06228
20.7 5.06313
20.73 5.06399
20.76 5.06485
20.79 5.06573
20.82 5.0666
20.85 5.06749
20.88 5.06838
20.91 5.06928
20.94 5.07019
20.97 5.0711
21 5.07202
21.03 5.07295
21.06 5.07389
21.09 5.07483
21.12 5.07578
21.15 5.07674
21.18 5.07771
21.21 5.07869
21.24 5.07967
21.27 5.08067
21.3 5.08167
21.33 5.08268
21.36 5.0837
21.39 5.08472
21.42 5.08576
21.45 5.08681
21.48 5.08786
21.51 5.08893
21.54 5.09
21.57 5.09109
21.6 5.09218
21.63 5.09328
21.66 5.0944
21.69 5.09552
21.72 5.09666
21.75 5.0978
21.78 5.09896
21.81 5.10012
21.84 5.1013
21.87 5.10249
21.9 5.10369
21.93 5.1049
21.96 5.10612
21.99 5.10736
22.02 5.10861
22.05 5.10986
22.08 5.11114
22.11 5.11242
22.14 5.11371
22.17 5.11502
22.2 5.11634
22.23 5.11768
22.26 5.11903
22.29 5.12039
22.32 5.12176
22.35 5.12315
22.38 5.12455
22.41 5.12597
22.44 5.1274
22.47 5.12884
22.5 5.1303
22.53 5.13177
22.56 5.13326
22.59 5.13477
22.62 5.13628
22.65 5.13782
22.68 5.13937
22.71 5.14093
22.74 5.14251
22.77 5.14411
22.8 5.14572
22.83 5.14735
22.86 5.149
22.89 5.15066
22.92 5.15234
22.95 5.15403
22.98 5.15574
23.01 5.15747
23.04 5.15922
23.07 5.16098
23.1 5.16276
23.13 5.16456
23.16 5.16637
23.19 5.16821
23.22 5.17006
23.25 5.17193
23.28 5.17381
23.31 5.17572
23.34 5.17764
23.37 5.17958
23.4 5.18154
23.43 5.18351
23.46 5.18551
23.49 5.18752
23.52 5.18955
23.55 5.1916
23.58 5.19367
23.61 5.19575
23.64 5.19786
23.67 5.19998
23.7 5.20212
23.73 5.20427
23.76 5.20645
23.79 5.20864
23.82 5.21085
23.85 5.21307
23.88 5.21531
23.91 5.21757
23.94 5.21985
23.97 5.22214
24 5.22445
24.03 5.22678
24.06 5.22912
24.09 5.23147
24.12 5.23384
24.15 5.23623
24.18 5.23863
24.21 5.24104
24.24 5.24347
24.27 5.24591
24.3 5.24836
24.33 5.25083
24.36 5.25331
24.39 5.25579
24.42 5.25829
24.45 5.2608
24.48 5.26332
24.51 5.26585
24.54 5.26839
24.57 5.27093
24.6 5.27348
24.63 5.27604
24.66 5.27861
24.69 5.28118
24.72 5.28375
24.75 5.28633
24.78 5.28891
24.81 5.29149
24.84 5.29408
24.87 5.29667
24.9 5.29925
24.93 5.30184
24.96 5.30442
24.99 5.30701
25.02 5.30959
25.05 5.31216
25.08 5.31474
25.11 5.3173
25.14 5.31986
25.17 5.32241
25.2 5.32496
25.23 5.3275
25.26 5.33002
25.29 5.33254
25.32 5.33505
25.35 5.33754
25.38 5.34003
25.41 5.34249
25.44 5.34495
25.47 5.34739
25.5 5.34982
25.53 5.35223
25.56 5.35462
25.59 5.35699
25.62 5.35935
25.65 5.36169
25.68 5.36401
25.71 5.36631
25.74 5.36859
25.77 5.37085
25.8 5.37309
25.83 5.37531
25.86 5.37751
25.89 5.37968
25.92 5.38183
25.95 5.38396
25.98 5.38606
26.01 5.38814
26.04 5.3902
26.07 5.39223
26.1 5.39424
26.13 5.39623
26.16 5.39819
26.19 5.40012
26.22 5.40203
26.25 5.40392
26.28 5.40578
26.31 5.40762
26.34 5.40943
26.37 5.41122
26.4 5.41298
26.43 5.41472
26.46 5.41644
26.49 5.41813
26.52 5.41979
26.55 5.42144
26.58 5.42306
26.61 5.42465
26.64 5.42623
26.67 5.42778
26.7 5.4293
26.73 5.43081
26.76 5.43229
26.79 5.43375
26.82 5.43519
26.85 5.43661
26.88 5.43801
26.91 5.43939
26.94 5.44075
26.97 5.44208
27 5.4434
27.03 5.4447
27.06 5.44598
27.09 5.44724
27.12 5.44849
27.15 5.44971
27.18 5.45092
27.21 5.45211
27.24 5.45329
27.27 5.45444
27.3 5.45559
27.33 5.45671
27.36 5.45782
27.39 5.45892
27.42 5.46
27.45 5.46107
27.48 5.46212
27.51 5.46316
27.54 5.46418
27.57 5.4652
27.6 5.4662
27.63 5.46718
27.66 5.46816
27.69 5.46912
27.72 5.47007
27.75 5.471
27.78 5.47193
27.81 5.47285
27.84 5.47375
27.87 5.47465
27.9 5.47553
27.93 5.4764
27.96 5.47727
27.99 5.47812
28.02 5.47896
28.05 5.4798
28.08 5.48062
28.11 5.48144
28.14 5.48225
28.17 5.48305
28.2 5.48384
28.23 5.48462
28.26 5.48539
28.29 5.48616
28.32 5.48691
28.35 5.48766
28.38 5.48841
28.41 5.48914
28.44 5.48987
28.47 5.49059
28.5 5.4913
28.53 5.49201
28.56 5.4927
28.59 5.4934
28.62 5.49408
28.65 5.49476
28.68 5.49543
28.71 5.4961
28.74 5.49676
28.77 5.49741
28.8 5.49806
28.83 5.4987
28.86 5.49933
28.89 5.49996
28.92 5.50059
28.95 5.5012
28.98 5.50181
29.01 5.50242
29.04 5.50302
29.07 5.50362
29.1 5.50421
29.13 5.50479
29.16 5.50537
29.19 5.50594
29.22 5.50651
29.25 5.50707
29.28 5.50763
29.31 5.50819
29.34 5.50874
29.37 5.50928
29.4 5.50982
29.43 5.51035
29.46 5.51088
29.49 5.51141
29.52 5.51193
29.55 5.51244
29.58 5.51295
29.61 5.51346
29.64 5.51396
29.67 5.51446
29.7 5.51495
29.73 5.51544
29.76 5.51592
29.79 5.5164
29.82 5.51688
29.85 5.51735
29.88 5.51782
29.91 5.51828
29.94 5.51874
29.97 5.5192
30 5.51965
30.001 5
