0 5
0.03 4.87134
0.06 4.87145
0.09 4.87157
0.12 4.87168
0.15 4.8718
0.18 4.87192
0.21 4.87203
0.24 4.87215
0.27 4.87226
0.3 4.87238
0.33 4.8725
0.36 4.87261
0.39 4.87273
0.42 4.87285
0.45 4.87297
0.48 4.87308
0.51 4.8732
0.54 4.87332
0.57 4.87344
0.6 4.87355
0.63 4.87367
0.66 4.87379
0.69 4.87391
0.72 4.87403
0.75 4.87415
0.78 4.87427
0.81 4.87439
0.84 4.87451
0.87 4.87462
0.9 4.87474
0.93 4.87486
0.96 4.87498
0.99 4.8751
1.02 4.87522
1.05 4.87535
1.08 4.87547
1.11 4.87559
1.14 4.87571
1.17 4.87583
1.2 4.87595
1.23 4.87607
1.26 4.87619
1.29 4.87632
1.32 4.87644
1.35 4.87656
1.38 4.87668
1.41 4.87681
1.44 4.87693
1.47 4.87705
1.5 4.87717
1.53 4.8773
1.56 4.87742
1.59 4.87755
1.62 4.87767
1.65 4.87779
1.68 4.87792
1.71 4.87804
1.74 4.87817
1.77 4.87829
1.8 4.87842
1.83 4.87854
1.86 4.87867
1.89 4.87879
1.92 4.87892
1.95 4.87904
1.98 4.87917
2.01 4.8793
2.04 4.87942
2.07 4.87955
2.1 4.87968
2.13 4.8798
2.16 4.87993
2.19 4.88006
2.22 4.88018
2.25 4.88031
2.28 4.88044
2.31 4.88057
2.34 4.8807
2.37 4.88083
2.4 4.88095
2.43 4.88108
2.46 4.88121
2.49 4.88134
2.52 4.88147
2.55 4.8816
2.58 4.88173
2.61 4.88186
2.64 4.88199
2.67 4.88212
2.7 4.88225
2.73 4.88238
2.76 4.88251
2.79 4.88265
2.82 4.88278
2.85 4.88291
2.88 4.88304
2.91 4.88317
2.94 4.88331
2.97 4.88344
3 4.88357
3.03 4.8837
3.06 4.88384
3.09 4.88397
3.12 4.8841
3.15 4.88424
3.18 4.88437
3.21 4.88451
3.24 4.88464
3.27 4.88478
3.3 4.88491
3.33 4.88505
3.36 4.88518
3.39 4.88532
3.42 4.88545
3.45 4.88559
3.48 4.88572
3.51 4.88586
3.54 4.886
3.57 4.88613
3.6 4.88627
3.63 4.88641
3.66 4.88655
3.69 4.88668
3.72 4.88682
3.75 4.88696
3.78 4.8871
3.81 4.88724
3.84 4.88738
3.87 4.88752
3.9 4.88766
3.93 4.8878
3.96 4.88794
3.99 4.88808
4.02 4.88822
4.05 4.88836
4.08 4.8885
4.11 4.88864
4.14 4.88878
4.17 4.88892
4.2 4.88906
4.23 4.88921
4.26 4.88935
4.29 4.88949
4.32 4.88963
4.35 4.88978
4.38 4.88992
4.41 4.89006
4.44 4.89021
4.47 4.89035
4.5 4.8905
4.53 4.89064
4.56 4.89079
4.59 4.89093
4.62 4.89108
4.65 4.89122
4.68 4.89137
4.71 4.89152
4.74 4.89166
4.77 4.89181
4.8 4.89196
4.83 4.8921
4.86 4.89225
4.89 4.8924
4.92 4.89255
4.95 4.8927
4.98 4.89284
5.01 4.89299
5.04 4.89314
5.07 4.89329
5.1 4.89344
5.13 4.89359
5.16 4.89374
5.19 4.89389
5.22 4.89404
5.25 4.8942
5.28 4.89435
5.31 4.8945
5.34 4.89465
5.37 4.8948
5.4 4.89496
5.43 4.89511
5.46 4.89526
5.49 4.89542
5.52 4.89557
5.55 4.89572
5.58 4.89588
5.61 4.89603
5.64 4.89619
5.67 4.89634
5.7 4.8965
5.73 4.89666
5.76 4.89681
5.79 4.89697
5.82 4.89713
5.85 4.89728
5.88 4.89744
5.91 4.8976
5.94 4.89776
5.97 4.89792
6 4.89807
6.03 4.89823
6.06 4.89839
6.09 4.89855
6.12 4.89871
6.15 4.89887
6.18 4.89903
6.21 4.8992
6.24 4.89936
6.27 4.89952
6.3 4.89968
6.33 4.89984
6.36 4.90001
6.39 4.90017
6.42 4.90033
6.45 4.9005
6.48 4.90066
6.51 4.90083
6.54 4.90099
6.57 4.90116
6.6 4.90132
6.63 4.90149
6.66 4.90165
6.69 4.90182
6.72 4.90199
6.75 4.90215
6.78 4.90232
6.81 4.90249
6.84 4.90266
6.87 4.90283
6.9 4.903
6.93 4.90317
6.96 4.90334
6.99 4.90351
7.02 4.90368
7.05 4.90385
7.08 4.90402
7.11 4.90419
7.14 4.90436
7.17 4.90454
7.2 4.90471
7.23 4.90488
7.26 4.90506
7.29 4.90523
7.32 4.90541
7.35 4.90558
7.38 4.90576
7.41 4.90593
7.44 4.90611
7.47 4.90628
7.5 4.90646
7.53 4.90664
7.56 4.90682
7.59 4.90699
7.62 4.90717
7.65 4.90735
7.68 4.90753
7.71 4.90771
7.74 4.90789
7.77 4.90807
7.8 4.90825
7.83 4.90844
7.86 4.90862
7.89 4.9088
7.92 4.90898
7.95 4.90917
7.98 4.90935
8.01 4.90953
8.04 4.90972
8.07 4.9099
8.1 4.91009
8.13 4.91027
8.16 4.91046
8.19 4.91065
8.22 4.91084
8.25 4.91102
8.28 4.91121
8.31 4.9114
8.34 4.91159
8.37 4.91178
8.4 4.91197
8.43 4.91216
8.46 4.91235
8.49 4.91254
8.52 4.91273
8.55 4.91293
8.58 4.91312
8.61 4.91331
8.64 4.91351
8.67 4.9137
8.7 4.9139
8.73 4.91409
8.76 4.91429
8.79 4.91448
8.82 4.91468
8.85 4.91488
8.88 4.91508
8.91 4.91528
8.94 4.91547
8.97 4.91567
9 4.91587
9.03 4.91607
9.06 4.91628
9.09 4.91648
9.12 4.91668
9.15 4.91688
9.18 4.91708
9.21 4.91729
9.24 4.91749
9.27 4.9177
9.3 4.9179
9.33 4.91811
9.36 4.91832
9.39 4.91852
9.42 4.91873
9.45 4.91894
9.48 4.91915
9.51 4.91936
9.54 4.91957
9.57 4.91978
9.6 4.91999
9.63 4.9202
9.66 4.92041
9.69 4.92062
9.72 4.92084
9.75 4.92105
9.78 4.92126
9.81 4.92148
9.84 4.9217
9.87 4.92191
9.9 4.92213
9.93 4.92235
9.96 4.92256
9.99 4.92278
10.02 4.923
10.05 4.92322
10.08 4.92344
10.11 4.92366
10.14 4.92388
10.17 4.92411
10.2 4.92433
10.23 4.92455
10.26 4.92478
10.29 4.925
10.32 4.92523
10.35 4.92545
10.38 4.92568
10.41 4.92591
10.44 4.92614
10.47 4.92637
10.5 4.9266
10.53 4.92683
10.56 4.92706
10.59 4.92729
10.62 4.92752
10.65 4.92775
10.68 4.92799
10.71 4.92822
10.74 4.92846
10.77 4.92869
10.8 4.92893
10.83 4.92917
10.86 4.9294
10.89 4.92964
10.92 4.92988
10.95 4.93012
10.98 4.93036
11.01 4.9306
11.04 4.93084
11.07 4.93109
11.1 4.93133
11.13 4.93158
11.16 4.93182
11.19 4.93207
11.22 4.93231
11.25 4.93256
11.28 4.93281
11.31 4.93306
11.34 4.93331
11.37 4.93356
11.4 4.93381
11.43 4.93406
11.46 4.93431
11.49 4.93457
11.52 4.93482
11.55 4.93508
11.58 4.93533
11.61 4.93559
11.64 4.93585
11.67 4.9361
11.7 4.93636
11.73 4.93662
11.76 4.93688
11.79 4.93714
11.82 4.93741
11.85 4.93767
11.88 4.93793
11.91 4.9382
11.94 4.93846
11.97 4.93873
12 4.939
12.03 4.93927
12.06 4.93954
12.09 4.93981
12.12 4.94008
12.15 4.94035
12.18 4.94062
12.21 4.94089
12.24 4.94117
12.27 4.94144
12.3 4.94172
12.33 4.942
12.36 4.94228
12.39 4.94256
12.42 4.94283
12.45 4.94312
12.48 4.9434
12.51 4.94368
12.54 4.94396
12.57 4.94425
12.6 4.94453
12.63 4.94482
12.66 4.94511
12.69 4.9454
12.72 4.94569
12.75 4.94598
12.78 4.94627
12.81 4.94656
12.84 4.94685
12.87 4.94715
12.9 4.94744
12.93 4.94774
12.96 4.94804
12.99 4.94833
13.02 4.94863
13.05 4.94893
13.08 4.94923
13.11 4.94954
13.14 4.94984
13.17 4.95014
13.2 4.95045
13.23 4.95076
13.26 4.95106
13.29 4.95137
13.32 4.95168
13.35 4.95199
13.38 4.95231
13.41 4.95262
13.44 4.95293
13.47 4.95325
13.5 4.95356
13.53 4.95388
13.56 4.9542
13.59 4.95452
13.62 4.95484
13.65 4.95516
13.68 4.95549
13.71 4.95581
13.74 4.95614
13.77 4.95646
13.8 4.95679
13.83 4.95712
13.86 4.95745
13.89 4.95778
13.92 4.95811
13.95 4.95845
13.98 4.95878
14.01 4.95912
14.04 4.95945
14.07 4.95979
14.1 4.96013
14.13 4.96047
14.16 4.96082
14.19 4.96116
14.22 4.9615
14.25 4.96185
14.28 4.9622
14.31 4.96255
14.34 4.9629
14.37 4.96325
14.4 4.9636
14.43 4.96395
14.46 4.96431
14.49 4.96466
14.52 4.96502
14.55 4.96538
14.58 4.96574
14.61 4.9661
14.64 4.96647
14.67 4.96683
14.7 4.9672
14.73 4.96756
14.76 4.96793
14.79 4.9683
14.82 4.96867
14.85 4.96905
14.88 4.96942
14.91 4.9698
14.94 4.97017
14.97 4.97055
15 4.97093
15.03 4.97131
15.06 4.9717
15.09 4.97208
15.12 4.97247
15.15 4.97286
15.18 4.97324
15.21 4.97364
15.24 4.97403
15.27 4.97442
15.3 4.97482
15.33 4.97521
15.36 4.97561
15.39 4.97601
15.42 4.97641
15.45 4.97682
15.48 4.97722
15.51 4.97763
15.54 4.97804
15.57 4.97844
15.6 4.97886
15.63 4.97927
15.66 4.97968
15.69 4.9801
15.72 4.98052
15.75 4.98094
15.78 4.98136
15.81 4.98178
15.84 4.98221
15.87 4.98263
15.9 4.98306
15.93 4.98349
15.96 4.98392
15.99 4.98436
16.02 4.98479
16.05 4.98523
16.08 4.98567
16.11 4.98611
16.14 4.98655
16.17 4.987
16.2 4.98745
16.23 4.98789
16.26 4.98835
16.29 4.9888
16.32 4.98925
16.35 4.98971
16.38 4.99017
16.41 4.99063
16.44 4.99109
16.47 4.99155
16.5 4.99202
16.53 4.99249
16.56 4.99296
16.59 4.99343
16.62 4.99391
16.65 4.99438
16.68 4.99486
16.71 4.99534
16.74 4.99583
16.77 4.99631
16.8 4.9968
16.83 4.99729
16.86 4.99778
16.89 4.99828
16.92 4.99877
16.95 4.99927
16.98 4.99977
17.01 5.00028
17.04 5.00078
17.07 5.00129
17.1 5.0018
17.13 5.00232
17.16 5.00283
17.19 5.00335
17.22 5.00387
17.25 5.00439
17.28 5.00492
17.31 5.00545
17.34 5.00598
17.37 5.00651
17.4 5.00705
17.43 5.00758
17.46 5.00813
17.49 5.00867
17.52 5.00922
17.55 5.00976
17.58 5.01032
17.61 5.01087
17.64 5.01143
17.67 5.01199
17.7 5.01255
17.73 5.01312
17.76 5.01369
17.79 5.01426
17.82 5.01483
17.85 5.01541
17.88 5.01599
17.91 5.01658
17.94 5.01716
17.97 5.01775
18 5.01835
18.03 5.01894
18.06 5.01954
18.09 5.02015
18.12 5.02075
18.15 5.02136
18.18 5.02197
18.21 5.02259
18.24 5.02321
18.27 5.02383
18.3 5.02446
18.33 5.02509
18.36 5.02572
18.39 5.02636
18.42 5.027
18.45 5.02764
18.48 5.02829
18.51 5.02894
18.54 5.0296
18.57 5.03026
18.6 5.03092
18.63 5.03159
18.66 5.03226
18.69 5.03294
18.72 5.03361
18.75 5.0343
18.78 5.03499
18.81 5.03568
18.84 5.03637
18.87 5.03707
18.9 5.03778
18.93 5.03849
18.96 5.0392
18.99 5.03992
19.02 5.04064
19.05 5.04137
19.08 5.0421
19.11 5.04283
19.14 5.04357
19.17 5.04432
19.2 5.04507
19.23 5.04582
19.26 5.04658
19.29 5.04735
19.32 5.04812
19.35 5.0489
19.38 5.04968
19.41 5.05046
19.44 5.05125
19.47 5.05205
19.5 5.05285
19.53 5.05366
19.56 5.05447
19.59 5.05529
19.62 5.05612
19.65 5.05695
19.68 5.05778
19.71 5.05862
19.74 5.05947
19.77 5.06033
19.8 5.06119
19.83 5.06205
19.86 5.06292
19.89 5.0638
19.92 5.06469
19.95 5.06558
19.98 5.06648
20.01 5.06738
20.04 5.0683
20.07 5.06921
20.1 5.07014
20.13 5.07107
20.16 5.07201
20.19 5.07296
20.22 5.07391
20.25 5.07487
20.28 5.07584
20.31 5.07682
20.34 5.0778
20.37 5.07879
20.4 5.07979
20.43 5.0808
20.46 5.08181
20.49 5.08284
20.52 5.08387
20.55 5.08491
20.58 5.08596
20.61 5.08701
20.64 5.08808
20.67 5.08915
20.7 5.09023
20.73 5.09132
20.76 5.09242
20.79 5.09353
20.82 5.09465
20.85 5.09577
20.88 5.09691
20.91 5.09805
20.94 5.09921
20.97 5.10037
21 5.10155
21.03 5.10273
21.06 5.10393
21.09 5.10513
21.12 5.10634
21.15 5.10757
21.18 5.1088
21.21 5.11005
21.24 5.1113
21.27 5.11257
21.3 5.11384
21.33 5.11513
21.36 5.11643
21.39 5.11774
21.42 5.11906
21.45 5.12039
21.48 5.12173
21.51 5.12308
21.54 5.12445
21.57 5.12582
21.6 5.12721
21.63 5.12861
21.66 5.13002
21.69 5.13145
21.72 5.13288
21.75 5.13433
21.78 5.13579
21.81 5.13726
21.84 5.13875
21.87 5.14024
21.9 5.14175
21.93 5.14327
21.96 5.14481
21.99 5.14635
22.02 5.14791
22.05 5.14949
22.08 5.15107
22.11 5.15267
22.14 5.15428
22.17 5.1559
22.2 5.15754
22.23 5.15919
22.26 5.16085
22.29 5.16252
22.32 5.16421
22.35 5.16591
22.38 5.16762
22.41 5.16935
22.44 5.17109
22.47 5.17284
22.5 5.17461
22.53 5.17639
22.56 5.17818
22.59 5.17998
22.62 5.1818
22.65 5.18363
22.68 5.18547
22.71 5.18733
22.74 5.1892
22.77 5.19108
22.8 5.19297
22.83 5.19487
22.86 5.19679
22.89 5.19872
22.92 5.20066
22.95 5.20261
22.98 5.20458
23.01 5.20655
23.04 5.20854
23.07 5.21054
23.1 5.21255
23.13 5.21457
23.16 5.2166
23.19 5.21864
23.22 5.22069
23.25 5.22275
23.28 5.22483
23.31 5.22691
23.34 5.22899
23.37 5.23109
23.4 5.2332
23.43 5.23532
23.46 5.23744
23.49 5.23957
23.52 5.24171
23.55 5.24385
23.58 5.24601
23.61 5.24816
23.64 5.25033
23.67 5.2525
23.7 5.25468
23.73 5.25686
23.76 5.25904
23.79 5.26123
23.82 5.26342
23.85 5.26562
23.88 5.26782
23.91 5.27002
23.94 5.27223
23.97 5.27443
24 5.27664
24.03 5.27885
24.06 5.28105
24.09 5.28326
24.12 5.28547
24.15 5.28767
24.18 5.28988
24.21 5.29208
24.24 5.29428
24.27 5.29648
24.3 5.29867
24.33 5.30086
24.36 5.30305
24.39 5.30523
24.42 5.30741
24.45 5.30958
24.48 5.31174
24.51 5.3139
24.54 5.31605
24.57 5.31819
24.6 5.32033
24.63 5.32245
24.66 5.32457
24.69 5.32668
24.72 5.32878
24.75 5.33087
24.78 5.33295
24.81 5.33501
24.84 5.33707
24.87 5.33912
24.9 5.34115
24.93 5.34317
24.96 5.34518
24.99 5.34717
25.02 5.34916
25.05 5.35113
25.08 5.35308
25.11 5.35502
25.14 5.35695
25.17 5.35886
25.2 5.36076
25.23 5.36264
25.26 5.36451
25.29 5.36636
25.32 5.3682
25.35 5.37002
25.38 5.37183
25.41 5.37361
25.44 5.37539
25.47 5.37714
25.5 5.37888
25.53 5.38061
25.56 5.38232
25.59 5.38401
25.62 5.38568
25.65 5.38734
25.68 5.38898
25.71 5.3906
25.74 5.39221
25.77 5.3938
25.8 5.39537
25.83 5.39693
25.86 5.39847
25.89 5.39999
25.92 5.4015
25.95 5.40299
25.98 5.40447
26.01 5.40593
26.04 5.40737
26.07 5.40879
26.1 5.4102
26.13 5.4116
26.16 5.41298
26.19 5.41434
26.22 5.41569
26.25 5.41702
26.28 5.41834
26.31 5.41964
26.34 5.42093
26.37 5.4222
26.4 5.42346
26.43 5.4247
26.46 5.42593
26.49 5.42715
26.52 5.42835
26.55 5.42954
26.58 5.43072
26.61 5.43188
26.64 5.43303
26.67 5.43416
26.7 5.43529
26.73 5.4364
26.76 5.4375
26.79 5.43858
26.82 5.43966
26.85 5.44072
26.88 5.44177
26.91 5.44281
26.94 5.44384
26.97 5.44485
27 5.44586
27.03 5.44686
27.06 5.44784
27.09 5.44881
27.12 5.44978
27.15 5.45073
27.18 5.45168
27.21 5.45261
27.24 5.45354
27.27 5.45445
27.3 5.45536
27.33 5.45626
27.36 5.45714
27.39 5.45802
27.42 5.45889
27.45 5.45976
27.48 5.46061
27.51 5.46146
27.54 5.46229
27.57 5.46312
27.6 5.46394
27.63 5.46476
27.66 5.46556
27.69 5.46636
27.72 5.46715
27.75 5.46794
27.78 5.46871
27.81 5.46948
27.84 5.47025
27.87 5.471
27.9 5.47175
27.93 5.4725
27.96 5.47323
27.99 5.47396
28.02 5.47469
28.05 5.4754
28.08 5.47611
28.11 5.47682
28.14 5.47752
28.17 5.47821
28.2 5.4789
28.23 5.47958
28.26 5.48026
28.29 5.48093
28.32 5.48159
28.35 5.48225
28.38 5.48291
28.41 5.48355
28.44 5.4842
28.47 5.48484
28.5 5.48547
28.53 5.4861
28.56 5.48672
28.59 5.48734
28.62 5.48795
28.65 5.48856
28.68 5.48917
28.71 5.48977
28.74 5.49036
28.77 5.49095
28.8 5.49153
28.83 5.49212
28.86 5.49269
28.89 5.49326
28.92 5.49383
28.95 5.49439
28.98 5.49495
29.01 5.49551
29.04 5.49606
29.07 5.49661
29.1 5.49715
29.13 5.49769
29.16 5.49822
29.19 5.49875
29.22 5.49928
29.25 5.4998
29.28 5.50032
29.31 5.50083
29.34 5.50134
29.37 5.50185
29.4 5.50235
29.43 5.50285
29.46 5.50335
29.49 5.50384
29.52 5.50433
29.55 5.50482
29.58 5.5053
29.61 5.50577
29.64 5.50625
29.67 5.50672
29.7 5.50719
29.73 5.50765
29.76 5.50811
29.79 5.50857
29.82 5.50902
29.85 5.50948
29.88 5.50992
29.91 5.51037
29.94 5.51081
29.97 5.51125
30 5.51168
30.001 5
