0 0
0.03 0.615626
0.06 0.616509
0.09 0.617392
0.12 0.618276
0.15 0.61916
0.18 0.620045
0.21 0.62093
0.24 0.621816
0.27 0.622702
0.3 0.623589
0.33 0.624476
0.36 0.625363
0.39 0.626251
0.42 0.62714
0.45 0.628029
0.48 0.628918
0.51 0.629808
0.54 0.630699
0.57 0.63159
0.6 0.632481
0.63 0.633373
0.66 0.634266
0.69 0.635159
0.72 0.636052
0.75 0.636946
0.78 0.63784
0.81 0.638735
0.84 0.639631
0.87 0.640527
0.9 0.641423
0.93 0.64232
0.96 0.643218
0.99 0.644116
1.02 0.645015
1.05 0.645914
1.08 0.646814
1.11 0.647714
1.14 0.648615
1.17 0.649516
1.2 0.650418
1.23 0.65132
1.26 0.652223
1.29 0.653127
1.32 0.654031
1.35 0.654935
1.38 0.65584
1.41 0.656746
1.44 0.657652
1.47 0.658559
1.5 0.659467
1.53 0.660375
1.56 0.661283
1.59 0.662193
1.62 0.663102
1.65 0.664013
1.68 0.664924
1.71 0.665835
1.74 0.666747
1.77 0.66766
1.8 0.668573
1.83 0.669487
1.86 0.670402
1.89 0.671317
1.92 0.672233
1.95 0.673149
1.98 0.674066
2.01 0.674984
2.04 0.675902
2.07 0.676821
2.1 0.67774
2.13 0.67866
2.16 0.679581
2.19 0.680503
2.22 0.681425
2.25 0.682347
2.28 0.683271
2.31 0.684195
2.34 0.685119
2.37 0.686045
2.4 0.686971
2.43 0.687897
2.46 0.688825
2.49 0.689753
2.52 0.690682
2.55 0.691611
2.58 0.692541
2.61 0.693472
2.64 0.694403
2.67 0.695335
2.7 0.696268
2.73 0.697202
2.76 0.698136
2.79 0.699071
2.82 0.700007
2.85 0.700943
2.88 0.70188
2.91 0.702818
2.94 0.703757
2.97 0.704696
3 0.705636
3.03 0.706577
3.06 0.707519
3.09 0.708461
3.12 0.709404
3.15 0.710348
3.18 0.711292
3.21 0.712238
3.24 0.713184
3.27 0.714131
3.3 0.715079
3.33 0.716027
3.36 0.716976
3.39 0.717926
3.42 0.718877
3.45 0.719829
3.48 0.720781
3.51 0.721734
3.54 0.722689
3.57 0.723643
3.6 0.724599
3.63 0.725556
3.66 0.726513
3.69 0.727471
3.72 0.72843
3.75 0.72939
3.78 0.730351
3.81 0.731312
3.84 0.732275
3.87 0.733238
3.9 0.734202
3.93 0.735167
3.96 0.736133
3.99 0.7371
4.02 0.738067
4.05 0.739036
4.08 0.740005
4.11 0.740976
4.14 0.741947
4.17 0.742919
4.2 0.743892
4.23 0.744866
4.26 0.745841
4.29 0.746817
4.32 0.747793
4.35 0.748771
4.38 0.74975
4.41 0.750729
4.44 0.75171
4.47 0.752691
4.5 0.753674
4.53 0.754657
4.56 0.755641
4.59 0.756627
4.62 0.757613
4.65 0.7586
4.68 0.759589
4.71 0.760578
4.74 0.761568
4.77 0.76256
4.8 0.763552
4.83 0.764545
4.86 0.76554
4.89 0.766535
4.92 0.767532
4.95 0.768529
4.98 0.769528
5.01 0.770527
5.04 0.771528
5.07 0.772529
5.1 0.773532
5.13 0.774536
5.16 0.775541
5.19 0.776547
5.22 0.777554
5.25 0.778562
5.28 0.779571
5.31 0.780582
5.34 0.781593
5.37 0.782606
5.4 0.78362
5.43 0.784635
5.46 0.785651
5.49 0.786668
5.52 0.787686
5.55 0.788706
5.58 0.789726
5.61 0.790748
5.64 0.791771
5.67 0.792795
5.7 0.79382
5.73 0.794847
5.76 0.795875
5.79 0.796904
5.82 0.797934
5.85 0.798965
5.88 0.799998
5.91 0.801032
5.94 0.802067
5.97 0.803103
6 0.80414
6.03 0.805179
6.06 0.806219
6.09 0.807261
6.12 0.808303
6.15 0.809347
6.18 0.810392
6.21 0.811439
6.24 0.812487
6.27 0.813536
6.3 0.814586
6.33 0.815638
6.36 0.816691
6.39 0.817745
6.42 0.818801
6.45 0.819858
6.48 0.820917
6.51 0.821977
6.54 0.823038
6.57 0.8241
6.6 0.825164
6.63 0.82623
6.66 0.827297
6.69 0.828365
6.72 0.829434
6.75 0.830505
6.78 0.831578
6.81 0.832652
6.84 0.833727
6.87 0.834804
6.9 0.835882
6.93 0.836962
6.96 0.838043
6.99 0.839126
7.02 0.84021
7.05 0.841295
7.08 0.842383
7.11 0.843471
7.14 0.844561
7.17 0.845653
7.2 0.846746
7.23 0.847841
7.26 0.848938
7.29 0.850036
7.32 0.851135
7.35 0.852236
7.38 0.853339
7.41 0.854443
7.44 0.855549
7.47 0.856656
7.5 0.857765
7.53 0.858876
7.56 0.859989
7.59 0.861102
7.62 0.862218
7.65 0.863335
7.68 0.864454
7.71 0.865575
7.74 0.866697
7.77 0.867821
7.8 0.868947
7.83 0.870075
7.86 0.871204
7.89 0.872335
7.92 0.873467
7.95 0.874601
7.98 0.875738
8.01 0.876875
8.04 0.878015
8.07 0.879157
8.1 0.8803
8.13 0.881445
8.16 0.882592
8.19 0.88374
8.22 0.884891
8.25 0.886043
8.28 0.887197
8.31 0.888353
8.34 0.889511
8.37 0.890671
8.4 0.891832
8.43 0.892996
8.46 0.894161
8.49 0.895328
8.52 0.896498
8.55 0.897669
8.58 0.898842
8.61 0.900017
8.64 0.901194
8.67 0.902373
8.7 0.903554
8.73 0.904737
8.76 0.905921
8.79 0.907108
8.82 0.908297
8.85 0.909488
8.88 0.910681
8.91 0.911876
8.94 0.913073
8.97 0.914272
9 0.915474
9.03 0.916677
9.06 0.917882
9.09 0.91909
9.12 0.920299
9.15 0.921511
9.18 0.922725
9.21 0.923941
9.24 0.925159
9.27 0.926379
9.3 0.927602
9.33 0.928827
9.36 0.930054
9.39 0.931283
9.42 0.932514
9.45 0.933748
9.48 0.934983
9.51 0.936221
9.54 0.937462
9.57 0.938704
9.6 0.939949
9.63 0.941196
9.66 0.942446
9.69 0.943698
9.72 0.944952
9.75 0.946208
9.78 0.947467
9.81 0.948728
9.84 0.949992
9.87 0.951257
9.9 0.952526
9.93 0.953796
9.96 0.95507
9.99 0.956345
10.02 0.957623
10.05 0.958904
10.08 0.960186
10.11 0.961472
10.14 0.96276
10.17 0.96405
10.2 0.965343
10.23 0.966638
10.26 0.967936
10.29 0.969237
10.32 0.97054
10.35 0.971845
10.38 0.973154
10.41 0.974464
10.44 0.975778
10.47 0.977094
10.5 0.978412
10.53 0.979734
10.56 0.981058
10.59 0.982384
10.62 0.983713
10.65 0.985045
10.68 0.98638
10.71 0.987717
10.74 0.989058
10.77 0.9904
10.8 0.991746
10.83 0.993094
10.86 0.994445
10.89 0.995799
10.92 0.997156
10.95 0.998516
10.98 0.999878
11.01 1.00124
11.04 1.00261
11.07 1.00398
11.1 1.00536
11.13 1.00673
11.16 1.00811
11.19 1.0095
11.22 1.01088
11.25 1.01227
11.28 1.01366
11.31 1.01505
11.34 1.01645
11.37 1.01785
11.4 1.01926
11.43 1.02066
11.46 1.02207
11.49 1.02348
11.52 1.0249
11.55 1.02632
11.58 1.02774
11.61 1.02916
11.64 1.03059
11.67 1.03202
11.7 1.03346
11.73 1.0349
11.76 1.03634
11.79 1.03778
11.82 1.03923
11.85 1.04068
11.88 1.04213
11.91 1.04359
11.94 1.04505
11.97 1.04651
12 1.04798
12.03 1.04945
12.06 1.05092
12.09 1.0524
12.12 1.05388
12.15 1.05536
12.18 1.05685
12.21 1.05834
12.24 1.05983
12.27 1.06133
12.3 1.06283
12.33 1.06433
12.36 1.06584
12.39 1.06735
12.42 1.06886
12.45 1.07038
12.48 1.0719
12.51 1.07343
12.54 1.07496
12.57 1.07649
12.6 1.07803
12.63 1.07957
12.66 1.08111
12.69 1.08265
12.72 1.08421
12.75 1.08576
12.78 1.08732
12.81 1.08888
12.84 1.09044
12.87 1.09201
12.9 1.09359
12.93 1.09516
12.96 1.09674
12.99 1.09833
13.02 1.09991
13.05 1.10151
13.08 1.1031
13.11 1.1047
13.14 1.1063
13.17 1.10791
13.2 1.10952
13.23 1.11114
13.26 1.11276
13.29 1.11438
13.32 1.11601
13.35 1.11764
13.38 1.11927
13.41 1.12091
13.44 1.12256
13.47 1.12421
13.5 1.12586
13.53 1.12751
13.56 1.12917
13.59 1.13084
13.62 1.13251
13.65 1.13418
13.68 1.13586
13.71 1.13754
13.74 1.13922
13.77 1.14091
13.8 1.14261
13.83 1.1443
13.86 1.14601
13.89 1.14771
13.92 1.14943
13.95 1.15114
13.98 1.15286
14.01 1.15459
14.04 1.15632
14.07 1.15805
14.1 1.15979
14.13 1.16153
14.16 1.16328
14.19 1.16503
14.22 1.16679
14.25 1.16855
14.28 1.17032
14.31 1.17209
14.34 1.17386
14.37 1.17564
14.4 1.17743
14.43 1.17922
14.46 1.18101
14.49 1.18281
14.52 1.18462
14.55 1.18642
14.58 1.18824
14.61 1.19006
14.64 1.19188
14.67 1.19371
14.7 1.19554
14.73 1.19738
14.76 1.19923
14.79 1.20108
14.82 1.20293
14.85 1.20479
14.88 1.20665
14.91 1.20852
14.94 1.2104
14.97 1.21228
15 1.21416
15.03 1.21605
15.06 1.21795
15.09 1.21985
15.12 1.22176
15.15 1.22367
15.18 1.22559
15.21 1.22751
15.24 1.22944
15.27 1.23137
15.3 1.23331
15.33 1.23526
15.36 1.23721
15.39 1.23917
15.42 1.24113
15.45 1.2431
15.48 1.24507
15.51 1.24705
15.54 1.24903
15.57 1.25103
15.6 1.25302
15.63 1.25503
15.66 1.25703
15.69 1.25905
15.72 1.26107
15.75 1.2631
15.78 1.26513
15.81 1.26717
15.84 1.26922
15.87 1.27127
15.9 1.27333
15.93 1.27539
15.96 1.27746
15.99 1.27954
16.02 1.28162
16.05 1.28371
16.08 1.28581
16.11 1.28791
16.14 1.29002
16.17 1.29214
16.2 1.29426
16.23 1.29639
16.26 1.29853
16.29 1.30067
16.32 1.30283
16.35 1.30498
16.38 1.30715
16.41 1.30932
16.44 1.3115
16.47 1.31368
16.5 1.31588
16.53 1.31808
16.56 1.32029
16.59 1.3225
16.62 1.32472
16.65 1.32695
16.68 1.32919
16.71 1.33144
16.74 1.33369
16.77 1.33595
16.8 1.33822
16.83 1.34049
16.86 1.34278
16.89 1.34507
16.92 1.34737
16.95 1.34968
16.98 1.35199
17.01 1.35432
17.04 1.35665
17.07 1.35899
17.1 1.36134
17.13 1.3637
17.16 1.36607
17.19 1.36844
17.22 1.37083
17.25 1.37322
17.28 1.37562
17.31 1.37803
17.34 1.38045
17.37 1.38288
17.4 1.38532
17.43 1.38776
17.46 1.39022
17.49 1.39269
17.52 1.39516
17.55 1.39765
17.58 1.40014
17.61 1.40265
17.64 1.40516
17.67 1.40769
17.7 1.41022
17.73 1.41277
17.76 1.41532
17.79 1.41789
17.82 1.42047
17.85 1.42305
17.88 1.42565
17.91 1.42826
17.94 1.43088
17.97 1.43351
18 1.43615
18.03 1.4388
18.06 1.44147
18.09 1.44415
18.12 1.44683
18.15 1.44953
18.18 1.45224
18.21 1.45497
18.24 1.4577
18.27 1.46045
18.3 1.46321
18.33 1.46598
18.36 1.46877
18.39 1.47156
18.42 1.47438
18.45 1.4772
18.48 1.48004
18.51 1.48289
18.54 1.48575
18.57 1.48863
18.6 1.49152
18.63 1.49443
18.66 1.49735
18.69 1.50028
18.72 1.50323
18.75 1.50619
18.78 1.50917
18.81 1.51216
18.84 1.51517
18.87 1.51819
18.9 1.52123
18.93 1.52429
18.96 1.52736
18.99 1.53044
19.02 1.53355
19.05 1.53667
19.08 1.5398
19.11 1.54296
19.14 1.54613
19.17 1.54931
19.2 1.55252
19.23 1.55574
19.26 1.55898
19.29 1.56224
19.32 1.56552
19.35 1.56881
19.38 1.57213
19.41 1.57546
19.44 1.57881
19.47 1.58218
19.5 1.58558
19.53 1.58899
19.56 1.59242
19.59 1.59587
19.62 1.59934
19.65 1.60284
19.68 1.60635
19.71 1.60989
19.74 1.61345
19.77 1.61703
19.8 1.62063
19.83 1.62426
19.86 1.62791
19.89 1.63158
19.92 1.63528
19.95 1.639
19.98 1.64274
20.01 1.64651
20.04 1.6503
20.07 1.65412
20.1 1.65796
20.13 1.66183
20.16 1.66572
20.19 1.66965
20.22 1.67359
20.25 1.67757
20.28 1.68157
20.31 1.6856
20.34 1.68966
20.37 1.69374
20.4 1.69786
20.43 1.702
20.46 1.70617
20.49 1.71038
20.52 1.71461
20.55 1.71887
20.58 1.72317
20.61 1.72749
20.64 1.73185
20.67 1.73624
20.7 1.74066
20.73 1.74511
20.76 1.7496
20.79 1.75412
20.82 1.75868
20.85 1.76327
20.88 1.76789
20.91 1.77255
20.94 1.77725
20.97 1.78198
21 1.78675
21.03 1.79155
21.06 1.79639
21.09 1.80127
21.12 1.80619
21.15 1.81115
21.18 1.81614
21.21 1.82118
21.24 1.82625
21.27 1.83137
21.3 1.83652
21.33 1.84172
21.36 1.84696
21.39 1.85224
21.42 1.85756
21.45 1.86293
21.48 1.86834
21.51 1.87379
21.54 1.87929
21.57 1.88483
21.6 1.89042
21.63 1.89605
21.66 1.90173
21.69 1.90745
21.72 1.91322
21.75 1.91904
21.78 1.92491
21.81 1.93082
21.84 1.93678
21.87 1.94279
21.9 1.94885
21.93 1.95496
21.96 1.96112
21.99 1.96733
22.02 1.97359
22.05 1.9799
22.08 1.98627
22.11 1.99268
22.14 1.99915
22.17 2.00567
22.2 2.01224
22.23 2.01886
22.26 2.02554
22.29 2.03227
22.32 2.03906
22.35 2.0459
22.38 2.05279
22.41 2.05974
22.44 2.06674
22.47 2.0738
22.5 2.08091
22.53 2.08808
22.56 2.0953
22.59 2.10258
22.62 2.10991
22.65 2.1173
22.68 2.12475
22.71 2.13225
22.74 2.13981
22.77 2.14742
22.8 2.15509
22.83 2.16282
22.86 2.1706
22.89 2.17843
22.92 2.18632
22.95 2.19427
22.98 2.20227
23.01 2.21033
23.04 2.21844
23.07 2.22661
23.1 2.23483
23.13 2.2431
23.16 2.25143
23.19 2.25981
23.22 2.26825
23.25 2.27673
23.28 2.28527
23.31 2.29386
23.34 2.3025
23.37 2.31119
23.4 2.31993
23.43 2.32872
23.46 2.33755
23.49 2.34644
23.52 2.35537
23.55 2.36435
23.58 2.37337
23.61 2.38243
23.64 2.39154
23.67 2.4007
23.7 2.40989
23.73 2.41912
23.76 2.4284
23.79 2.43771
23.82 2.44706
23.85 2.45645
23.88 2.46587
23.91 2.47532
23.94 2.48481
23.97 2.49433
24 2.50388
24.03 2.51346
24.06 2.52307
24.09 2.5327
24.12 2.54236
24.15 2.55204
24.18 2.56174
24.21 2.57146
24.24 2.5812
24.27 2.59096
24.3 2.60073
24.33 2.61052
24.36 2.62032
24.39 2.63013
24.42 2.63996
24.45 2.64978
24.48 2.65962
24.51 2.66946
24.54 2.6793
24.57 2.68914
24.6 2.69899
24.63 2.70883
24.66 2.71866
24.69 2.72849
24.72 2.73832
24.75 2.74813
24.78 2.75793
24.81 2.76772
24.84 2.7775
24.87 2.78726
24.9 2.797
24.93 2.80672
24.96 2.81642
24.99 2.8261
25.02 2.83576
25.05 2.84538
25.08 2.85498
25.11 2.86456
25.14 2.8741
25.17 2.8836
25.2 2.89308
25.23 2.90252
25.26 2.91192
25.29 2.92128
25.32 2.93061
25.35 2.93989
25.38 2.94913
25.41 2.95833
25.44 2.96748
25.47 2.97658
25.5 2.98564
25.53 2.99464
25.56 3.0036
25.59 3.01251
25.62 3.02136
25.65 3.03016
25.68 3.0389
25.71 3.04759
25.74 3.05622
25.77 3.0648
25.8 3.07331
25.83 3.08177
25.86 3.09017
25.89 3.0985
25.92 3.10678
25.95 3.11499
25.98 3.12314
26.01 3.13122
26.04 3.13924
26.07 3.1472
26.1 3.15508
26.13 3.16291
26.16 3.17067
26.19 3.17836
26.22 3.18598
26.25 3.19353
26.28 3.20102
26.31 3.20844
26.34 3.21579
26.37 3.22308
26.4 3.23029
26.43 3.23743
26.46 3.24451
26.49 3.25152
26.52 3.25845
26.55 3.26532
26.58 3.27212
26.61 3.27885
26.64 3.28552
26.67 3.29211
26.7 3.29863
26.73 3.30509
26.76 3.31147
26.79 3.31779
26.82 3.32404
26.85 3.33022
26.88 3.33634
26.91 3.34239
26.94 3.34837
26.97 3.35428
27 3.36013
27.03 3.36591
27.06 3.37163
27.09 3.37728
27.12 3.38287
27.15 3.38839
27.18 3.39385
27.21 3.39924
27.24 3.40458
27.27 3.40985
27.3 3.41505
27.33 3.4202
27.36 3.42529
27.39 3.43031
27.42 3.43528
27.45 3.44018
27.48 3.44503
27.51 3.44982
27.54 3.45455
27.57 3.45922
27.6 3.46384
27.63 3.4684
27.66 3.4729
27.69 3.47735
27.72 3.48175
27.75 3.48609
27.78 3.49038
27.81 3.49462
27.84 3.4988
27.87 3.50293
27.9 3.50701
27.93 3.51105
27.96 3.51503
27.99 3.51896
28.02 3.52284
28.05 3.52668
28.08 3.53047
28.11 3.53421
28.14 3.53791
28.17 3.54156
28.2 3.54516
28.23 3.54872
28.26 3.55224
28.29 3.55571
28.32 3.55914
28.35 3.56253
28.38 3.56587
28.41 3.56918
28.44 3.57244
28.47 3.57567
28.5 3.57885
28.53 3.582
28.56 3.5851
28.59 3.58817
28.62 3.5912
28.65 3.5942
28.68 3.59716
28.71 3.60008
28.74 3.60296
28.77 3.60581
28.8 3.60863
28.83 3.61141
28.86 3.61416
28.89 3.61688
28.92 3.61956
28.95 3.62221
28.98 3.62483
29.01 3.62742
29.04 3.62997
29.07 3.6325
29.1 3.63499
29.13 3.63746
29.16 3.6399
29.19 3.6423
29.22 3.64468
29.25 3.64704
29.28 3.64936
29.31 3.65166
29.34 3.65393
29.37 3.65617
29.4 3.65839
29.43 3.66058
29.46 3.66274
29.49 3.66489
29.52 3.667
29.55 3.66909
29.58 3.67116
29.61 3.67321
29.64 3.67523
29.67 3.67722
29.7 3.6792
29.73 3.68115
29.76 3.68308
29.79 3.68499
29.82 3.68688
29.85 3.68875
29.88 3.69059
29.91 3.69242
29.94 3.69422
29.97 3.69601
30 3.69777
30.001 0
