0 -10
0.03 -8.71384
0.06 -8.71369
0.09 -8.71354
0.12 -8.71339
0.15 -8.71324
0.18 -8.71309
0.21 -8.71294
0.24 -8.71279
0.27 -8.71264
0.3 -8.71249
0.33 -8.71235
0.36 -8.7122
0.39 -8.71205
0.42 -8.7119
0.45 -8.71175
0.48 -8.7116
0.51 -8.71145
0.54 -8.7113
0.57 -8.71116
0.6 -8.71101
0.63 -8.71086
0.66 -8.71071
0.69 -8.71056
0.72 -8.71041
0.75 -8.71026
0.78 -8.71012
0.81 -8.70997
0.84 -8.70982
0.87 -8.70967
0.9 -8.70952
0.93 -8.70937
0.96 -8.70923
0.99 -8.70908
1.02 -8.70893
1.05 -8.70878
1.08 -8.70863
1.11 -8.70849
1.14 -8.70834
1.17 -8.70819
1.2 -8.70804
1.23 -8.70789
1.26 -8.70775
1.29 -8.7076
1.32 -8.70745
1.35 -8.7073
1.38 -8.70716
1.41 -8.70701
1.44 -8.70686
1.47 -8.70671
1.5 -8.70656
1.53 -8.70642
1.56 -8.70627
1.59 -8.70612
1.62 -8.70597
1.65 -8.70583
1.68 -8.70568
1.71 -8.70553
1.74 -8.70538
1.77 -8.70524
1.8 -8.70509
1.83 -8.70494
1.86 -8.7048
1.89 -8.70465
1.92 -8.7045
1.95 -8.70435
1.98 -8.70421
2.01 -8.70406
2.04 -8.70391
2.07 -8.70376
2.1 -8.70362
2.13 -8.70347
2.16 -8.70332
2.19 -8.70318
2.22 -8.70303
2.25 -8.70288
2.28 -8.70274
2.31 -8.70259
2.34 -8.70244
2.37 -8.7023
2.4 -8.70215
2.43 -8.702
2.46 -8.70185
2.49 -8.70171
2.52 -8.70156
2.55 -8.70141
2.58 -8.70127
2.61 -8.70112
2.64 -8.70097
2.67 -8.70083
2.7 -8.70068
2.73 -8.70053
2.76 -8.70039
2.79 -8.70024
2.82 -8.70009
2.85 -8.69995
2.88 -8.6998
2.91 -8.69966
2.94 -8.69951
2.97 -8.69936
3 -8.69922
3.03 -8.69907
3.06 -8.69892
3.09 -8.69878
3.12 -8.69863
3.15 -8.69848
3.18 -8.69834
3.21 -8.69819
3.24 -8.69804
3.27 -8.6979
3.3 -8.69775
3.33 -8.69761
3.36 -8.69746
3.39 -8.69731
3.42 -8.69717
3.45 -8.69702
3.48 -8.69687
3.51 -8.69673
3.54 -8.69658
3.57 -8.69644
3.6 -8.69629
3.63 -8.69614
3.66 -8.696
3.69 -8.69585
3.72 -8.6957
3.75 -8.69556
3.78 -8.69541
3.81 -8.69527
3.84 -8.69512
3.87 -8.69497
3.9 -8.69483
3.93 -8.69468
3.96 -8.69454
3.99 -8.69439
4.02 -8.69424
4.05 -8.6941
4.08 -8.69395
4.11 -8.69381
4.14 -8.69366
4.17 -8.69351
4.2 -8.69337
4.23 -8.69322
4.26 -8.69307
4.29 -8.69293
4.32 -8.69278
4.35 -8.69264
4.38 -8.69249
4.41 -8.69234
4.44 -8.6922
4.47 -8.69205
4.5 -8.69191
4.53 -8.69176
4.56 -8.69161
4.59 -8.69147
4.62 -8.69132
4.65 -8.69118
4.68 -8.69103
4.71 -8.69088
4.74 -8.69074
4.77 -8.69059
4.8 -8.69045
4.83 -8.6903
4.86 -8.69015
4.89 -8.69001
4.92 -8.68986
4.95 -8.68972
4.98 -8.68957
5.01 -8.68942
5.04 -8.68928
5.07 -8.68913
5.1 -8.68899
5.13 -8.68884
5.16 -8.68869
5.19 -8.68855
5.22 -8.6884
5.25 -8.68825
5.28 -8.68811
5.31 -8.68796
5.34 -8.68782
5.37 -8.68767
5.4 -8.68752
5.43 -8.68738
5.46 -8.68723
5.49 -8.68709
5.52 -8.68694
5.55 -8.68679
5.58 -8.68665
5.61 -8.6865
5.64 -8.68635
5.67 -8.68621
5.7 -8.68606
5.73 -8.68592
5.76 -8.68577
5.79 -8.68562
5.82 -8.68548
5.85 -8.68533
5.88 -8.68518
5.91 -8.68504
5.94 -8.68489
5.97 -8.68474
6 -8.6846
6.03 -8.68445
6.06 -8.68431
6.09 -8.68416
6.12 -8.68401
6.15 -8.68387
6.18 -8.68372
6.21 -8.68357
6.24 -8.68343
6.27 -8.68328
6.3 -8.68313
6.33 -8.68299
6.36 -8.68284
6.39 -8.68269
6.42 -8.68255
6.45 -8.6824
6.48 -8.68225
6.51 -8.68211
6.54 -8.68196
6.57 -8.68181
6.6 -8.68167
6.63 -8.68152
6.66 -8.68137
6.69 -8.68123
6.72 -8.68108
6.75 -8.68093
6.78 -8.68078
6.81 -8.68064
6.84 -8.68049
6.87 -8.68034
6.9 -8.6802
6.93 -8.68005
6.96 -8.6799
6.99 -8.67976
7.02 -8.67961
7.05 -8.67946
7.08 -8.67931
7.11 -8.67917
7.14 -8.67902
7.17 -8.67887
7.2 -8.67873
7.23 -8.67858
7.26 -8.67843
7.29 -8.67828
7.32 -8.67814
7.35 -8.67799
7.38 -8.67784
7.41 -8.67769
7.44 -8.67755
7.47 -8.6774
7.5 -8.67725
7.53 -8.6771
7.56 -8.67696
7.59 -8.67681
7.62 -8.67666
7.65 -8.67651
7.68 -8.67637
7.71 -8.67622
7.74 -8.67607
7.77 -8.67592
7.8 -8.67577
7.83 -8.67563
7.86 -8.67548
7.89 -8.67533
7.92 -8.67518
7.95 -8.67503
7.98 -8.67489
8.01 -8.67474
8.04 -8.67459
8.07 -8.67444
8.1 -8.67429
8.13 -8.67415
8.16 -8.674
8.19 -8.67385
8.22 -8.6737
8.25 -8.67355
8.28 -8.6734
8.31 -8.67326
8.34 -8.67311
8.37 -8.67296
8.4 -8.67281
8.43 -8.67266
8.46 -8.67251
8.49 -8.67236
8.52 -8.67222
8.55 -8.67207
8.58 -8.67192
8.61 -8.67177
8.64 -8.67162
8.67 -8.67147
8.7 -8.67132
8.73 -8.67117
8.76 -8.67103
8.79 -8.67088
8.82 -8.67073
8.85 -8.67058
8.88 -8.67043
8.91 -8.67028
8.94 -8.67013
8.97 -8.66998
9 -8.66983
9.03 -8.66968
9.06 -8.66953
9.09 -8.66938
9.12 -8.66924
9.15 -8.66909
9.18 -8.66894
9.21 -8.66879
9.24 -8.66864
9.27 -8.66849
9.3 -8.66834
9.33 -8.66819
9.36 -8.66804
9.39 -8.66789
9.42 -8.66774
9.45 -8.66759
9.48 -8.66744
9.51 -8.66729
9.54 -8.66714
9.57 -8.66699
9.6 -8.66684
9.63 -8.66669
9.66 -8.66654
9.69 -8.66639
9.72 -8.66624
9.75 -8.66609
9.78 -8.66594
9.81 -8.66579
9.84 -8.66564
9.87 -8.66549
9.9 -8.66534
9.93 -8.66519
9.96 -8.66504
9.99 -8.66489
10.02 -8.66474
10.05 -8.66459
10.08 -8.66444
10.11 -8.66429
10.14 -8.66414
10.17 -8.66399
10.2 -8.66383
10.23 -8.66368
10.26 -8.66353
10.29 -8.66338
10.32 -8.66323
10.35 -8.66308
10.38 -8.66293
10.41 -8.66278
10.44 -8.66263
10.47 -8.66248
10.5 -8.66233
10.53 -8.66218
10.56 -8.66203
10.59 -8.66187
10.62 -8.66172
10.65 -8.66157
10.68 -8.66142
10.71 -8.66127
10.74 -8.66112
10.77 -8.66097
10.8 -8.66082
10.83 -8.66067
10.86 -8.66052
10.89 -8.66036
10.92 -8.66021
10.95 -8.66006
10.98 -8.65991
11.01 -8.65976
11.04 -8.65961
11.07 -8.65946
11.1 -8.65931
11.13 -8.65915
11.16 -8.659
11.19 -8.65885
11.22 -8.6587
11.25 -8.65855
11.28 -8.6584
11.31 -8.65825
11.34 -8.65809
11.37 -8.65794
11.4 -8.65779
11.43 -8.65764
11.46 -8.65749
11.49 -8.65734
11.52 -8.65719
11.55 -8.65703
11.58 -8.65688
11.61 -8.65673
11.64 -8.65658
11.67 -8.65643
11.7 -8.65628
11.73 -8.65613
11.76 -8.65597
11.79 -8.65582
11.82 -8.65567
11.85 -8.65552
11.88 -8.65537
11.91 -8.65522
11.94 -8.65507
11.97 -8.65491
12 -8.65476
12.03 -8.65461
12.06 -8.65446
12.09 -8.65431
12.12 -8.65416
12.15 -8.65401
12.18 -8.65385
12.21 -8.6537
12.24 -8.65355
12.27 -8.6534
12.3 -8.65325
12.33 -8.6531
12.36 -8.65295
12.39 -8.65279
12.42 -8.65264
12.45 -8.65249
12.48 -8.65234
12.51 -8.65219
12.54 -8.65204
12.57 -8.65189
12.6 -8.65174
12.63 -8.65159
12.66 -8.65144
12.69 -8.65128
12.72 -8.65113
12.75 -8.65098
12.78 -8.65083
12.81 -8.65068
12.84 -8.65053
12.87 -8.65038
12.9 -8.65023
12.93 -8.65008
12.96 -8.64993
12.99 -8.64978
13.02 -8.64963
13.05 -8.64948
13.08 -8.64933
13.11 -8.64918
13.14 -8.64903
13.17 -8.64888
13.2 -8.64873
13.23 -8.64858
13.26 -8.64843
13.29 -8.64828
13.32 -8.64813
13.35 -8.64798
13.38 -8.64783
13.41 -8.64768
13.44 -8.64753
13.47 -8.64738
13.5 -8.64723
13.53 -8.64708
13.56 -8.64693
13.59 -8.64679
13.62 -8.64664
13.65 -8.64649
13.68 -8.64634
13.71 -8.64619
13.74 -8.64604
13.77 -8.64589
13.8 -8.64575
13.83 -8.6456
13.86 -8.64545
13.89 -8.6453
13.92 -8.64515
13.95 -8.64501
13.98 -8.64486
14.01 -8.64471
14.04 -8.64457
14.07 -8.64442
14.1 -8.64427
14.13 -8.64412
14.16 -8.64398
14.19 -8.64383
14.22 -8.64369
14.25 -8.64354
14.28 -8.64339
14.31 -8.64325
14.34 -8.6431
14.37 -8.64296
14.4 -8.64281
14.43 -8.64267
14.46 -8.64252
14.49 -8.64238
14.52 -8.64223
14.55 -8.64209
14.58 -8.64194
14.61 -8.6418
14.64 -8.64165
14.67 -8.64151
14.7 -8.64137
14.73 -8.64122
14.76 -8.64108
14.79 -8.64094
14.82 -8.6408
14.85 -8.64065
14.88 -8.64051
14.91 -8.64037
14.94 -8.64023
14.97 -8.64009
15 -8.63994
15.03 -8.6398
15.06 -8.63966
15.09 -8.63952
15.12 -8.63938
15.15 -8.63924
15.18 -8.6391
15.21 -8.63896
15.24 -8.63882
15.27 -8.63868
15.3 -8.63855
15.33 -8.63841
15.36 -8.63827
15.39 -8.63813
15.42 -8.63799
15.45 -8.63786
15.48 -8.63772
15.51 -8.63758
15.54 -8.63745
15.57 -8.63731
15.6 -8.63718
15.63 -8.63704
15.66 -8.63691
15.69 -8.63677
15.72 -8.63664
15.75 -8.6365
15.78 -8.63637
15.81 -8.63624
15.84 -8.6361
15.87 -8.63597
15.9 -8.63584
15.93 -8.63571
15.96 -8.63558
15.99 -8.63544
16.02 -8.63531
16.05 -8.63518
16.08 -8.63505
16.11 -8.63493
16.14 -8.6348
16.17 -8.63467
16.2 -8.63454
16.23 -8.63441
16.26 -8.63429
16.29 -8.63416
16.32 -8.63403
16.35 -8.63391
16.38 -8.63378
16.41 -8.63366
16.44 -8.63353
16.47 -8.63341
16.5 -8.63328
16.53 -8.63316
16.56 -8.63304
16.59 -8.63292
16.62 -8.6328
16.65 -8.63268
16.68 -8.63256
16.71 -8.63244
16.74 -8.63232
16.77 -8.6322
16.8 -8.63208
16.83 -8.63196
16.86 -8.63185
16.89 -8.63173
16.92 -8.63161
16.95 -8.6315
16.98 -8.63138
17.01 -8.63127
17.04 -8.63116
17.07 -8.63105
17.1 -8.63093
17.13 -8.63082
17.16 -8.63071
17.19 -8.6306
17.22 -8.63049
17.25 -8.63038
17.28 -8.63028
17.31 -8.63017
17.34 -8.63006
17.37 -8.62996
17.4 -8.62985
17.43 -8.62975
17.46 -8.62965
17.49 -8.62954
17.52 -8.62944
17.55 -8.62934
17.58 -8.62924
17.61 -8.62914
17.64 -8.62904
17.67 -8.62895
17.7 -8.62885
17.73 -8.62875
17.76 -8.62866
17.79 -8.62856
17.82 -8.62847
17.85 -8.62838
17.88 -8.62829
17.91 -8.6282
17.94 -8.62811
17.97 -8.62802
18 -8.62793
18.03 -8.62785
18.06 -8.62776
18.09 -8.62768
18.12 -8.62759
18.15 -8.62751
18.18 -8.62743
18.21 -8.62735
18.24 -8.62727
18.27 -8.62719
18.3 -8.62711
18.33 -8.62704
18.36 -8.62696
18.39 -8.62689
18.42 -8.62682
18.45 -8.62675
18.48 -8.62668
18.51 -8.62661
18.54 -8.62654
18.57 -8.62648
18.6 -8.62641
18.63 -8.62635
18.66 -8.62629
18.69 -8.62623
18.72 -8.62617
18.75 -8.62611
18.78 -8.62605
18.81 -8.626
18.84 -8.62594
18.87 -8.62589
18.9 -8.62584
18.93 -8.62579
18.96 -8.62575
18.99 -8.6257
19.02 -8.62566
19.05 -8.62561
19.08 -8.62557
19.11 -8.62553
19.14 -8.6255
19.17 -8.62546
19.2 -8.62543
19.23 -8.62539
19.26 -8.62536
19.29 -8.62534
19.32 -8.62531
19.35 -8.62528
19.38 -8.62526
19.41 -8.62524
19.44 -8.62522
19.47 -8.6252
19.5 -8.62519
19.53 -8.62518
19.56 -8.62517
19.59 -8.62516
19.62 -8.62515
19.65 -8.62515
19.68 -8.62514
19.71 -8.62514
19.74 -8.62515
19.77 -8.62515
19.8 -8.62516
19.83 -8.62517
19.86 -8.62518
19.89 -8.6252
19.92 -8.62522
19.95 -8.62524
19.98 -8.62526
20.01 -8.62528
20.04 -8.62531
20.07 -8.62534
20.1 -8.62538
20.13 -8.62541
20.16 -8.62545
20.19 -8.62549
20.22 -8.62554
20.25 -8.62559
20.28 -8.62564
20.31 -8.6257
20.34 -8.62575
20.37 -8.62582
20.4 -8.62588
20.43 -8.62595
20.46 -8.62602
20.49 -8.62609
20.52 -8.62617
20.55 -8.62626
20.58 -8.62634
20.61 -8.62643
20.64 -8.62652
20.67 -8.62662
20.7 -8.62672
20.73 -8.62683
20.76 -8.62694
20.79 -8.62705
20.82 -8.62717
20.85 -8.62729
20.88 -8.62742
20.91 -8.62755
20.94 -8.62768
20.97 -8.62782
21 -8.62797
21.03 -8.62812
21.06 -8.62827
21.09 -8.62843
21.12 -8.6286
21.15 -8.62876
21.18 -8.62894
21.21 -8.62912
21.24 -8.6293
21.27 -8.62949
21.3 -8.62969
21.33 -8.62989
21.36 -8.6301
21.39 -8.63031
21.42 -8.63053
21.45 -8.63076
21.48 -8.63099
21.51 -8.63122
21.54 -8.63147
21.57 -8.63172
21.6 -8.63197
21.63 -8.63224
21.66 -8.63251
21.69 -8.63278
21.72 -8.63307
21.75 -8.63336
21.78 -8.63365
21.81 -8.63396
21.84 -8.63427
21.87 -8.63459
21.9 -8.63492
21.93 -8.63525
21.96 -8.6356
21.99 -8.63595
22.02 -8.63631
22.05 -8.63668
22.08 -8.63705
22.11 -8.63744
22.14 -8.63783
22.17 -8.63823
22.2 -8.63864
22.23 -8.63906
22.26 -8.63949
22.29 -8.63993
22.32 -8.64038
22.35 -8.64084
22.38 -8.6413
22.41 -8.64178
22.44 -8.64227
22.47 -8.64276
22.5 -8.64327
22.53 -8.64379
22.56 -8.64432
22.59 -8.64486
22.62 -8.6454
22.65 -8.64597
22.68 -8.64654
22.71 -8.64712
22.74 -8.64771
22.77 -8.64832
22.8 -8.64894
22.83 -8.64957
22.86 -8.65021
22.89 -8.65086
22.92 -8.65152
22.95 -8.6522
22.98 -8.65289
23.01 -8.65359
23.04 -8.65431
23.07 -8.65504
23.1 -8.65578
23.13 -8.65653
23.16 -8.6573
23.19 -8.65808
23.22 -8.65887
23.25 -8.65968
23.28 -8.6605
23.31 -8.66133
23.34 -8.66218
23.37 -8.66304
23.4 -8.66392
23.43 -8.66481
23.46 -8.66571
23.49 -8.66663
23.52 -8.66756
23.55 -8.66851
23.58 -8.66947
23.61 -8.67045
23.64 -8.67144
23.67 -8.67244
23.7 -8.67346
23.73 -8.6745
23.76 -8.67554
23.79 -8.67661
23.82 -8.67769
23.85 -8.67878
23.88 -8.67989
23.91 -8.68101
23.94 -8.68215
23.97 -8.6833
24 -8.68447
24.03 -8.68565
24.06 -8.68685
24.09 -8.68806
24.12 -8.68929
24.15 -8.69053
24.18 -8.69178
24.21 -8.69305
24.24 -8.69433
24.27 -8.69563
24.3 -8.69694
24.33 -8.69827
24.36 -8.69961
24.39 -8.70096
24.42 -8.70233
24.45 -8.7037
24.48 -8.7051
24.51 -8.7065
24.54 -8.70792
24.57 -8.70935
24.6 -8.7108
24.63 -8.71225
24.66 -8.71372
24.69 -8.7152
24.72 -8.71669
24.75 -8.7182
24.78 -8.71971
24.81 -8.72124
24.84 -8.72277
24.87 -8.72432
24.9 -8.72587
24.93 -8.72744
24.96 -8.72901
24.99 -8.7306
25.02 -8.73219
25.05 -8.73379
25.08 -8.7354
25.11 -8.73701
25.14 -8.73864
25.17 -8.74027
25.2 -8.74191
25.23 -8.74355
25.26 -8.7452
25.29 -8.74686
25.32 -8.74852
25.35 -8.75018
25.38 -8.75185
25.41 -8.75353
25.44 -8.7552
25.47 -8.75689
25.5 -8.75857
25.53 -8.76026
25.56 -8.76195
25.59 -8.76364
25.62 -8.76533
25.65 -8.76702
25.68 -8.76871
25.71 -8.77041
25.74 -8.7721
25.77 -8.77379
25.8 -8.77548
25.83 -8.77717
25.86 -8.77886
25.89 -8.78055
25.92 -8.78223
25.95 -8.78391
25.98 -8.78559
26.01 -8.78727
26.04 -8.78894
26.07 -8.7906
26.1 -8.79226
26.13 -8.79392
26.16 -8.79557
26.19 -8.79722
26.22 -8.79886
26.25 -8.80049
26.28 -8.80212
26.31 -8.80373
26.34 -8.80535
26.37 -8.80695
26.4 -8.80855
26.43 -8.81014
26.46 -8.81172
26.49 -8.81329
26.52 -8.81486
26.55 -8.81641
26.58 -8.81796
26.61 -8.8195
26.64 -8.82102
26.67 -8.82254
26.7 -8.82405
26.73 -8.82554
26.76 -8.82703
26.79 -8.82851
26.82 -8.82997
26.85 -8.83143
26.88 -8.83287
26.91 -8.8343
26.94 -8.83573
26.97 -8.83714
27 -8.83854
27.03 -8.83992
27.06 -8.8413
27.09 -8.84267
27.12 -8.84402
27.15 -8.84536
27.18 -8.84669
27.21 -8.84801
27.24 -8.84931
27.27 -8.8506
27.3 -8.85189
27.33 -8.85315
27.36 -8.85441
27.39 -8.85566
27.42 -8.85689
27.45 -8.85811
27.48 -8.85932
27.51 -8.86052
27.54 -8.8617
27.57 -8.86287
27.6 -8.86403
27.63 -8.86518
27.66 -8.86632
27.69 -8.86745
27.72 -8.86856
27.75 -8.86966
27.78 -8.87075
27.81 -8.87183
27.84 -8.87289
27.87 -8.87395
27.9 -8.87499
27.93 -8.87602
27.96 -8.87704
27.99 -8.87805
28.02 -8.87905
28.05 -8.88003
28.08 -8.88101
28.11 -8.88197
28.14 -8.88292
28.17 -8.88386
28.2 -8.8848
28.23 -8.88572
28.26 -8.88663
28.29 -8.88753
28.32 -8.88841
28.35 -8.88929
28.38 -8.89016
28.41 -8.89102
28.44 -8.89187
28.47 -8.8927
28.5 -8.89353
28.53 -8.89435
28.56 -8.89516
28.59 -8.89596
28.62 -8.89675
28.65 -8.89753
28.68 -8.8983
28.71 -8.89906
28.74 -8.89981
28.77 -8.90056
28.8 -8.90129
28.83 -8.90202
28.86 -8.90274
28.89 -8.90344
28.92 -8.90414
28.95 -8.90484
28.98 -8.90552
29.01 -8.9062
29.04 -8.90686
29.07 -8.90752
29.1 -8.90817
29.13 -8.90882
29.16 -8.90945
29.19 -8.91008
29.22 -8.9107
29.25 -8.91131
29.28 -8.91192
29.31 -8.91252
29.34 -8.91311
29.37 -8.9137
29.4 -8.91427
29.43 -8.91484
29.46 -8.91541
29.49 -8.91596
29.52 -8.91651
29.55 -8.91706
29.58 -8.9176
29.61 -8.91813
29.64 -8.91865
29.67 -8.91917
29.7 -8.91968
29.73 -8.92019
29.76 -8.92069
29.79 -8.92119
29.82 -8.92167
29.85 -8.92216
29.88 -8.92263
29.91 -8.92311
29.94 -8.92357
29.97 -8.92403
30 -8.92449
30.001 -10
