0 -10
0.03 -8.87751
0.06 -8.87736
0.09 -8.87722
0.12 -8.87707
0.15 -8.87692
0.18 -8.87678
0.21 -8.87663
0.24 -8.87648
0.27 -8.87634
0.3 -8.87619
0.33 -8.87604
0.36 -8.87589
0.39 -8.87575
0.42 -8.8756
0.45 -8.87545
0.48 -8.8753
0.51 -8.87515
0.54 -8.87501
0.57 -8.87486
0.6 -8.87471
0.63 -8.87456
0.66 -8.87441
0.69 -8.87426
0.72 -8.87411
0.75 -8.87396
0.78 -8.87381
0.81 -8.87366
0.84 -8.87351
0.87 -8.87336
0.9 -8.87321
0.93 -8.87306
0.96 -8.87291
0.99 -8.87276
1.02 -8.87261
1.05 -8.87246
1.08 -8.8723
1.11 -8.87215
1.14 -8.872
1.17 -8.87185
1.2 -8.8717
1.23 -8.87154
1.26 -8.87139
1.29 -8.87124
1.32 -8.87108
1.35 -8.87093
1.38 -8.87078
1.41 -8.87062
1.44 -8.87047
1.47 -8.87032
1.5 -8.87016
1.53 -8.87001
1.56 -8.86985
1.59 -8.8697
1.62 -8.86954
1.65 -8.86939
1.68 -8.86923
1.71 -8.86908
1.74 -8.86892
1.77 -8.86877
1.8 -8.86861
1.83 -8.86845
1.86 -8.8683
1.89 -8.86814
1.92 -8.86798
1.95 -8.86783
1.98 -8.86767
2.01 -8.86751
2.04 -8.86735
2.07 -8.8672
2.1 -8.86704
2.13 -8.86688
2.16 -8.86672
2.19 -8.86656
2.22 -8.8664
2.25 -8.86624
2.28 -8.86608
2.31 -8.86593
2.34 -8.86577
2.37 -8.86561
2.4 -8.86544
2.43 -8.86528
2.46 -8.86512
2.49 -8.86496
2.52 -8.8648
2.55 -8.86464
2.58 -8.86448
2.61 -8.86432
2.64 -8.86415
2.67 -8.86399
2.7 -8.86383
2.73 -8.86367
2.76 -8.8635
2.79 -8.86334
2.82 -8.86318
2.85 -8.86301
2.88 -8.86285
2.91 -8.86268
2.94 -8.86252
2.97 -8.86236
3 -8.86219
3.03 -8.86203
3.06 -8.86186
3.09 -8.86169
3.12 -8.86153
3.15 -8.86136
3.18 -8.8612
3.21 -8.86103
3.24 -8.86086
3.27 -8.86069
3.3 -8.86053
3.33 -8.86036
3.36 -8.86019
3.39 -8.86002
3.42 -8.85986
3.45 -8.85969
3.48 -8.85952
3.51 -8.85935
3.54 -8.85918
3.57 -8.85901
3.6 -8.85884
3.63 -8.85867
3.66 -8.8585
3.69 -8.85833
3.72 -8.85816
3.75 -8.85798
3.78 -8.85781
3.81 -8.85764
3.84 -8.85747
3.87 -8.8573
3.9 -8.85712
3.93 -8.85695
3.96 -8.85678
3.99 -8.8566
4.02 -8.85643
4.05 -8.85625
4.08 -8.85608
4.11 -8.85591
4.14 -8.85573
4.17 -8.85555
4.2 -8.85538
4.23 -8.8552
4.26 -8.85503
4.29 -8.85485
4.32 -8.85467
4.35 -8.8545
4.38 -8.85432
4.41 -8.85414
4.44 -8.85396
4.47 -8.85378
4.5 -8.8536
4.53 -8.85343
4.56 -8.85325
4.59 -8.85307
4.62 -8.85289
4.65 -8.85271
4.68 -8.85253
4.71 -8.85234
4.74 -8.85216
4.77 -8.85198
4.8 -8.8518
4.83 -8.85162
4.86 -8.85143
4.89 -8.85125
4.92 -8.85107
4.95 -8.85088
4.98 -8.8507
5.01 -8.85052
5.04 -8.85033
5.07 -8.85015
5.1 -8.84996
5.13 -8.84978
5.16 -8.84959
5.19 -8.8494
5.22 -8.84922
5.25 -8.84903
5.28 -8.84884
5.31 -8.84865
5.34 -8.84847
5.37 -8.84828
5.4 -8.84809
5.43 -8.8479
5.46 -8.84771
5.49 -8.84752
5.52 -8.84733
5.55 -8.84714
5.58 -8.84695
5.61 -8.84675
5.64 -8.84656
5.67 -8.84637
5.7 -8.84618
5.73 -8.84598
5.76 -8.84579
5.79 -8.8456
5.82 -8.8454
5.85 -8.84521
5.88 -8.84501
5.91 -8.84482
5.94 -8.84462
5.97 -8.84443
6 -8.84423
6.03 -8.84403
6.06 -8.84383
6.09 -8.84364
6.12 -8.84344
6.15 -8.84324
6.18 -8.84304
6.21 -8.84284
6.24 -8.84264
6.27 -8.84244
6.3 -8.84224
6.33 -8.84204
6.36 -8.84184
6.39 -8.84164
6.42 -8.84143
6.45 -8.84123
6.48 -8.84103
6.51 -8.84082
6.54 -8.84062
6.57 -8.84041
6.6 -8.84021
6.63 -8.84
6.66 -8.8398
6.69 -8.83959
6.72 -8.83938
6.75 -8.83918
6.78 -8.83897
6.81 -8.83876
6.84 -8.83855
6.87 -8.83834
6.9 -8.83813
6.93 -8.83792
6.96 -8.83771
6.99 -8.8375
7.02 -8.83729
7.05 -8.83708
7.08 -8.83686
7.11 -8.83665
7.14 -8.83644
7.17 -8.83622
7.2 -8.83601
7.23 -8.83579
7.26 -8.83558
7.29 -8.83536
7.32 -8.83515
7.35 -8.83493
7.38 -8.83471
7.41 -8.83449
7.44 -8.83428
7.47 -8.83406
7.5 -8.83384
7.53 -8.83362
7.56 -8.8334
7.59 -8.83318
7.62 -8.83295
7.65 -8.83273
7.68 -8.83251
7.71 -8.83229
7.74 -8.83206
7.77 -8.83184
7.8 -8.83161
7.83 -8.83139
7.86 -8.83116
7.89 -8.83094
7.92 -8.83071
7.95 -8.83048
7.98 -8.83025
8.01 -8.83003
8.04 -8.8298
8.07 -8.82957
8.1 -8.82934
8.13 -8.82911
8.16 -8.82887
8.19 -8.82864
8.22 -8.82841
8.25 -8.82818
8.28 -8.82794
8.31 -8.82771
8.34 -8.82747
8.37 -8.82724
8.4 -8.827
8.43 -8.82677
8.46 -8.82653
8.49 -8.82629
8.52 -8.82605
8.55 -8.82581
8.58 -8.82557
8.61 -8.82533
8.64 -8.82509
8.67 -8.82485
8.7 -8.82461
8.73 -8.82437
8.76 -8.82412
8.79 -8.82388
8.82 -8.82364
8.85 -8.82339
8.88 -8.82314
8.91 -8.8229
8.94 -8.82265
8.97 -8.8224
9 -8.82216
9.03 -8.82191
9.06 -8.82166
9.09 -8.82141
9.12 -8.82116
9.15 -8.8209
9.18 -8.82065
9.21 -8.8204
9.24 -8.82015
9.27 -8.81989
9.3 -8.81964
9.33 -8.81938
9.36 -8.81913
9.39 -8.81887
9.42 -8.81861
9.45 -8.81835
9.48 -8.81809
9.51 -8.81783
9.54 -8.81757
9.57 -8.81731
9.6 -8.81705
9.63 -8.81679
9.66 -8.81653
9.69 -8.81626
9.72 -8.816
9.75 -8.81573
9.78 -8.81547
9.81 -8.8152
9.84 -8.81493
9.87 -8.81467
9.9 -8.8144
9.93 -8.81413
9.96 -8.81386
9.99 -8.81359
10.02 -8.81332
10.05 -8.81305
10.08 -8.81277
10.11 -8.8125
10.14 -8.81222
10.17 -8.81195
10.2 -8.81167
10.23 -8.8114
10.26 -8.81112
10.29 -8.81084
10.32 -8.81056
10.35 -8.81028
10.38 -8.81
10.41 -8.80972
10.44 -8.80944
10.47 -8.80916
10.5 -8.80888
10.53 -8.80859
10.56 -8.80831
10.59 -8.80802
10.62 -8.80774
10.65 -8.80745
10.68 -8.80716
10.71 -8.80687
10.74 -8.80658
10.77 -8.80629
10.8 -8.806
10.83 -8.80571
10.86 -8.80542
10.89 -8.80512
10.92 -8.80483
10.95 -8.80454
10.98 -8.80424
11.01 -8.80394
11.04 -8.80365
11.07 -8.80335
11.1 -8.80305
11.13 -8.80275
11.16 -8.80245
11.19 -8.80215
11.22 -8.80185
11.25 -8.80155
11.28 -8.80124
11.31 -8.80094
11.34 -8.80063
11.37 -8.80033
11.4 -8.80002
11.43 -8.79971
11.46 -8.79941
11.49 -8.7991
11.52 -8.79879
11.55 -8.79848
11.58 -8.79816
11.61 -8.79785
11.64 -8.79754
11.67 -8.79723
11.7 -8.79691
11.73 -8.7966
11.76 -8.79628
11.79 -8.79596
11.82 -8.79564
11.85 -8.79533
11.88 -8.79501
11.91 -8.79469
11.94 -8.79437
11.97 -8.79404
12 -8.79372
12.03 -8.7934
12.06 -8.79307
12.09 -8.79275
12.12 -8.79242
12.15 -8.7921
12.18 -8.79177
12.21 -8.79144
12.24 -8.79111
12.27 -8.79078
12.3 -8.79045
12.33 -8.79012
12.36 -8.78979
12.39 -8.78945
12.42 -8.78912
12.45 -8.78878
12.48 -8.78845
12.51 -8.78811
12.54 -8.78777
12.57 -8.78744
12.6 -8.7871
12.63 -8.78676
12.66 -8.78642
12.69 -8.78608
12.72 -8.78573
12.75 -8.78539
12.78 -8.78505
12.81 -8.7847
12.84 -8.78436
12.87 -8.78401
12.9 -8.78367
12.93 -8.78332
12.96 -8.78297
12.99 -8.78262
13.02 -8.78227
13.05 -8.78192
13.08 -8.78157
13.11 -8.78122
13.14 -8.78086
13.17 -8.78051
13.2 -8.78016
13.23 -8.7798
13.26 -8.77945
13.29 -8.77909
13.32 -8.77873
13.35 -8.77837
13.38 -8.77801
13.41 -8.77766
13.44 -8.77729
13.47 -8.77693
13.5 -8.77657
13.53 -8.77621
13.56 -8.77585
13.59 -8.77548
13.62 -8.77512
13.65 -8.77475
13.68 -8.77439
13.71 -8.77402
13.74 -8.77365
13.77 -8.77329
13.8 -8.77292
13.83 -8.77255
13.86 -8.77218
13.89 -8.77181
13.92 -8.77144
13.95 -8.77106
13.98 -8.77069
14.01 -8.77032
14.04 -8.76994
14.07 -8.76957
14.1 -8.76919
14.13 -8.76882
14.16 -8.76844
14.19 -8.76807
14.22 -8.76769
14.25 -8.76731
14.28 -8.76693
14.31 -8.76655
14.34 -8.76617
14.37 -8.76579
14.4 -8.76541
14.43 -8.76503
14.46 -8.76465
14.49 -8.76427
14.52 -8.76388
14.55 -8.7635
14.58 -8.76312
14.61 -8.76273
14.64 -8.76235
14.67 -8.76196
14.7 -8.76158
14.73 -8.76119
14.76 -8.76081
14.79 -8.76042
14.82 -8.76003
14.85 -8.75964
14.88 -8.75925
14.91 -8.75887
14.94 -8.75848
14.97 -8.75809
15 -8.7577
15.03 -8.75731
15.06 -8.75692
15.09 -8.75653
15.12 -8.75614
15.15 -8.75575
15.18 -8.75535
15.21 -8.75496
15.24 -8.75457
15.27 -8.75418
15.3 -8.75378
15.33 -8.75339
15.36 -8.753
15.39 -8.75261
15.42 -8.75221
15.45 -8.75182
15.48 -8.75142
15.51 -8.75103
15.54 -8.75064
15.57 -8.75024
15.6 -8.74985
15.63 -8.74945
15.66 -8.74906
15.69 -8.74866
15.72 -8.74827
15.75 -8.74787
15.78 -8.74748
15.81 -8.74708
15.84 -8.74669
15.87 -8.7463
15.9 -8.7459
15.93 -8.74551
15.96 -8.74511
15.99 -8.74472
16.02 -8.74432
16.05 -8.74393
16.08 -8.74353
16.11 -8.74314
16.14 -8.74274
16.17 -8.74235
16.2 -8.74196
16.23 -8.74156
16.26 -8.74117
16.29 -8.74078
16.32 -8.74038
16.35 -8.73999
16.38 -8.7396
16.41 -8.7392
16.44 -8.73881
16.47 -8.73842
16.5 -8.73803
16.53 -8.73764
16.56 -8.73725
16.59 -8.73686
16.62 -8.73647
16.65 -8.73608
16.68 -8.73569
16.71 -8.7353
16.74 -8.73491
16.77 -8.73452
16.8 -8.73413
16.83 -8.73375
16.86 -8.73336
16.89 -8.73298
16.92 -8.73259
16.95 -8.7322
16.98 -8.73182
17.01 -8.73144
17.04 -8.73105
17.07 -8.73067
17.1 -8.73029
17.13 -8.72991
17.16 -8.72953
17.19 -8.72915
17.22 -8.72877
17.25 -8.72839
17.28 -8.72801
17.31 -8.72764
17.34 -8.72726
17.37 -8.72688
17.4 -8.72651
17.43 -8.72614
17.46 -8.72576
17.49 -8.72539
17.52 -8.72502
17.55 -8.72465
17.58 -8.72428
17.61 -8.72391
17.64 -8.72354
17.67 -8.72318
17.7 -8.72281
17.73 -8.72244
17.76 -8.72208
17.79 -8.72172
17.82 -8.72136
17.85 -8.721
17.88 -8.72064
17.91 -8.72028
17.94 -8.71992
17.97 -8.71956
18 -8.71921
18.03 -8.71885
18.06 -8.7185
18.09 -8.71815
18.12 -8.7178
18.15 -8.71745
18.18 -8.7171
18.21 -8.71675
18.24 -8.71641
18.27 -8.71606
18.3 -8.71572
18.33 -8.71538
18.36 -8.71503
18.39 -8.71469
18.42 -8.71436
18.45 -8.71402
18.48 -8.71368
18.51 -8.71335
18.54 -8.71302
18.57 -8.71269
18.6 -8.71236
18.63 -8.71203
18.66 -8.7117
18.69 -8.71137
18.72 -8.71105
18.75 -8.71073
18.78 -8.7104
18.81 -8.71009
18.84 -8.70977
18.87 -8.70945
18.9 -8.70913
18.93 -8.70882
18.96 -8.70851
18.99 -8.7082
19.02 -8.70789
19.05 -8.70758
19.08 -8.70728
19.11 -8.70697
19.14 -8.70667
19.17 -8.70637
19.2 -8.70607
19.23 -8.70577
19.26 -8.70548
19.29 -8.70518
19.32 -8.70489
19.35 -8.7046
19.38 -8.70431
19.41 -8.70403
19.44 -8.70374
19.47 -8.70346
19.5 -8.70318
19.53 -8.7029
19.56 -8.70262
19.59 -8.70235
19.62 -8.70207
19.65 -8.7018
19.68 -8.70153
19.71 -8.70126
19.74 -8.701
19.77 -8.70073
19.8 -8.70047
19.83 -8.70021
19.86 -8.69996
19.89 -8.6997
19.92 -8.69945
19.95 -8.6992
19.98 -8.69895
20.01 -8.6987
20.04 -8.69846
20.07 -8.69822
20.1 -8.69798
20.13 -8.69774
20.16 -8.69751
20.19 -8.69727
20.22 -8.69704
20.25 -8.69681
20.28 -8.69659
20.31 -8.69637
20.34 -8.69615
20.37 -8.69593
20.4 -8.69571
20.43 -8.6955
20.46 -8.69529
20.49 -8.69509
20.52 -8.69488
20.55 -8.69468
20.58 -8.69448
20.61 -8.69429
20.64 -8.69409
20.67 -8.6939
20.7 -8.69372
20.73 -8.69353
20.76 -8.69335
20.79 -8.69318
20.82 -8.693
20.85 -8.69283
20.88 -8.69266
20.91 -8.6925
20.94 -8.69234
20.97 -8.69218
21 -8.69203
21.03 -8.69188
21.06 -8.69173
21.09 -8.69159
21.12 -8.69145
21.15 -8.69132
21.18 -8.69119
21.21 -8.69106
21.24 -8.69094
21.27 -8.69082
21.3 -8.69071
21.33 -8.6906
21.36 -8.69049
21.39 -8.69039
21.42 -8.6903
21.45 -8.6902
21.48 -8.69012
21.51 -8.69004
21.54 -8.68996
21.57 -8.68989
21.6 -8.68982
21.63 -8.68976
21.66 -8.68971
21.69 -8.68966
21.72 -8.68962
21.75 -8.68958
21.78 -8.68955
21.81 -8.68952
21.84 -8.6895
21.87 -8.68949
21.9 -8.68948
21.93 -8.68948
21.96 -8.68949
21.99 -8.68951
22.02 -8.68953
22.05 -8.68956
22.08 -8.68959
22.11 -8.68963
22.14 -8.68968
22.17 -8.68974
22.2 -8.68981
22.23 -8.68988
22.26 -8.68997
22.29 -8.69006
22.32 -8.69016
22.35 -8.69027
22.38 -8.69039
22.41 -8.69051
22.44 -8.69065
22.47 -8.6908
22.5 -8.69095
22.53 -8.69112
22.56 -8.6913
22.59 -8.69148
22.62 -8.69168
22.65 -8.69189
22.68 -8.69211
22.71 -8.69234
22.74 -8.69258
22.77 -8.69284
22.8 -8.6931
22.83 -8.69338
22.86 -8.69367
22.89 -8.69397
22.92 -8.69429
22.95 -8.69462
22.98 -8.69496
23.01 -8.69531
23.04 -8.69568
23.07 -8.69607
23.1 -8.69646
23.13 -8.69687
23.16 -8.6973
23.19 -8.69774
23.22 -8.6982
23.25 -8.69867
23.28 -8.69916
23.31 -8.69966
23.34 -8.70018
23.37 -8.70071
23.4 -8.70126
23.43 -8.70183
23.46 -8.70241
23.49 -8.70302
23.52 -8.70363
23.55 -8.70427
23.58 -8.70493
23.61 -8.7056
23.64 -8.70629
23.67 -8.707
23.7 -8.70772
23.73 -8.70847
23.76 -8.70923
23.79 -8.71002
23.82 -8.71082
23.85 -8.71164
23.88 -8.71248
23.91 -8.71334
23.94 -8.71422
23.97 -8.71512
24 -8.71604
24.03 -8.71698
24.06 -8.71795
24.09 -8.71893
24.12 -8.71993
24.15 -8.72095
24.18 -8.72199
24.21 -8.72305
24.24 -8.72414
24.27 -8.72524
24.3 -8.72636
24.33 -8.72751
24.36 -8.72867
24.39 -8.72986
24.42 -8.73107
24.45 -8.73229
24.48 -8.73354
24.51 -8.73481
24.54 -8.7361
24.57 -8.7374
24.6 -8.73873
24.63 -8.74008
24.66 -8.74145
24.69 -8.74283
24.72 -8.74424
24.75 -8.74566
24.78 -8.74711
24.81 -8.74857
24.84 -8.75005
24.87 -8.75155
24.9 -8.75307
24.93 -8.7546
24.96 -8.75615
24.99 -8.75772
25.02 -8.75931
25.05 -8.76091
25.08 -8.76253
25.11 -8.76416
25.14 -8.76581
25.17 -8.76747
25.2 -8.76915
25.23 -8.77085
25.26 -8.77255
25.29 -8.77427
25.32 -8.77601
25.35 -8.77775
25.38 -8.77951
25.41 -8.78128
25.44 -8.78306
25.47 -8.78485
25.5 -8.78665
25.53 -8.78846
25.56 -8.79028
25.59 -8.79211
25.62 -8.79395
25.65 -8.7958
25.68 -8.79765
25.71 -8.79951
25.74 -8.80138
25.77 -8.80325
25.8 -8.80512
25.83 -8.80701
25.86 -8.80889
25.89 -8.81078
25.92 -8.81268
25.95 -8.81458
25.98 -8.81647
26.01 -8.81838
26.04 -8.82028
26.07 -8.82218
26.1 -8.82409
26.13 -8.82599
26.16 -8.8279
26.19 -8.8298
26.22 -8.83171
26.25 -8.83361
26.28 -8.83551
26.31 -8.8374
26.34 -8.8393
26.37 -8.84119
26.4 -8.84308
26.43 -8.84496
26.46 -8.84684
26.49 -8.84872
26.52 -8.85059
26.55 -8.85245
26.58 -8.85431
26.61 -8.85617
26.64 -8.85802
26.67 -8.85986
26.7 -8.86169
26.73 -8.86352
26.76 -8.86534
26.79 -8.86715
26.82 -8.86896
26.85 -8.87076
26.88 -8.87255
26.91 -8.87433
26.94 -8.8761
26.97 -8.87786
27 -8.87962
27.03 -8.88136
27.06 -8.8831
27.09 -8.88483
27.12 -8.88655
27.15 -8.88825
27.18 -8.88995
27.21 -8.89164
27.24 -8.89332
27.27 -8.89499
27.3 -8.89665
27.33 -8.89829
27.36 -8.89993
27.39 -8.90156
27.42 -8.90318
27.45 -8.90478
27.48 -8.90638
27.51 -8.90796
27.54 -8.90954
27.57 -8.9111
27.6 -8.91265
27.63 -8.9142
27.66 -8.91573
27.69 -8.91725
27.72 -8.91876
27.75 -8.92026
27.78 -8.92175
27.81 -8.92323
27.84 -8.9247
27.87 -8.92615
27.9 -8.9276
27.93 -8.92904
27.96 -8.93046
27.99 -8.93188
28.02 -8.93328
28.05 -8.93467
28.08 -8.93606
28.11 -8.93743
28.14 -8.93879
28.17 -8.94015
28.2 -8.94149
28.23 -8.94282
28.26 -8.94414
28.29 -8.94546
28.32 -8.94676
28.35 -8.94805
28.38 -8.94933
28.41 -8.9506
28.44 -8.95187
28.47 -8.95312
28.5 -8.95436
28.53 -8.9556
28.56 -8.95682
28.59 -8.95804
28.62 -8.95924
28.65 -8.96044
28.68 -8.96163
28.71 -8.9628
28.74 -8.96397
28.77 -8.96513
28.8 -8.96628
28.83 -8.96743
28.86 -8.96856
28.89 -8.96968
28.92 -8.9708
28.95 -8.97191
28.98 -8.97301
29.01 -8.9741
29.04 -8.97518
29.07 -8.97626
29.1 -8.97732
29.13 -8.97838
29.16 -8.97943
29.19 -8.98047
29.22 -8.98151
29.25 -8.98253
29.28 -8.98355
29.31 -8.98456
29.34 -8.98557
29.37 -8.98656
29.4 -8.98755
29.43 -8.98853
29.46 -8.98951
29.49 -8.99048
29.52 -8.99144
29.55 -8.99239
29.58 -8.99333
29.61 -8.99427
29.64 -8.9952
29.67 -8.99613
29.7 -8.99705
29.73 -8.99796
29.76 -8.99886
29.79 -8.99976
29.82 -9.00065
29.85 -9.00154
29.88 -9.00242
29.91 -9.00329
29.94 -9.00416
29.97 -9.00502
30 -9.00587
30.001 -10
