0 5
0.03 5.04238
0.06 5.04244
0.09 5.04251
0.12 5.04258
0.15 5.04264
0.18 5.04271
0.21 5.04278
0.24 5.04284
0.27 5.04291
0.3 5.04298
0.33 5.04304
0.36 5.04311
0.39 5.04318
0.42 5.04325
0.45 5.04331
0.48 5.04338
0.51 5.04345
0.54 5.04352
0.57 5.04358
0.6 5.04365
0.63 5.04372
0.66 5.04379
0.69 5.04386
0.72 5.04393
0.75 5.044
0.78 5.04406
0.81 5.04413
0.84 5.0442
0.87 5.04427
0.9 5.04434
0.93 5.04441
0.96 5.04448
0.99 5.04455
1.02 5.04462
1.05 5.04469
1.08 5.04476
1.11 5.04483
1.14 5.0449
1.17 5.04497
1.2 5.04504
1.23 5.04511
1.26 5.04518
1.29 5.04525
1.32 5.04532
1.35 5.0454
1.38 5.04547
1.41 5.04554
1.44 5.04561
1.47 5.04568
1.5 5.04575
1.53 5.04583
1.56 5.0459
1.59 5.04597
1.62 5.04604
1.65 5.04612
1.68 5.04619
1.71 5.04626
1.74 5.04633
1.77 5.04641
1.8 5.04648
1.83 5.04656
1.86 5.04663
1.89 5.0467
1.92 5.04678
1.95 5.04685
1.98 5.04692
2.01 5.047
2.04 5.04707
2.07 5.04715
2.1 5.04722
2.13 5.0473
2.16 5.04737
2.19 5.04745
2.22 5.04752
2.25 5.0476
2.28 5.04768
2.31 5.04775
2.34 5.04783
2.37 5.0479
2.4 5.04798
2.43 5.04806
2.46 5.04813
2.49 5.04821
2.52 5.04829
2.55 5.04836
2.58 5.04844
2.61 5.04852
2.64 5.0486
2.67 5.04867
2.7 5.04875
2.73 5.04883
2.76 5.04891
2.79 5.04899
2.82 5.04907
2.85 5.04915
2.88 5.04922
2.91 5.0493
2.94 5.04938
2.97 5.04946
3 5.04954
3.03 5.04962
3.06 5.0497
3.09 5.04978
3.12 5.04986
3.15 5.04994
3.18 5.05002
3.21 5.05011
3.24 5.05019
3.27 5.05027
3.3 5.05035
3.33 5.05043
3.36 5.05051
3.39 5.0506
3.42 5.05068
3.45 5.05076
3.48 5.05084
3.51 5.05093
3.54 5.05101
3.57 5.05109
3.6 5.05118
3.63 5.05126
3.66 5.05134
3.69 5.05143
3.72 5.05151
3.75 5.0516
3.78 5.05168
3.81 5.05177
3.84 5.05185
3.87 5.05194
3.9 5.05202
3.93 5.05211
3.96 5.0522
3.99 5.05228
4.02 5.05237
4.05 5.05245
4.08 5.05254
4.11 5.05263
4.14 5.05272
4.17 5.0528
4.2 5.05289
4.23 5.05298
4.26 5.05307
4.29 5.05316
4.32 5.05324
4.35 5.05333
4.38 5.05342
4.41 5.05351
4.44 5.0536
4.47 5.05369
4.5 5.05378
4.53 5.05387
4.56 5.05396
4.59 5.05405
4.62 5.05414
4.65 5.05424
4.68 5.05433
4.71 5.05442
4.74 5.05451
4.77 5.0546
4.8 5.0547
4.83 5.05479
4.86 5.05488
4.89 5.05498
4.92 5.05507
4.95 5.05516
4.98 5.05526
5.01 5.05535
5.04 5.05545
5.07 5.05554
5.1 5.05564
5.13 5.05573
5.16 5.05583
5.19 5.05592
5.22 5.05602
5.25 5.05612
5.28 5.05621
5.31 5.05631
5.34 5.05641
5.37 5.05651
5.4 5.0566
5.43 5.0567
5.46 5.0568
5.49 5.0569
5.52 5.057
5.55 5.0571
5.58 5.0572
5.61 5.0573
5.64 5.0574
5.67 5.0575
5.7 5.0576
5.73 5.0577
5.76 5.0578
5.79 5.05791
5.82 5.05801
5.85 5.05811
5.88 5.05821
5.91 5.05832
5.94 5.05842
5.97 5.05852
6 5.05863
6.03 5.05873
6.06 5.05884
6.09 5.05894
6.12 5.05905
6.15 5.05915
6.18 5.05926
6.21 5.05937
6.24 5.05947
6.27 5.05958
6.3 5.05969
6.33 5.0598
6.36 5.0599
6.39 5.06001
6.42 5.06012
6.45 5.06023
6.48 5.06034
6.51 5.06045
6.54 5.06056
6.57 5.06067
6.6 5.06078
6.63 5.0609
6.66 5.06101
6.69 5.06112
6.72 5.06123
6.75 5.06135
6.78 5.06146
6.81 5.06157
6.84 5.06169
6.87 5.0618
6.9 5.06192
6.93 5.06203
6.96 5.06215
6.99 5.06226
7.02 5.06238
7.05 5.0625
7.08 5.06262
7.11 5.06273
7.14 5.06285
7.17 5.06297
7.2 5.06309
7.23 5.06321
7.26 5.06333
7.29 5.06345
7.32 5.06357
7.35 5.06369
7.38 5.06381
7.41 5.06394
7.44 5.06406
7.47 5.06418
7.5 5.06431
7.53 5.06443
7.56 5.06455
7.59 5.06468
7.62 5.0648
7.65 5.06493
7.68 5.06506
7.71 5.06518
7.74 5.06531
7.77 5.06544
7.8 5.06557
7.83 5.0657
7.86 5.06582
7.89 5.06595
7.92 5.06608
7.95 5.06622
7.98 5.06635
8.01 5.06648
8.04 5.06661
8.07 5.06674
8.1 5.06688
8.13 5.06701
8.16 5.06714
8.19 5.06728
8.22 5.06741
8.25 5.06755
8.28 5.06769
8.31 5.06782
8.34 5.06796
8.37 5.0681
8.4 5.06824
8.43 5.06838
8.46 5.06852
8.49 5.06866
8.52 5.0688
8.55 5.06894
8.58 5.06908
8.61 5.06923
8.64 5.06937
8.67 5.06951
8.7 5.06966
8.73 5.0698
8.76 5.06995
8.79 5.07009
8.82 5.07024
8.85 5.07039
8.88 5.07054
8.91 5.07069
8.94 5.07083
8.97 5.07098
9 5.07114
9.03 5.07129
9.06 5.07144
9.09 5.07159
9.12 5.07174
9.15 5.0719
9.18 5.07205
9.21 5.07221
9.24 5.07236
9.27 5.07252
9.3 5.07268
9.33 5.07284
9.36 5.07299
9.39 5.07315
9.42 5.07331
9.45 5.07347
9.48 5.07364
9.51 5.0738
9.54 5.07396
9.57 5.07412
9.6 5.07429
9.63 5.07445
9.66 5.07462
9.69 5.07479
9.72 5.07495
9.75 5.07512
9.78 5.07529
9.81 5.07546
9.84 5.07563
9.87 5.0758
9.9 5.07597
9.93 5.07615
9.96 5.07632
9.99 5.07649
10.02 5.07667
10.05 5.07685
10.08 5.07702
10.11 5.0772
10.14 5.07738
10.17 5.07756
10.2 5.07774
10.23 5.07792
10.26 5.0781
10.29 5.07828
10.32 5.07847
10.35 5.07865
10.38 5.07884
10.41 5.07902
10.44 5.07921
10.47 5.0794
10.5 5.07959
10.53 5.07978
10.56 5.07997
10.59 5.08016
10.62 5.08035
10.65 5.08054
10.68 5.08074
10.71 5.08093
10.74 5.08113
10.77 5.08133
10.8 5.08152
10.83 5.08172
10.86 5.08192
10.89 5.08212
10.92 5.08233
10.95 5.08253
10.98 5.08273
11.01 5.08294
11.04 5.08314
11.07 5.08335
11.1 5.08356
11.13 5.08377
11.16 5.08398
11.19 5.08419
11.22 5.0844
11.25 5.08462
11.28 5.08483
11.31 5.08505
11.34 5.08526
11.37 5.08548
11.4 5.0857
11.43 5.08592
11.46 5.08614
11.49 5.08636
11.52 5.08659
11.55 5.08681
11.58 5.08704
11.61 5.08726
11.64 5.08749
11.67 5.08772
11.7 5.08795
11.73 5.08818
11.76 5.08841
11.79 5.08865
11.82 5.08888
11.85 5.08912
11.88 5.08936
11.91 5.0896
11.94 5.08984
11.97 5.09008
12 5.09032
12.03 5.09056
12.06 5.09081
12.09 5.09106
12.12 5.0913
12.15 5.09155
12.18 5.0918
12.21 5.09205
12.24 5.09231
12.27 5.09256
12.3 5.09282
12.33 5.09307
12.36 5.09333
12.39 5.09359
12.42 5.09385
12.45 5.09412
12.48 5.09438
12.51 5.09464
12.54 5.09491
12.57 5.09518
12.6 5.09545
12.63 5.09572
12.66 5.09599
12.69 5.09627
12.72 5.09654
12.75 5.09682
12.78 5.0971
12.81 5.09738
12.84 5.09766
12.87 5.09794
12.9 5.09823
12.93 5.09851
12.96 5.0988
12.99 5.09909
13.02 5.09938
13.05 5.09967
13.08 5.09996
13.11 5.10026
13.14 5.10056
13.17 5.10086
13.2 5.10116
13.23 5.10146
13.26 5.10176
13.29 5.10207
13.32 5.10237
13.35 5.10268
13.38 5.10299
13.41 5.1033
13.44 5.10362
13.47 5.10393
13.5 5.10425
13.53 5.10457
13.56 5.10489
13.59 5.10521
13.62 5.10553
13.65 5.10586
13.68 5.10619
13.71 5.10652
13.74 5.10685
13.77 5.10718
13.8 5.10751
13.83 5.10785
13.86 5.10819
13.89 5.10853
13.92 5.10887
13.95 5.10922
13.98 5.10956
14.01 5.10991
14.04 5.11026
14.07 5.11061
14.1 5.11096
14.13 5.11132
14.16 5.11168
14.19 5.11204
14.22 5.1124
14.25 5.11276
14.28 5.11313
14.31 5.11349
14.34 5.11386
14.37 5.11423
14.4 5.11461
14.43 5.11498
14.46 5.11536
14.49 5.11574
14.52 5.11612
14.55 5.1165
14.58 5.11689
14.61 5.11728
14.64 5.11767
14.67 5.11806
14.7 5.11845
14.73 5.11885
14.76 5.11925
14.79 5.11965
14.82 5.12005
14.85 5.12045
14.88 5.12086
14.91 5.12127
14.94 5.12168
14.97 5.12209
15 5.12251
15.03 5.12293
15.06 5.12335
15.09 5.12377
15.12 5.12419
15.15 5.12462
15.18 5.12505
15.21 5.12548
15.24 5.12591
15.27 5.12635
15.3 5.12679
15.33 5.12723
15.36 5.12767
15.39 5.12812
15.42 5.12856
15.45 5.12901
15.48 5.12947
15.51 5.12992
15.54 5.13038
15.57 5.13084
15.6 5.1313
15.63 5.13176
15.66 5.13223
15.69 5.1327
15.72 5.13317
15.75 5.13364
15.78 5.13412
15.81 5.1346
15.84 5.13508
15.87 5.13556
15.9 5.13605
15.93 5.13653
15.96 5.13703
15.99 5.13752
16.02 5.13801
16.05 5.13851
16.08 5.13901
16.11 5.13952
16.14 5.14002
16.17 5.14053
16.2 5.14104
16.23 5.14155
16.26 5.14207
16.29 5.14259
16.32 5.14311
16.35 5.14363
16.38 5.14416
16.41 5.14469
16.44 5.14522
16.47 5.14575
16.5 5.14629
16.53 5.14683
16.56 5.14737
16.59 5.14791
16.62 5.14846
16.65 5.14901
16.68 5.14956
16.71 5.15011
16.74 5.15067
16.77 5.15123
16.8 5.15179
16.83 5.15236
16.86 5.15293
16.89 5.1535
16.92 5.15407
16.95 5.15464
16.98 5.15522
17.01 5.1558
17.04 5.15639
17.07 5.15697
17.1 5.15756
17.13 5.15815
17.16 5.15875
17.19 5.15934
17.22 5.15994
17.25 5.16054
17.28 5.16115
17.31 5.16176
17.34 5.16237
17.37 5.16298
17.4 5.16359
17.43 5.16421
17.46 5.16483
17.49 5.16546
17.52 5.16608
17.55 5.16671
17.58 5.16734
17.61 5.16798
17.64 5.16862
17.67 5.16926
17.7 5.1699
17.73 5.17054
17.76 5.17119
17.79 5.17184
17.82 5.1725
17.85 5.17315
17.88 5.17381
17.91 5.17447
17.94 5.17514
17.97 5.17581
18 5.17648
18.03 5.17715
18.06 5.17782
18.09 5.1785
18.12 5.17918
18.15 5.17987
18.18 5.18056
18.21 5.18124
18.24 5.18194
18.27 5.18263
18.3 5.18333
18.33 5.18403
18.36 5.18474
18.39 5.18544
18.42 5.18615
18.45 5.18687
18.48 5.18758
18.51 5.1883
18.54 5.18902
18.57 5.18974
18.6 5.19047
18.63 5.1912
18.66 5.19193
18.69 5.19267
18.72 5.19341
18.75 5.19415
18.78 5.1949
18.81 5.19564
18.84 5.1964
18.87 5.19715
18.9 5.19791
18.93 5.19867
18.96 5.19943
18.99 5.2002
19.02 5.20097
19.05 5.20174
19.08 5.20252
19.11 5.2033
19.14 5.20408
19.17 5.20486
19.2 5.20565
19.23 5.20645
19.26 5.20724
19.29 5.20804
19.32 5.20884
19.35 5.20965
19.38 5.21046
19.41 5.21127
19.44 5.21209
19.47 5.21291
19.5 5.21373
19.53 5.21456
19.56 5.21539
19.59 5.21623
19.62 5.21706
19.65 5.21791
19.68 5.21875
19.71 5.2196
19.74 5.22046
19.77 5.22131
19.8 5.22218
19.83 5.22304
19.86 5.22391
19.89 5.22478
19.92 5.22566
19.95 5.22655
19.98 5.22743
20.01 5.22832
20.04 5.22922
20.07 5.23012
20.1 5.23102
20.13 5.23193
20.16 5.23285
20.19 5.23377
20.22 5.23469
20.25 5.23562
20.28 5.23655
20.31 5.23749
20.34 5.23843
20.37 5.23938
20.4 5.24033
20.43 5.24129
20.46 5.24226
20.49 5.24323
20.52 5.2442
20.55 5.24518
20.58 5.24617
20.61 5.24716
20.64 5.24816
20.67 5.24917
20.7 5.25018
20.73 5.2512
20.76 5.25222
20.79 5.25325
20.82 5.25429
20.85 5.25533
20.88 5.25638
20.91 5.25744
20.94 5.2585
20.97 5.25957
21 5.26065
21.03 5.26173
21.06 5.26283
21.09 5.26393
21.12 5.26503
21.15 5.26615
21.18 5.26727
21.21 5.26841
21.24 5.26955
21.27 5.27069
21.3 5.27185
21.33 5.27302
21.36 5.27419
21.39 5.27537
21.42 5.27656
21.45 5.27777
21.48 5.27898
21.51 5.2802
21.54 5.28143
21.57 5.28266
21.6 5.28391
21.63 5.28517
21.66 5.28644
21.69 5.28772
21.72 5.28901
21.75 5.29031
21.78 5.29163
21.81 5.29295
21.84 5.29428
21.87 5.29563
21.9 5.29698
21.93 5.29835
21.96 5.29973
21.99 5.30112
22.02 5.30253
22.05 5.30395
22.08 5.30537
22.11 5.30682
22.14 5.30827
22.17 5.30974
22.2 5.31122
22.23 5.31271
22.26 5.31422
22.29 5.31574
22.32 5.31727
22.35 5.31882
22.38 5.32038
22.41 5.32196
22.44 5.32355
22.47 5.32515
22.5 5.32677
22.53 5.3284
22.56 5.33005
22.59 5.33172
22.62 5.33339
22.65 5.33509
22.68 5.3368
22.71 5.33852
22.74 5.34026
22.77 5.34202
22.8 5.34379
22.83 5.34557
22.86 5.34738
22.89 5.34919
22.92 5.35103
22.95 5.35288
22.98 5.35474
23.01 5.35663
23.04 5.35852
23.07 5.36044
23.1 5.36237
23.13 5.36431
23.16 5.36628
23.19 5.36826
23.22 5.37025
23.25 5.37226
23.28 5.37429
23.31 5.37633
23.34 5.37838
23.37 5.38046
23.4 5.38254
23.43 5.38465
23.46 5.38677
23.49 5.3889
23.52 5.39105
23.55 5.39321
23.58 5.39539
23.61 5.39758
23.64 5.39979
23.67 5.402
23.7 5.40424
23.73 5.40648
23.76 5.40874
23.79 5.41101
23.82 5.41329
23.85 5.41559
23.88 5.41789
23.91 5.42021
23.94 5.42254
23.97 5.42487
24 5.42722
24.03 5.42958
24.06 5.43194
24.09 5.43432
24.12 5.4367
24.15 5.43909
24.18 5.44148
24.21 5.44388
24.24 5.44629
24.27 5.4487
24.3 5.45112
24.33 5.45354
24.36 5.45596
24.39 5.45839
24.42 5.46081
24.45 5.46324
24.48 5.46567
24.51 5.4681
24.54 5.47053
24.57 5.47296
24.6 5.47538
24.63 5.47781
24.66 5.48023
24.69 5.48264
24.72 5.48505
24.75 5.48746
24.78 5.48986
24.81 5.49225
24.84 5.49463
24.87 5.49701
24.9 5.49938
24.93 5.50174
24.96 5.50409
24.99 5.50643
25.02 5.50875
25.05 5.51107
25.08 5.51337
25.11 5.51566
25.14 5.51793
25.17 5.5202
25.2 5.52244
25.23 5.52467
25.26 5.52689
25.29 5.52909
25.32 5.53127
25.35 5.53343
25.38 5.53558
25.41 5.53771
25.44 5.53982
25.47 5.54191
25.5 5.54398
25.53 5.54604
25.56 5.54807
25.59 5.55008
25.62 5.55207
25.65 5.55404
25.68 5.55599
25.71 5.55792
25.74 5.55983
25.77 5.56171
25.8 5.56357
25.83 5.56541
25.86 5.56723
25.89 5.56903
25.92 5.5708
25.95 5.57255
25.98 5.57428
26.01 5.57599
26.04 5.57767
26.07 5.57934
26.1 5.58098
26.13 5.58259
26.16 5.58419
26.19 5.58576
26.22 5.58731
26.25 5.58884
26.28 5.59034
26.31 5.59183
26.34 5.59329
26.37 5.59473
26.4 5.59615
26.43 5.59755
26.46 5.59892
26.49 5.60028
26.52 5.60161
26.55 5.60292
26.58 5.60422
26.61 5.60549
26.64 5.60674
26.67 5.60798
26.7 5.60919
26.73 5.61039
26.76 5.61156
26.79 5.61272
26.82 5.61385
26.85 5.61497
26.88 5.61607
26.91 5.61716
26.94 5.61822
26.97 5.61927
27 5.6203
27.03 5.62131
27.06 5.62231
27.09 5.62329
27.12 5.62425
27.15 5.6252
27.18 5.62613
27.21 5.62704
27.24 5.62794
27.27 5.62883
27.3 5.6297
27.33 5.63055
27.36 5.63139
27.39 5.63222
27.42 5.63303
27.45 5.63383
27.48 5.63462
27.51 5.63539
27.54 5.63615
27.57 5.63689
27.6 5.63762
27.63 5.63834
27.66 5.63905
27.69 5.63975
27.72 5.64043
27.75 5.6411
27.78 5.64176
27.81 5.64241
27.84 5.64305
27.87 5.64367
27.9 5.64429
27.93 5.64489
27.96 5.64548
27.99 5.64607
28.02 5.64664
28.05 5.6472
28.08 5.64776
28.11 5.6483
28.14 5.64883
28.17 5.64936
28.2 5.64987
28.23 5.65038
28.26 5.65087
28.29 5.65136
28.32 5.65184
28.35 5.65231
28.38 5.65277
28.41 5.65323
28.44 5.65367
28.47 5.65411
28.5 5.65454
28.53 5.65496
28.56 5.65537
28.59 5.65578
28.62 5.65618
28.65 5.65657
28.68 5.65695
28.71 5.65733
28.74 5.6577
28.77 5.65806
28.8 5.65842
28.83 5.65877
28.86 5.65911
28.89 5.65945
28.92 5.65978
28.95 5.6601
28.98 5.66042
29.01 5.66073
29.04 5.66103
29.07 5.66133
29.1 5.66162
29.13 5.66191
29.16 5.66219
29.19 5.66247
29.22 5.66274
29.25 5.66301
29.28 5.66326
29.31 5.66352
29.34 5.66377
29.37 5.66401
29.4 5.66425
29.43 5.66449
29.46 5.66472
29.49 5.66494
29.52 5.66516
29.55 5.66537
29.58 5.66558
29.61 5.66579
29.64 5.66599
29.67 5.66619
29.7 5.66638
29.73 5.66657
29.76 5.66675
29.79 5.66693
29.82 5.66711
29.85 5.66728
29.88 5.66745
29.91 5.66761
29.94 5.66777
29.97 5.66793
30 5.66808
30.001 5
