0 0
0.03 -0.0867892
0.06 -0.0861718
0.09 -0.0855535
0.12 -0.0849344
0.15 -0.0843144
0.18 -0.0836935
0.21 -0.0830717
0.24 -0.082449
0.27 -0.0818253
0.3 -0.0812008
0.33 -0.0805754
0.36 -0.079949
0.39 -0.0793218
0.42 -0.0786936
0.45 -0.0780645
0.48 -0.0774344
0.51 -0.0768035
0.54 -0.0761715
0.57 -0.0755387
0.6 -0.0749048
0.63 -0.0742701
0.66 -0.0736344
0.69 -0.0729977
0.72 -0.07236
0.75 -0.0717214
0.78 -0.0710818
0.81 -0.0704412
0.84 -0.0697996
0.87 -0.0691571
0.9 -0.0685135
0.93 -0.067869
0.96 -0.0672234
0.99 -0.0665769
1.02 -0.0659293
1.05 -0.0652807
1.08 -0.0646311
1.11 -0.0639805
1.14 -0.0633288
1.17 -0.0626761
1.2 -0.0620224
1.23 -0.0613676
1.26 -0.0607118
1.29 -0.0600549
1.32 -0.0593969
1.35 -0.0587379
1.38 -0.0580778
1.41 -0.0574166
1.44 -0.0567544
1.47 -0.0560911
1.5 -0.0554266
1.53 -0.0547611
1.56 -0.0540945
1.59 -0.0534267
1.62 -0.0527579
1.65 -0.0520879
1.68 -0.0514168
1.71 -0.0507446
1.74 -0.0500713
1.77 -0.0493968
1.8 -0.0487211
1.83 -0.0480443
1.86 -0.0473664
1.89 -0.0466872
1.92 -0.046007
1.95 -0.0453255
1.98 -0.0446428
2.01 -0.043959
2.04 -0.043274
2.07 -0.0425878
2.1 -0.0419003
2.13 -0.0412117
2.16 -0.0405218
2.19 -0.0398308
2.22 -0.0391385
2.25 -0.0384449
2.28 -0.0377501
2.31 -0.0370541
2.34 -0.0363568
2.37 -0.0356582
2.4 -0.0349584
2.43 -0.0342573
2.46 -0.033555
2.49 -0.0328513
2.52 -0.0321464
2.55 -0.0314401
2.58 -0.0307325
2.61 -0.0300237
2.64 -0.0293135
2.67 -0.028602
2.7 -0.0278891
2.73 -0.0271749
2.76 -0.0264594
2.79 -0.0257425
2.82 -0.0250242
2.85 -0.0243046
2.88 -0.0235836
2.91 -0.0228612
2.94 -0.0221374
2.97 -0.0214122
3 -0.0206856
3.03 -0.0199576
3.06 -0.0192282
3.09 -0.0184974
3.12 -0.0177651
3.15 -0.0170313
3.18 -0.0162962
3.21 -0.0155595
3.24 -0.0148214
3.27 -0.0140819
3.3 -0.0133408
3.33 -0.0125983
3.36 -0.0118542
3.39 -0.0111087
3.42 -0.0103616
3.45 -0.00961301
3.48 -0.00886289
3.51 -0.00811123
3.54 -0.00735803
3.57 -0.00660327
3.6 -0.00584695
3.63 -0.00508906
3.66 -0.00432958
3.69 -0.00356852
3.72 -0.00280586
3.75 -0.00204159
3.78 -0.00127571
3.81 -0.000508206
3.84 0.000260933
3.87 0.00103171
3.9 0.00180415
3.93 0.00257824
3.96 0.003354
3.99 0.00413144
4.02 0.00491056
4.05 0.00569138
4.08 0.00647391
4.11 0.00725815
4.14 0.00804412
4.17 0.00883182
4.2 0.00962127
4.23 0.0104125
4.26 0.0112054
4.29 0.0120002
4.32 0.0127967
4.35 0.013595
4.38 0.0143951
4.41 0.015197
4.44 0.0160008
4.47 0.0168064
4.5 0.0176138
4.53 0.0184231
4.56 0.0192342
4.59 0.0200473
4.62 0.0208622
4.65 0.021679
4.68 0.0224977
4.71 0.0233183
4.74 0.0241408
4.77 0.0249653
4.8 0.0257918
4.83 0.0266202
4.86 0.0274505
4.89 0.0282829
4.92 0.0291173
4.95 0.0299536
4.98 0.030792
5.01 0.0316324
5.04 0.0324748
5.07 0.0333193
5.1 0.0341659
5.13 0.0350145
5.16 0.0358652
5.19 0.036718
5.22 0.037573
5.25 0.03843
5.28 0.0392892
5.31 0.0401505
5.34 0.041014
5.37 0.0418797
5.4 0.0427475
5.43 0.0436175
5.46 0.0444898
5.49 0.0453643
5.52 0.046241
5.55 0.0471199
5.58 0.0480011
5.61 0.0488846
5.64 0.0497704
5.67 0.0506585
5.7 0.0515489
5.73 0.0524416
5.76 0.0533366
5.79 0.054234
5.82 0.0551338
5.85 0.056036
5.88 0.0569405
5.91 0.0578475
5.94 0.0587569
5.97 0.0596687
6 0.0605829
6.03 0.0614997
6.06 0.0624189
6.09 0.0633406
6.12 0.0642648
6.15 0.0651915
6.18 0.0661208
6.21 0.0670526
6.24 0.067987
6.27 0.068924
6.3 0.0698636
6.33 0.0708058
6.36 0.0717506
6.39 0.072698
6.42 0.0736481
6.45 0.0746009
6.48 0.0755564
6.51 0.0765146
6.54 0.0774755
6.57 0.0784391
6.6 0.0794055
6.63 0.0803747
6.66 0.0813466
6.69 0.0823214
6.72 0.0832989
6.75 0.0842793
6.78 0.0852626
6.81 0.0862487
6.84 0.0872377
6.87 0.0882296
6.9 0.0892244
6.93 0.0902222
6.96 0.0912229
6.99 0.0922266
7.02 0.0932333
7.05 0.0942429
7.08 0.0952557
7.11 0.0962714
7.14 0.0972902
7.17 0.0983121
7.2 0.0993371
7.23 0.100365
7.26 0.101396
7.29 0.102431
7.32 0.103468
7.35 0.104509
7.38 0.105553
7.41 0.1066
7.44 0.107651
7.47 0.108704
7.5 0.109761
7.53 0.110821
7.56 0.111885
7.59 0.112952
7.62 0.114022
7.65 0.115096
7.68 0.116173
7.71 0.117253
7.74 0.118337
7.77 0.119425
7.8 0.120516
7.83 0.12161
7.86 0.122708
7.89 0.123809
7.92 0.124914
7.95 0.126023
7.98 0.127135
8.01 0.128251
8.04 0.12937
8.07 0.130493
8.1 0.13162
8.13 0.132751
8.16 0.133885
8.19 0.135023
8.22 0.136165
8.25 0.137311
8.28 0.13846
8.31 0.139613
8.34 0.140771
8.37 0.141932
8.4 0.143097
8.43 0.144266
8.46 0.145438
8.49 0.146615
8.52 0.147796
8.55 0.148981
8.58 0.15017
8.61 0.151363
8.64 0.15256
8.67 0.153761
8.7 0.154967
8.73 0.156176
8.76 0.15739
8.79 0.158608
8.82 0.159831
8.85 0.161057
8.88 0.162288
8.91 0.163523
8.94 0.164763
8.97 0.166007
9 0.167255
9.03 0.168508
9.06 0.169765
9.09 0.171026
9.12 0.172293
9.15 0.173563
9.18 0.174839
9.21 0.176118
9.24 0.177403
9.27 0.178692
9.3 0.179986
9.33 0.181284
9.36 0.182587
9.39 0.183895
9.42 0.185208
9.45 0.186525
9.48 0.187847
9.51 0.189175
9.54 0.190507
9.57 0.191844
9.6 0.193185
9.63 0.194532
9.66 0.195884
9.69 0.197241
9.72 0.198603
9.75 0.19997
9.78 0.201342
9.81 0.202719
9.84 0.204102
9.87 0.205489
9.9 0.206882
9.93 0.20828
9.96 0.209684
9.99 0.211092
10.02 0.212506
10.05 0.213926
10.08 0.215351
10.11 0.216781
10.14 0.218217
10.17 0.219658
10.2 0.221105
10.23 0.222557
10.26 0.224015
10.29 0.225479
10.32 0.226948
10.35 0.228423
10.38 0.229903
10.41 0.23139
10.44 0.232882
10.47 0.23438
10.5 0.235884
10.53 0.237393
10.56 0.238909
10.59 0.240431
10.62 0.241958
10.65 0.243492
10.68 0.245031
10.71 0.246577
10.74 0.248129
10.77 0.249687
10.8 0.251251
10.83 0.252821
10.86 0.254397
10.89 0.25598
10.92 0.257569
10.95 0.259165
10.98 0.260767
11.01 0.262375
11.04 0.26399
11.07 0.265611
11.1 0.267238
11.13 0.268873
11.16 0.270513
11.19 0.272161
11.22 0.273815
11.25 0.275476
11.28 0.277143
11.31 0.278817
11.34 0.280498
11.37 0.282186
11.4 0.283881
11.43 0.285583
11.46 0.287291
11.49 0.289007
11.52 0.290729
11.55 0.292459
11.58 0.294195
11.61 0.295939
11.64 0.29769
11.67 0.299448
11.7 0.301214
11.73 0.302986
11.76 0.304766
11.79 0.306553
11.82 0.308348
11.85 0.31015
11.88 0.311959
11.91 0.313776
11.94 0.3156
11.97 0.317432
12 0.319272
12.03 0.321119
12.06 0.322974
12.09 0.324836
12.12 0.326706
12.15 0.328584
12.18 0.33047
12.21 0.332364
12.24 0.334265
12.27 0.336175
12.3 0.338092
12.33 0.340018
12.36 0.341951
12.39 0.343892
12.42 0.345842
12.45 0.3478
12.48 0.349766
12.51 0.35174
12.54 0.353722
12.57 0.355713
12.6 0.357712
12.63 0.359719
12.66 0.361735
12.69 0.363759
12.72 0.365791
12.75 0.367832
12.78 0.369882
12.81 0.37194
12.84 0.374007
12.87 0.376083
12.9 0.378167
12.93 0.38026
12.96 0.382361
12.99 0.384472
13.02 0.386591
13.05 0.388719
13.08 0.390856
13.11 0.393002
13.14 0.395157
13.17 0.397321
13.2 0.399494
13.23 0.401676
13.26 0.403868
13.29 0.406068
13.32 0.408278
13.35 0.410496
13.38 0.412724
13.41 0.414962
13.44 0.417208
13.47 0.419464
13.5 0.42173
13.53 0.424005
13.56 0.426289
13.59 0.428583
13.62 0.430886
13.65 0.433199
13.68 0.435521
13.71 0.437854
13.74 0.440195
13.77 0.442547
13.8 0.444908
13.83 0.447279
13.86 0.44966
13.89 0.45205
13.92 0.45445
13.95 0.456861
13.98 0.459281
14.01 0.461711
14.04 0.464151
14.07 0.466601
14.1 0.469061
14.13 0.471531
14.16 0.474012
14.19 0.476502
14.22 0.479003
14.25 0.481513
14.28 0.484034
14.31 0.486565
14.34 0.489107
14.37 0.491658
14.4 0.49422
14.43 0.496793
14.46 0.499375
14.49 0.501968
14.52 0.504572
14.55 0.507186
14.58 0.50981
14.61 0.512445
14.64 0.51509
14.67 0.517746
14.7 0.520413
14.73 0.52309
14.76 0.525777
14.79 0.528476
14.82 0.531184
14.85 0.533904
14.88 0.536634
14.91 0.539375
14.94 0.542127
14.97 0.544889
15 0.547662
15.03 0.550446
15.06 0.553241
15.09 0.556047
15.12 0.558863
15.15 0.56169
15.18 0.564529
15.21 0.567378
15.24 0.570237
15.27 0.573108
15.3 0.57599
15.33 0.578883
15.36 0.581786
15.39 0.584701
15.42 0.587626
15.45 0.590563
15.48 0.593511
15.51 0.596469
15.54 0.599439
15.57 0.60242
15.6 0.605411
15.63 0.608414
15.66 0.611428
15.69 0.614453
15.72 0.617489
15.75 0.620536
15.78 0.623594
15.81 0.626664
15.84 0.629744
15.87 0.632836
15.9 0.635938
15.93 0.639052
15.96 0.642177
15.99 0.645313
16.02 0.648461
16.05 0.651619
16.08 0.654789
16.11 0.657969
16.14 0.661161
16.17 0.664364
16.2 0.667579
16.23 0.670804
16.26 0.674041
16.29 0.677288
16.32 0.680547
16.35 0.683817
16.38 0.687099
16.41 0.690391
16.44 0.693695
16.47 0.69701
16.5 0.700336
16.53 0.703673
16.56 0.707022
16.59 0.710381
16.62 0.713752
16.65 0.717134
16.68 0.720527
16.71 0.723931
16.74 0.727347
16.77 0.730774
16.8 0.734212
16.83 0.737661
16.86 0.741121
16.89 0.744592
16.92 0.748075
16.95 0.751569
16.98 0.755074
17.01 0.75859
17.04 0.762117
17.07 0.765656
17.1 0.769205
17.13 0.772766
17.16 0.776338
17.19 0.779922
17.22 0.783516
17.25 0.787122
17.28 0.790739
17.31 0.794367
17.34 0.798006
17.37 0.801657
17.4 0.805319
17.43 0.808992
17.46 0.812676
17.49 0.816372
17.52 0.820079
17.55 0.823797
17.58 0.827526
17.61 0.831267
17.64 0.835019
17.67 0.838782
17.7 0.842557
17.73 0.846343
17.76 0.850141
17.79 0.85395
17.82 0.85777
17.85 0.861602
17.88 0.865445
17.91 0.8693
17.94 0.873166
17.97 0.877044
18 0.880934
18.03 0.884835
18.06 0.888748
18.09 0.892673
18.12 0.896609
18.15 0.900557
18.18 0.904517
18.21 0.908489
18.24 0.912473
18.27 0.916468
18.3 0.920476
18.33 0.924496
18.36 0.928528
18.39 0.932572
18.42 0.936629
18.45 0.940697
18.48 0.944779
18.51 0.948872
18.54 0.952979
18.57 0.957097
18.6 0.961229
18.63 0.965373
18.66 0.969531
18.69 0.973701
18.72 0.977884
18.75 0.982081
18.78 0.98629
18.81 0.990514
18.84 0.99475
18.87 0.999
18.9 1.00326
18.93 1.00754
18.96 1.01183
18.99 1.01614
19.02 1.02046
19.05 1.02479
19.08 1.02914
19.11 1.03351
19.14 1.03789
19.17 1.04228
19.2 1.04669
19.23 1.05111
19.26 1.05555
19.29 1.06
19.32 1.06448
19.35 1.06896
19.38 1.07347
19.41 1.07798
19.44 1.08252
19.47 1.08707
19.5 1.09164
19.53 1.09623
19.56 1.10083
19.59 1.10546
19.62 1.1101
19.65 1.11476
19.68 1.11943
19.71 1.12413
19.74 1.12884
19.77 1.13358
19.8 1.13833
19.83 1.1431
19.86 1.1479
19.89 1.15271
19.92 1.15755
19.95 1.1624
19.98 1.16728
20.01 1.17218
20.04 1.1771
20.07 1.18204
20.1 1.18701
20.13 1.19199
20.16 1.19701
20.19 1.20204
20.22 1.2071
20.25 1.21219
20.28 1.2173
20.31 1.22243
20.34 1.22759
20.37 1.23278
20.4 1.23799
20.43 1.24323
20.46 1.2485
20.49 1.2538
20.52 1.25912
20.55 1.26448
20.58 1.26986
20.61 1.27527
20.64 1.28072
20.67 1.28619
20.7 1.29169
20.73 1.29723
20.76 1.3028
20.79 1.3084
20.82 1.31404
20.85 1.31971
20.88 1.32542
20.91 1.33116
20.94 1.33693
20.97 1.34274
21 1.34859
21.03 1.35448
21.06 1.3604
21.09 1.36637
21.12 1.37237
21.15 1.37841
21.18 1.3845
21.21 1.39062
21.24 1.39679
21.27 1.403
21.3 1.40926
21.33 1.41555
21.36 1.4219
21.39 1.42828
21.42 1.43472
21.45 1.4412
21.48 1.44773
21.51 1.4543
21.54 1.46093
21.57 1.46761
21.6 1.47433
21.63 1.48111
21.66 1.48794
21.69 1.49482
21.72 1.50176
21.75 1.50875
21.78 1.5158
21.81 1.5229
21.84 1.53006
21.87 1.53727
21.9 1.54455
21.93 1.55188
21.96 1.55927
21.99 1.56673
22.02 1.57424
22.05 1.58182
22.08 1.58946
22.11 1.59716
22.14 1.60493
22.17 1.61277
22.2 1.62067
22.23 1.62863
22.26 1.63667
22.29 1.64477
22.32 1.65294
22.35 1.66119
22.38 1.6695
22.41 1.67788
22.44 1.68634
22.47 1.69487
22.5 1.70347
22.53 1.71215
22.56 1.7209
22.59 1.72973
22.62 1.73863
22.65 1.74761
22.68 1.75667
22.71 1.76581
22.74 1.77502
22.77 1.78431
22.8 1.79369
22.83 1.80314
22.86 1.81267
22.89 1.82229
22.92 1.83198
22.95 1.84176
22.98 1.85162
23.01 1.86156
23.04 1.87158
23.07 1.88169
23.1 1.89188
23.13 1.90215
23.16 1.91251
23.19 1.92295
23.22 1.93347
23.25 1.94408
23.28 1.95477
23.31 1.96554
23.34 1.9764
23.37 1.98734
23.4 1.99836
23.43 2.00946
23.46 2.02065
23.49 2.03191
23.52 2.04326
23.55 2.05468
23.58 2.06619
23.61 2.07778
23.64 2.08944
23.67 2.10118
23.7 2.113
23.73 2.12489
23.76 2.13685
23.79 2.14889
23.82 2.161
23.85 2.17318
23.88 2.18544
23.91 2.19775
23.94 2.21014
23.97 2.22259
24 2.2351
24.03 2.24768
24.06 2.26031
24.09 2.273
24.12 2.28575
24.15 2.29855
24.18 2.3114
24.21 2.32431
24.24 2.33726
24.27 2.35025
24.3 2.36329
24.33 2.37637
24.36 2.38949
24.39 2.40264
24.42 2.41582
24.45 2.42904
24.48 2.44228
24.51 2.45555
24.54 2.46884
24.57 2.48214
24.6 2.49547
24.63 2.5088
24.66 2.52215
24.69 2.53551
24.72 2.54886
24.75 2.56222
24.78 2.57558
24.81 2.58893
24.84 2.60228
24.87 2.61561
24.9 2.62893
24.93 2.64223
24.96 2.65551
24.99 2.66876
25.02 2.68199
25.05 2.69519
25.08 2.70835
25.11 2.72148
25.14 2.73457
25.17 2.74761
25.2 2.76061
25.23 2.77357
25.26 2.78647
25.29 2.79931
25.32 2.8121
25.35 2.82483
25.38 2.83749
25.41 2.85009
25.44 2.86263
25.47 2.87509
25.5 2.88747
25.53 2.89979
25.56 2.91202
25.59 2.92417
25.62 2.93625
25.65 2.94823
25.68 2.96013
25.71 2.97194
25.74 2.98366
25.77 2.99529
25.8 3.00683
25.83 3.01826
25.86 3.0296
25.89 3.04084
25.92 3.05198
25.95 3.06302
25.98 3.07396
26.01 3.08479
26.04 3.09551
26.07 3.10613
26.1 3.11664
26.13 3.12705
26.16 3.13734
26.19 3.14752
26.22 3.1576
26.25 3.16756
26.28 3.17741
26.31 3.18715
26.34 3.19678
26.37 3.20629
26.4 3.21569
26.43 3.22498
26.46 3.23416
26.49 3.24322
26.52 3.25217
26.55 3.26101
26.58 3.26973
26.61 3.27834
26.64 3.28684
26.67 3.29523
26.7 3.30351
26.73 3.31168
26.76 3.31973
26.79 3.32768
26.82 3.33551
26.85 3.34324
26.88 3.35086
26.91 3.35838
26.94 3.36578
26.97 3.37308
27 3.38028
27.03 3.38737
27.06 3.39435
27.09 3.40124
27.12 3.40802
27.15 3.4147
27.18 3.42129
27.21 3.42777
27.24 3.43415
27.27 3.44044
27.3 3.44663
27.33 3.45273
27.36 3.45874
27.39 3.46465
27.42 3.47046
27.45 3.47619
27.48 3.48183
27.51 3.48738
27.54 3.49284
27.57 3.49822
27.6 3.50351
27.63 3.50871
27.66 3.51384
27.69 3.51888
27.72 3.52384
27.75 3.52872
27.78 3.53352
27.81 3.53824
27.84 3.54289
27.87 3.54746
27.9 3.55195
27.93 3.55637
27.96 3.56072
27.99 3.565
28.02 3.56921
28.05 3.57335
28.08 3.57742
28.11 3.58142
28.14 3.58536
28.17 3.58923
28.2 3.59303
28.23 3.59678
28.26 3.60046
28.29 3.60408
28.32 3.60764
28.35 3.61114
28.38 3.61458
28.41 3.61796
28.44 3.62129
28.47 3.62456
28.5 3.62777
28.53 3.63094
28.56 3.63405
28.59 3.6371
28.62 3.64011
28.65 3.64306
28.68 3.64597
28.71 3.64882
28.74 3.65163
28.77 3.65439
28.8 3.6571
28.83 3.65977
28.86 3.66239
28.89 3.66497
28.92 3.66751
28.95 3.67
28.98 3.67245
29.01 3.67486
29.04 3.67722
29.07 3.67955
29.1 3.68184
29.13 3.68409
29.16 3.6863
29.19 3.68848
29.22 3.69061
29.25 3.69271
29.28 3.69478
29.31 3.69681
29.34 3.6988
29.37 3.70077
29.4 3.7027
29.43 3.70459
29.46 3.70646
29.49 3.70829
29.52 3.71009
29.55 3.71186
29.58 3.7136
29.61 3.71531
29.64 3.717
29.67 3.71865
29.7 3.72028
29.73 3.72188
29.76 3.72345
29.79 3.72499
29.82 3.72651
29.85 3.728
29.88 3.72947
29.91 3.73091
29.94 3.73233
29.97 3.73373
30 3.7351
30.001 0
