0 0
0.03 0.158447
0.06 0.15848
0.09 0.158514
0.12 0.158547
0.15 0.15858
0.18 0.158614
0.21 0.158648
0.24 0.158681
0.27 0.158715
0.3 0.158749
0.33 0.158783
0.36 0.158817
0.39 0.158851
0.42 0.158885
0.45 0.158919
0.48 0.158953
0.51 0.158988
0.54 0.159022
0.57 0.159056
0.6 0.159091
0.63 0.159126
0.66 0.159161
0.69 0.159195
0.72 0.15923
0.75 0.159265
0.78 0.159301
0.81 0.159336
0.84 0.159371
0.87 0.159406
0.9 0.159442
0.93 0.159477
0.96 0.159513
0.99 0.159549
1.02 0.159585
1.05 0.159621
1.08 0.159657
1.11 0.159693
1.14 0.159729
1.17 0.159765
1.2 0.159801
1.23 0.159838
1.26 0.159874
1.29 0.159911
1.32 0.159948
1.35 0.159985
1.38 0.160022
1.41 0.160059
1.44 0.160096
1.47 0.160133
1.5 0.16017
1.53 0.160208
1.56 0.160245
1.59 0.160283
1.62 0.160321
1.65 0.160359
1.68 0.160397
1.71 0.160435
1.74 0.160473
1.77 0.160511
1.8 0.160549
1.83 0.160588
1.86 0.160627
1.89 0.160665
1.92 0.160704
1.95 0.160743
1.98 0.160782
2.01 0.160821
2.04 0.16086
2.07 0.1609
2.1 0.160939
2.13 0.160979
2.16 0.161019
2.19 0.161058
2.22 0.161098
2.25 0.161138
2.28 0.161179
2.31 0.161219
2.34 0.161259
2.37 0.1613
2.4 0.161341
2.43 0.161381
2.46 0.161422
2.49 0.161463
2.52 0.161505
2.55 0.161546
2.58 0.161587
2.61 0.161629
2.64 0.161671
2.67 0.161712
2.7 0.161754
2.73 0.161797
2.76 0.161839
2.79 0.161881
2.82 0.161924
2.85 0.161966
2.88 0.162009
2.91 0.162052
2.94 0.162095
2.97 0.162138
3 0.162182
3.03 0.162225
3.06 0.162269
3.09 0.162313
3.12 0.162357
3.15 0.162401
3.18 0.162445
3.21 0.16249
3.24 0.162534
3.27 0.162579
3.3 0.162624
3.33 0.162669
3.36 0.162714
3.39 0.16276
3.42 0.162805
3.45 0.162851
3.48 0.162897
3.51 0.162943
3.54 0.162989
3.57 0.163036
3.6 0.163082
3.63 0.163129
3.66 0.163176
3.69 0.163223
3.72 0.16327
3.75 0.163318
3.78 0.163365
3.81 0.163413
3.84 0.163461
3.87 0.163509
3.9 0.163558
3.93 0.163606
3.96 0.163655
3.99 0.163704
4.02 0.163753
4.05 0.163803
4.08 0.163852
4.11 0.163902
4.14 0.163952
4.17 0.164002
4.2 0.164053
4.23 0.164104
4.26 0.164154
4.29 0.164205
4.32 0.164257
4.35 0.164308
4.38 0.16436
4.41 0.164412
4.44 0.164464
4.47 0.164517
4.5 0.164569
4.53 0.164622
4.56 0.164675
4.59 0.164729
4.62 0.164782
4.65 0.164836
4.68 0.16489
4.71 0.164945
4.74 0.164999
4.77 0.165054
4.8 0.165109
4.83 0.165165
4.86 0.16522
4.89 0.165276
4.92 0.165332
4.95 0.165389
4.98 0.165445
5.01 0.165502
5.04 0.16556
5.07 0.165617
5.1 0.165675
5.13 0.165733
5.16 0.165792
5.19 0.16585
5.22 0.165909
5.25 0.165969
5.28 0.166028
5.31 0.166088
5.34 0.166149
5.37 0.166209
5.4 0.16627
5.43 0.166331
5.46 0.166393
5.49 0.166455
5.52 0.166517
5.55 0.166579
5.58 0.166642
5.61 0.166705
5.64 0.166769
5.67 0.166833
5.7 0.166897
5.73 0.166962
5.76 0.167027
5.79 0.167092
5.82 0.167158
5.85 0.167224
5.88 0.167291
5.91 0.167357
5.94 0.167425
5.97 0.167492
6 0.16756
6.03 0.167629
6.06 0.167698
6.09 0.167767
6.12 0.167837
6.15 0.167907
6.18 0.167977
6.21 0.168048
6.24 0.16812
6.27 0.168192
6.3 0.168264
6.33 0.168337
6.36 0.16841
6.39 0.168484
6.42 0.168558
6.45 0.168632
6.48 0.168708
6.51 0.168783
6.54 0.168859
6.57 0.168936
6.6 0.169013
6.63 0.16909
6.66 0.169168
6.69 0.169247
6.72 0.169326
6.75 0.169406
6.78 0.169486
6.81 0.169567
6.84 0.169648
6.87 0.16973
6.9 0.169812
6.93 0.169895
6.96 0.169979
6.99 0.170063
7.02 0.170148
7.05 0.170233
7.08 0.170319
7.11 0.170406
7.14 0.170493
7.17 0.170581
7.2 0.170669
7.23 0.170758
7.26 0.170848
7.29 0.170938
7.32 0.171029
7.35 0.171121
7.38 0.171213
7.41 0.171307
7.44 0.1714
7.47 0.171495
7.5 0.17159
7.53 0.171686
7.56 0.171783
7.59 0.17188
7.62 0.171978
7.65 0.172077
7.68 0.172177
7.71 0.172277
7.74 0.172379
7.77 0.172481
7.8 0.172584
7.83 0.172687
7.86 0.172792
7.89 0.172897
7.92 0.173003
7.95 0.173111
7.98 0.173218
8.01 0.173327
8.04 0.173437
8.07 0.173548
8.1 0.173659
8.13 0.173772
8.16 0.173885
8.19 0.173999
8.22 0.174115
8.25 0.174231
8.28 0.174348
8.31 0.174466
8.34 0.174586
8.37 0.174706
8.4 0.174827
8.43 0.17495
8.46 0.175073
8.49 0.175198
8.52 0.175323
8.55 0.17545
8.58 0.175578
8.61 0.175707
8.64 0.175837
8.67 0.175968
8.7 0.1761
8.73 0.176234
8.76 0.176369
8.79 0.176505
8.82 0.176642
8.85 0.17678
8.88 0.17692
8.91 0.177061
8.94 0.177203
8.97 0.177347
9 0.177492
9.03 0.177638
9.06 0.177786
9.09 0.177935
9.12 0.178085
9.15 0.178237
9.18 0.178391
9.21 0.178545
9.24 0.178701
9.27 0.178859
9.3 0.179018
9.33 0.179179
9.36 0.179341
9.39 0.179505
9.42 0.179671
9.45 0.179838
9.48 0.180006
9.51 0.180177
9.54 0.180348
9.57 0.180522
9.6 0.180698
9.63 0.180875
9.66 0.181053
9.69 0.181234
9.72 0.181416
9.75 0.181601
9.78 0.181787
9.81 0.181975
9.84 0.182165
9.87 0.182356
9.9 0.18255
9.93 0.182746
9.96 0.182944
9.99 0.183143
10.02 0.183345
10.05 0.183549
10.08 0.183755
10.11 0.183963
10.14 0.184173
10.17 0.184386
10.2 0.1846
10.23 0.184817
10.26 0.185036
10.29 0.185258
10.32 0.185481
10.35 0.185707
10.38 0.185936
10.41 0.186167
10.44 0.1864
10.47 0.186636
10.5 0.186875
10.53 0.187116
10.56 0.187359
10.59 0.187605
10.62 0.187854
10.65 0.188106
10.68 0.18836
10.71 0.188617
10.74 0.188877
10.77 0.189139
10.8 0.189405
10.83 0.189673
10.86 0.189944
10.89 0.190219
10.92 0.190496
10.95 0.190777
10.98 0.19106
11.01 0.191347
11.04 0.191637
11.07 0.19193
11.1 0.192226
11.13 0.192526
11.16 0.192829
11.19 0.193135
11.22 0.193445
11.25 0.193759
11.28 0.194076
11.31 0.194396
11.34 0.194721
11.37 0.195049
11.4 0.19538
11.43 0.195716
11.46 0.196055
11.49 0.196398
11.52 0.196745
11.55 0.197097
11.58 0.197452
11.61 0.197811
11.64 0.198175
11.67 0.198542
11.7 0.198914
11.73 0.199291
11.76 0.199671
11.79 0.200056
11.82 0.200446
11.85 0.20084
11.88 0.201239
11.91 0.201643
11.94 0.202051
11.97 0.202464
12 0.202883
12.03 0.203306
12.06 0.203734
12.09 0.204167
12.12 0.204605
12.15 0.205049
12.18 0.205498
12.21 0.205952
12.24 0.206412
12.27 0.206877
12.3 0.207348
12.33 0.207825
12.36 0.208307
12.39 0.208796
12.42 0.20929
12.45 0.20979
12.48 0.210296
12.51 0.210809
12.54 0.211328
12.57 0.211853
12.6 0.212384
12.63 0.212922
12.66 0.213467
12.69 0.214019
12.72 0.214577
12.75 0.215142
12.78 0.215714
12.81 0.216293
12.84 0.21688
12.87 0.217474
12.9 0.218075
12.93 0.218684
12.96 0.2193
12.99 0.219924
13.02 0.220556
13.05 0.221196
13.08 0.221844
13.11 0.2225
13.14 0.223164
13.17 0.223837
13.2 0.224518
13.23 0.225208
13.26 0.225907
13.29 0.226615
13.32 0.227331
13.35 0.228057
13.38 0.228792
13.41 0.229537
13.44 0.230291
13.47 0.231055
13.5 0.231828
13.53 0.232612
13.56 0.233405
13.59 0.234209
13.62 0.235024
13.65 0.235849
13.68 0.236684
13.71 0.237531
13.74 0.238388
13.77 0.239257
13.8 0.240137
13.83 0.241029
13.86 0.241932
13.89 0.242847
13.92 0.243775
13.95 0.244714
13.98 0.245666
14.01 0.24663
14.04 0.247607
14.07 0.248597
14.1 0.249601
14.13 0.250617
14.16 0.251647
14.19 0.252691
14.22 0.253749
14.25 0.25482
14.28 0.255907
14.31 0.257007
14.34 0.258123
14.37 0.259253
14.4 0.260399
14.43 0.26156
14.46 0.262737
14.49 0.26393
14.52 0.265138
14.55 0.266364
14.58 0.267606
14.61 0.268864
14.64 0.27014
14.67 0.271433
14.7 0.272744
14.73 0.274073
14.76 0.27542
14.79 0.276786
14.82 0.27817
14.85 0.279573
14.88 0.280996
14.91 0.282438
14.94 0.2839
14.97 0.285382
15 0.286885
15.03 0.288408
15.06 0.289953
15.09 0.291519
15.12 0.293107
15.15 0.294717
15.18 0.29635
15.21 0.298005
15.24 0.299683
15.27 0.301385
15.3 0.303111
15.33 0.304861
15.36 0.306636
15.39 0.308435
15.42 0.31026
15.45 0.312111
15.48 0.313988
15.51 0.315891
15.54 0.317821
15.57 0.319779
15.6 0.321764
15.63 0.323777
15.66 0.32582
15.69 0.327891
15.72 0.329991
15.75 0.332122
15.78 0.334283
15.81 0.336475
15.84 0.338698
15.87 0.340953
15.9 0.343241
15.93 0.345561
15.96 0.347914
15.99 0.350302
16.02 0.352723
16.05 0.35518
16.08 0.357672
16.11 0.3602
16.14 0.362764
16.17 0.365365
16.2 0.368004
16.23 0.370681
16.26 0.373397
16.29 0.376152
16.32 0.378946
16.35 0.381782
16.38 0.384658
16.41 0.387576
16.44 0.390537
16.47 0.39354
16.5 0.396587
16.53 0.399678
16.56 0.402814
16.59 0.405996
16.62 0.409223
16.65 0.412498
16.68 0.41582
16.71 0.419191
16.74 0.42261
16.77 0.426079
16.8 0.429598
16.83 0.433168
16.86 0.43679
16.89 0.440465
16.92 0.444193
16.95 0.447974
16.98 0.451811
17.01 0.455702
17.04 0.45965
17.07 0.463655
17.1 0.467718
17.13 0.471839
17.16 0.476019
17.19 0.48026
17.22 0.484561
17.25 0.488923
17.28 0.493348
17.31 0.497836
17.34 0.502388
17.37 0.507005
17.4 0.511687
17.43 0.516435
17.46 0.52125
17.49 0.526133
17.52 0.531085
17.55 0.536106
17.58 0.541197
17.61 0.546359
17.64 0.551592
17.67 0.556898
17.7 0.562276
17.73 0.567729
17.76 0.573256
17.79 0.578858
17.82 0.584537
17.85 0.590292
17.88 0.596124
17.91 0.602034
17.94 0.608023
17.97 0.61409
18 0.620238
18.03 0.626466
18.06 0.632775
18.09 0.639166
18.12 0.645639
18.15 0.652194
18.18 0.658832
18.21 0.665553
18.24 0.672359
18.27 0.679249
18.3 0.686223
18.33 0.693282
18.36 0.700427
18.39 0.707657
18.42 0.714972
18.45 0.722374
18.48 0.729861
18.51 0.737435
18.54 0.745094
18.57 0.75284
18.6 0.760672
18.63 0.76859
18.66 0.776594
18.69 0.784684
18.72 0.79286
18.75 0.80112
18.78 0.809466
18.81 0.817896
18.84 0.826411
18.87 0.835009
18.9 0.84369
18.93 0.852454
18.96 0.8613
18.99 0.870228
19.02 0.879236
19.05 0.888323
19.08 0.89749
19.11 0.906735
19.14 0.916057
19.17 0.925455
19.2 0.934928
19.23 0.944475
19.26 0.954095
19.29 0.963786
19.32 0.973548
19.35 0.983379
19.38 0.993278
19.41 1.00324
19.44 1.01327
19.47 1.02337
19.5 1.03352
19.53 1.04374
19.56 1.05401
19.59 1.06435
19.62 1.07474
19.65 1.08518
19.68 1.09568
19.71 1.10622
19.74 1.11682
19.77 1.12746
19.8 1.13815
19.83 1.14889
19.86 1.15966
19.89 1.17048
19.92 1.18134
19.95 1.19223
19.98 1.20316
20.01 1.21413
20.04 1.22513
20.07 1.23616
20.1 1.24722
20.13 1.25831
20.16 1.26942
20.19 1.28056
20.22 1.29173
20.25 1.30291
20.28 1.31412
20.31 1.32535
20.34 1.3366
20.37 1.34786
20.4 1.35914
20.43 1.37044
20.46 1.38176
20.49 1.39308
20.52 1.40442
20.55 1.41577
20.58 1.42714
20.61 1.43851
20.64 1.4499
20.67 1.46129
20.7 1.4727
20.73 1.48411
20.76 1.49554
20.79 1.50697
20.82 1.51841
20.85 1.52986
20.88 1.54131
20.91 1.55278
20.94 1.56425
20.97 1.57574
21 1.58723
21.03 1.59874
21.06 1.61025
21.09 1.62178
21.12 1.63331
21.15 1.64486
21.18 1.65642
21.21 1.668
21.24 1.67959
21.27 1.6912
21.3 1.70283
21.33 1.71447
21.36 1.72613
21.39 1.73782
21.42 1.74953
21.45 1.76126
21.48 1.77303
21.51 1.78482
21.54 1.79664
21.57 1.8085
21.6 1.82039
21.63 1.83232
21.66 1.8443
21.69 1.85632
21.72 1.86839
21.75 1.88051
21.78 1.89269
21.81 1.90493
21.84 1.91723
21.87 1.92961
21.9 1.94206
21.93 1.9546
21.96 1.96723
21.99 1.97995
22.02 1.99277
22.05 2.00571
22.08 2.01877
22.11 2.03197
22.14 2.0453
22.17 2.05879
22.2 2.07244
22.23 2.08627
22.26 2.1003
22.29 2.11453
22.32 2.12899
22.35 2.14369
22.38 2.15866
22.41 2.17391
22.44 2.18947
22.47 2.20537
22.5 2.22162
22.53 2.23825
22.56 2.25531
22.59 2.27281
22.62 2.29079
22.65 2.30928
22.68 2.32833
22.71 2.34798
22.74 2.36826
22.77 2.38921
22.8 2.41089
22.83 2.43333
22.86 2.45659
22.89 2.48071
22.92 2.50573
22.95 2.5317
22.98 2.55866
23.01 2.58666
23.04 2.61573
23.07 2.64589
23.1 2.67717
23.13 2.70959
23.16 2.74315
23.19 2.77784
23.22 2.81363
23.25 2.85049
23.28 2.88837
23.31 2.92718
23.34 2.96684
23.37 3.00723
23.4 3.04822
23.43 3.08965
23.46 3.13136
23.49 3.17317
23.52 3.2149
23.55 3.25634
23.58 3.29729
23.61 3.33757
23.64 3.37698
23.67 3.41536
23.7 3.45254
23.73 3.48838
23.76 3.52277
23.79 3.55561
23.82 3.58682
23.85 3.61636
23.88 3.6442
23.91 3.67034
23.94 3.69479
23.97 3.71757
24 3.73874
24.03 3.75835
24.06 3.77647
24.09 3.79316
24.12 3.80849
24.15 3.82256
24.18 3.83543
24.21 3.84719
24.24 3.85789
24.27 3.86763
24.3 3.87646
24.33 3.88445
24.36 3.89166
24.39 3.89815
24.42 3.90396
24.45 3.90915
24.48 3.91375
24.51 3.91782
24.54 3.92139
24.57 3.92448
24.6 3.92715
24.63 3.92941
24.66 3.93128
24.69 3.93281
24.72 3.934
24.75 3.93489
24.78 3.93549
24.81 3.93582
24.84 3.9359
24.87 3.93575
24.9 3.93538
24.93 3.93481
24.96 3.93404
24.99 3.93311
25.02 3.93201
25.05 3.93076
25.08 3.92937
25.11 3.92786
25.14 3.92622
25.17 3.92448
25.2 3.92264
25.23 3.92071
25.26 3.9187
25.29 3.91661
25.32 3.91446
25.35 3.91225
25.38 3.90998
25.41 3.90766
25.44 3.90531
25.47 3.90291
25.5 3.90049
25.53 3.89804
25.56 3.89557
25.59 3.89308
25.62 3.89057
25.65 3.88805
25.68 3.88553
25.71 3.883
25.74 3.88047
25.77 3.87794
25.8 3.87542
25.83 3.8729
25.86 3.87038
25.89 3.86788
25.92 3.86539
25.95 3.86291
25.98 3.86044
26.01 3.85799
26.04 3.85556
26.07 3.85314
26.1 3.85075
26.13 3.84837
26.16 3.84601
26.19 3.84368
26.22 3.84136
26.25 3.83907
26.28 3.8368
26.31 3.83455
26.34 3.83233
26.37 3.83013
26.4 3.82795
26.43 3.82579
26.46 3.82366
26.49 3.82156
26.52 3.81948
26.55 3.81742
26.58 3.81539
26.61 3.81338
26.64 3.81139
26.67 3.80943
26.7 3.80749
26.73 3.80558
26.76 3.80369
26.79 3.80182
26.82 3.79998
26.85 3.79815
26.88 3.79636
26.91 3.79458
26.94 3.79283
26.97 3.7911
27 3.78939
27.03 3.7877
27.06 3.78604
27.09 3.78439
27.12 3.78277
27.15 3.78116
27.18 3.77958
27.21 3.77802
27.24 3.77648
27.27 3.77496
27.3 3.77345
27.33 3.77197
27.36 3.77051
27.39 3.76906
27.42 3.76763
27.45 3.76622
27.48 3.76483
27.51 3.76346
27.54 3.7621
27.57 3.76077
27.6 3.75944
27.63 3.75814
27.66 3.75685
27.69 3.75558
27.72 3.75432
27.75 3.75308
27.78 3.75186
27.81 3.75065
27.84 3.74945
27.87 3.74827
27.9 3.74711
27.93 3.74595
27.96 3.74482
27.99 3.7437
28.02 3.74259
28.05 3.74149
28.08 3.74041
28.11 3.73934
28.14 3.73828
28.17 3.73724
28.2 3.73621
28.23 3.73519
28.26 3.73419
28.29 3.73319
28.32 3.73221
28.35 3.73124
28.38 3.73028
28.41 3.72933
28.44 3.7284
28.47 3.72747
28.5 3.72656
28.53 3.72565
28.56 3.72476
28.59 3.72388
28.62 3.723
28.65 3.72214
28.68 3.72129
28.71 3.72044
28.74 3.71961
28.77 3.71879
28.8 3.71797
28.83 3.71716
28.86 3.71637
28.89 3.71558
28.92 3.7148
28.95 3.71403
28.98 3.71327
29.01 3.71252
29.04 3.71177
29.07 3.71103
29.1 3.7103
29.13 3.70958
29.16 3.70887
29.19 3.70817
29.22 3.70747
29.25 3.70678
29.28 3.7061
29.31 3.70542
29.34 3.70475
29.37 3.70409
29.4 3.70344
29.43 3.70279
29.46 3.70215
29.49 3.70151
29.52 3.70089
29.55 3.70027
29.58 3.69965
29.61 3.69904
29.64 3.69844
29.67 3.69785
29.7 3.69726
29.73 3.69667
29.76 3.6961
29.79 3.69553
29.82 3.69496
29.85 3.6944
29.88 3.69384
29.91 3.6933
29.94 3.69275
29.97 3.69221
30 3.69168
30.001 0
