0 -10
0.03 -8.99544
0.06 -8.99542
0.09 -8.9954
0.12 -8.99539
0.15 -8.99537
0.18 -8.99536
0.21 -8.99534
0.24 -8.99532
0.27 -8.99531
0.3 -8.99529
0.33 -8.99527
0.36 -8.99525
0.39 -8.99524
0.42 -8.99522
0.45 -8.9952
0.48 -8.99519
0.51 -8.99517
0.54 -8.99515
0.57 -8.99514
0.6 -8.99512
0.63 -8.9951
0.66 -8.99508
0.69 -8.99507
0.72 -8.99505
0.75 -8.99503
0.78 -8.99501
0.81 -8.995
0.84 -8.99498
0.87 -8.99496
0.9 -8.99494
0.93 -8.99493
0.96 -8.99491
0.99 -8.99489
1.02 -8.99487
1.05 -8.99486
1.08 -8.99484
1.11 -8.99482
1.14 -8.9948
1.17 -8.99478
1.2 -8.99477
1.23 -8.99475
1.26 -8.99473
1.29 -8.99471
1.32 -8.99469
1.35 -8.99467
1.38 -8.99466
1.41 -8.99464
1.44 -8.99462
1.47 -8.9946
1.5 -8.99458
1.53 -8.99456
1.56 -8.99454
1.59 -8.99453
1.62 -8.99451
1.65 -8.99449
1.68 -8.99447
1.71 -8.99445
1.74 -8.99443
1.77 -8.99441
1.8 -8.99439
1.83 -8.99437
1.86 -8.99435
1.89 -8.99434
1.92 -8.99432
1.95 -8.9943
1.98 -8.99428
2.01 -8.99426
2.04 -8.99424
2.07 -8.99422
2.1 -8.9942
2.13 -8.99418
2.16 -8.99416
2.19 -8.99414
2.22 -8.99412
2.25 -8.9941
2.28 -8.99408
2.31 -8.99406
2.34 -8.99404
2.37 -8.99402
2.4 -8.994
2.43 -8.99398
2.46 -8.99396
2.49 -8.99394
2.52 -8.99392
2.55 -8.9939
2.58 -8.99388
2.61 -8.99386
2.64 -8.99383
2.67 -8.99381
2.7 -8.99379
2.73 -8.99377
2.76 -8.99375
2.79 -8.99373
2.82 -8.99371
2.85 -8.99369
2.88 -8.99367
2.91 -8.99364
2.94 -8.99362
2.97 -8.9936
3 -8.99358
3.03 -8.99356
3.06 -8.99354
3.09 -8.99351
3.12 -8.99349
3.15 -8.99347
3.18 -8.99345
3.21 -8.99343
3.24 -8.9934
3.27 -8.99338
3.3 -8.99336
3.33 -8.99334
3.36 -8.99331
3.39 -8.99329
3.42 -8.99327
3.45 -8.99325
3.48 -8.99322
3.51 -8.9932
3.54 -8.99318
3.57 -8.99316
3.6 -8.99313
3.63 -8.99311
3.66 -8.99309
3.69 -8.99306
3.72 -8.99304
3.75 -8.99302
3.78 -8.99299
3.81 -8.99297
3.84 -8.99294
3.87 -8.99292
3.9 -8.9929
3.93 -8.99287
3.96 -8.99285
3.99 -8.99282
4.02 -8.9928
4.05 -8.99278
4.08 -8.99275
4.11 -8.99273
4.14 -8.9927
4.17 -8.99268
4.2 -8.99265
4.23 -8.99263
4.26 -8.9926
4.29 -8.99258
4.32 -8.99255
4.35 -8.99253
4.38 -8.9925
4.41 -8.99247
4.44 -8.99245
4.47 -8.99242
4.5 -8.9924
4.53 -8.99237
4.56 -8.99235
4.59 -8.99232
4.62 -8.99229
4.65 -8.99227
4.68 -8.99224
4.71 -8.99221
4.74 -8.99219
4.77 -8.99216
4.8 -8.99213
4.83 -8.99211
4.86 -8.99208
4.89 -8.99205
4.92 -8.99202
4.95 -8.992
4.98 -8.99197
5.01 -8.99194
5.04 -8.99191
5.07 -8.99189
5.1 -8.99186
5.13 -8.99183
5.16 -8.9918
5.19 -8.99177
5.22 -8.99174
5.25 -8.99171
5.28 -8.99169
5.31 -8.99166
5.34 -8.99163
5.37 -8.9916
5.4 -8.99157
5.43 -8.99154
5.46 -8.99151
5.49 -8.99148
5.52 -8.99145
5.55 -8.99142
5.58 -8.99139
5.61 -8.99136
5.64 -8.99133
5.67 -8.9913
5.7 -8.99127
5.73 -8.99124
5.76 -8.99121
5.79 -8.99117
5.82 -8.99114
5.85 -8.99111
5.88 -8.99108
5.91 -8.99105
5.94 -8.99102
5.97 -8.99098
6 -8.99095
6.03 -8.99092
6.06 -8.99089
6.09 -8.99085
6.12 -8.99082
6.15 -8.99079
6.18 -8.99075
6.21 -8.99072
6.24 -8.99069
6.27 -8.99065
6.3 -8.99062
6.33 -8.99058
6.36 -8.99055
6.39 -8.99051
6.42 -8.99048
6.45 -8.99044
6.48 -8.99041
6.51 -8.99037
6.54 -8.99034
6.57 -8.9903
6.6 -8.99027
6.63 -8.99023
6.66 -8.99019
6.69 -8.99016
6.72 -8.99012
6.75 -8.99008
6.78 -8.99005
6.81 -8.99001
6.84 -8.98997
6.87 -8.98993
6.9 -8.9899
6.93 -8.98986
6.96 -8.98982
6.99 -8.98978
7.02 -8.98974
7.05 -8.9897
7.08 -8.98966
7.11 -8.98962
7.14 -8.98958
7.17 -8.98954
7.2 -8.9895
7.23 -8.98946
7.26 -8.98942
7.29 -8.98938
7.32 -8.98934
7.35 -8.9893
7.38 -8.98925
7.41 -8.98921
7.44 -8.98917
7.47 -8.98913
7.5 -8.98908
7.53 -8.98904
7.56 -8.989
7.59 -8.98895
7.62 -8.98891
7.65 -8.98886
7.68 -8.98882
7.71 -8.98877
7.74 -8.98873
7.77 -8.98868
7.8 -8.98864
7.83 -8.98859
7.86 -8.98854
7.89 -8.9885
7.92 -8.98845
7.95 -8.9884
7.98 -8.98835
8.01 -8.98831
8.04 -8.98826
8.07 -8.98821
8.1 -8.98816
8.13 -8.98811
8.16 -8.98806
8.19 -8.98801
8.22 -8.98796
8.25 -8.98791
8.28 -8.98786
8.31 -8.98781
8.34 -8.98775
8.37 -8.9877
8.4 -8.98765
8.43 -8.9876
8.46 -8.98754
8.49 -8.98749
8.52 -8.98743
8.55 -8.98738
8.58 -8.98732
8.61 -8.98727
8.64 -8.98721
8.67 -8.98715
8.7 -8.9871
8.73 -8.98704
8.76 -8.98698
8.79 -8.98692
8.82 -8.98687
8.85 -8.98681
8.88 -8.98675
8.91 -8.98669
8.94 -8.98663
8.97 -8.98656
9 -8.9865
9.03 -8.98644
9.06 -8.98638
9.09 -8.98632
9.12 -8.98625
9.15 -8.98619
9.18 -8.98612
9.21 -8.98606
9.24 -8.98599
9.27 -8.98593
9.3 -8.98586
9.33 -8.98579
9.36 -8.98572
9.39 -8.98566
9.42 -8.98559
9.45 -8.98552
9.48 -8.98545
9.51 -8.98538
9.54 -8.9853
9.57 -8.98523
9.6 -8.98516
9.63 -8.98509
9.66 -8.98501
9.69 -8.98494
9.72 -8.98486
9.75 -8.98479
9.78 -8.98471
9.81 -8.98463
9.84 -8.98456
9.87 -8.98448
9.9 -8.9844
9.93 -8.98432
9.96 -8.98424
9.99 -8.98416
10.02 -8.98407
10.05 -8.98399
10.08 -8.98391
10.11 -8.98382
10.14 -8.98374
10.17 -8.98365
10.2 -8.98357
10.23 -8.98348
10.26 -8.98339
10.29 -8.9833
10.32 -8.98321
10.35 -8.98312
10.38 -8.98303
10.41 -8.98294
10.44 -8.98284
10.47 -8.98275
10.5 -8.98265
10.53 -8.98256
10.56 -8.98246
10.59 -8.98236
10.62 -8.98226
10.65 -8.98216
10.68 -8.98206
10.71 -8.98196
10.74 -8.98186
10.77 -8.98175
10.8 -8.98165
10.83 -8.98154
10.86 -8.98144
10.89 -8.98133
10.92 -8.98122
10.95 -8.98111
10.98 -8.981
11.01 -8.98089
11.04 -8.98077
11.07 -8.98066
11.1 -8.98054
11.13 -8.98043
11.16 -8.98031
11.19 -8.98019
11.22 -8.98007
11.25 -8.97995
11.28 -8.97982
11.31 -8.9797
11.34 -8.97957
11.37 -8.97945
11.4 -8.97932
11.43 -8.97919
11.46 -8.97906
11.49 -8.97893
11.52 -8.97879
11.55 -8.97866
11.58 -8.97852
11.61 -8.97838
11.64 -8.97824
11.67 -8.9781
11.7 -8.97796
11.73 -8.97782
11.76 -8.97767
11.79 -8.97753
11.82 -8.97738
11.85 -8.97723
11.88 -8.97708
11.91 -8.97692
11.94 -8.97677
11.97 -8.97661
12 -8.97645
12.03 -8.97629
12.06 -8.97613
12.09 -8.97597
12.12 -8.9758
12.15 -8.97564
12.18 -8.97547
12.21 -8.9753
12.24 -8.97512
12.27 -8.97495
12.3 -8.97477
12.33 -8.97459
12.36 -8.97441
12.39 -8.97423
12.42 -8.97405
12.45 -8.97386
12.48 -8.97367
12.51 -8.97348
12.54 -8.97329
12.57 -8.97309
12.6 -8.97289
12.63 -8.97269
12.66 -8.97249
12.69 -8.97229
12.72 -8.97208
12.75 -8.97187
12.78 -8.97166
12.81 -8.97145
12.84 -8.97123
12.87 -8.97101
12.9 -8.97079
12.93 -8.97057
12.96 -8.97034
12.99 -8.97011
13.02 -8.96988
13.05 -8.96965
13.08 -8.96941
13.11 -8.96917
13.14 -8.96893
13.17 -8.96868
13.2 -8.96843
13.23 -8.96818
13.26 -8.96793
13.29 -8.96767
13.32 -8.96741
13.35 -8.96715
13.38 -8.96688
13.41 -8.96661
13.44 -8.96634
13.47 -8.96606
13.5 -8.96578
13.53 -8.9655
13.56 -8.96522
13.59 -8.96493
13.62 -8.96463
13.65 -8.96434
13.68 -8.96404
13.71 -8.96373
13.74 -8.96343
13.77 -8.96311
13.8 -8.9628
13.83 -8.96248
13.86 -8.96216
13.89 -8.96183
13.92 -8.9615
13.95 -8.96117
13.98 -8.96083
14.01 -8.96049
14.04 -8.96014
14.07 -8.95979
14.1 -8.95943
14.13 -8.95908
14.16 -8.95871
14.19 -8.95834
14.22 -8.95797
14.25 -8.95759
14.28 -8.95721
14.31 -8.95682
14.34 -8.95643
14.37 -8.95603
14.4 -8.95563
14.43 -8.95523
14.46 -8.95482
14.49 -8.9544
14.52 -8.95398
14.55 -8.95355
14.58 -8.95312
14.61 -8.95268
14.64 -8.95224
14.67 -8.95179
14.7 -8.95133
14.73 -8.95087
14.76 -8.95041
14.79 -8.94994
14.82 -8.94946
14.85 -8.94898
14.88 -8.94849
14.91 -8.94799
14.94 -8.94749
14.97 -8.94698
15 -8.94647
15.03 -8.94595
15.06 -8.94542
15.09 -8.94489
15.12 -8.94435
15.15 -8.9438
15.18 -8.94324
15.21 -8.94268
15.24 -8.94211
15.27 -8.94154
15.3 -8.94095
15.33 -8.94036
15.36 -8.93977
15.39 -8.93916
15.42 -8.93855
15.45 -8.93793
15.48 -8.9373
15.51 -8.93666
15.54 -8.93602
15.57 -8.93537
15.6 -8.93471
15.63 -8.93404
15.66 -8.93336
15.69 -8.93267
15.72 -8.93198
15.75 -8.93128
15.78 -8.93056
15.81 -8.92984
15.84 -8.92911
15.87 -8.92837
15.9 -8.92762
15.93 -8.92687
15.96 -8.9261
15.99 -8.92532
16.02 -8.92453
16.05 -8.92374
16.08 -8.92293
16.11 -8.92211
16.14 -8.92129
16.17 -8.92045
16.2 -8.9196
16.23 -8.91875
16.26 -8.91788
16.29 -8.917
16.32 -8.91611
16.35 -8.91521
16.38 -8.91429
16.41 -8.91337
16.44 -8.91243
16.47 -8.91149
16.5 -8.91053
16.53 -8.90956
16.56 -8.90858
16.59 -8.90759
16.62 -8.90658
16.65 -8.90556
16.68 -8.90454
16.71 -8.90349
16.74 -8.90244
16.77 -8.90137
16.8 -8.90029
16.83 -8.8992
16.86 -8.8981
16.89 -8.89698
16.92 -8.89585
16.95 -8.8947
16.98 -8.89355
17.01 -8.89238
17.04 -8.89119
17.07 -8.88999
17.1 -8.88878
17.13 -8.88756
17.16 -8.88632
17.19 -8.88507
17.22 -8.8838
17.25 -8.88252
17.28 -8.88123
17.31 -8.87992
17.34 -8.8786
17.37 -8.87726
17.4 -8.87591
17.43 -8.87454
17.46 -8.87316
17.49 -8.87177
17.52 -8.87036
17.55 -8.86894
17.58 -8.8675
17.61 -8.86605
17.64 -8.86458
17.67 -8.8631
17.7 -8.86161
17.73 -8.8601
17.76 -8.85858
17.79 -8.85704
17.82 -8.85549
17.85 -8.85392
17.88 -8.85234
17.91 -8.85075
17.94 -8.84914
17.97 -8.84752
18 -8.84588
18.03 -8.84423
18.06 -8.84257
18.09 -8.84089
18.12 -8.8392
18.15 -8.8375
18.18 -8.83579
18.21 -8.83406
18.24 -8.83232
18.27 -8.83056
18.3 -8.8288
18.33 -8.82702
18.36 -8.82523
18.39 -8.82343
18.42 -8.82162
18.45 -8.8198
18.48 -8.81796
18.51 -8.81612
18.54 -8.81426
18.57 -8.8124
18.6 -8.81052
18.63 -8.80864
18.66 -8.80675
18.69 -8.80485
18.72 -8.80294
18.75 -8.80102
18.78 -8.7991
18.81 -8.79717
18.84 -8.79523
18.87 -8.79329
18.9 -8.79134
18.93 -8.78938
18.96 -8.78742
18.99 -8.78546
19.02 -8.78349
19.05 -8.78152
19.08 -8.77954
19.11 -8.77756
19.14 -8.77558
19.17 -8.7736
19.2 -8.77162
19.23 -8.76963
19.26 -8.76765
19.29 -8.76566
19.32 -8.76368
19.35 -8.76169
19.38 -8.75971
19.41 -8.75773
19.44 -8.75575
19.47 -8.75378
19.5 -8.75181
19.53 -8.74984
19.56 -8.74788
19.59 -8.74592
19.62 -8.74396
19.65 -8.74201
19.68 -8.74007
19.71 -8.73813
19.74 -8.7362
19.77 -8.73428
19.8 -8.73236
19.83 -8.73046
19.86 -8.72856
19.89 -8.72666
19.92 -8.72478
19.95 -8.72291
19.98 -8.72104
20.01 -8.71919
20.04 -8.71734
20.07 -8.71551
20.1 -8.71368
20.13 -8.71187
20.16 -8.71006
20.19 -8.70827
20.22 -8.70649
20.25 -8.70472
20.28 -8.70296
20.31 -8.70121
20.34 -8.69948
20.37 -8.69775
20.4 -8.69604
20.43 -8.69434
20.46 -8.69265
20.49 -8.69097
20.52 -8.68931
20.55 -8.68765
20.58 -8.68601
20.61 -8.68438
20.64 -8.68277
20.67 -8.68116
20.7 -8.67957
20.73 -8.67798
20.76 -8.67641
20.79 -8.67486
20.82 -8.67331
20.85 -8.67177
20.88 -8.67025
20.91 -8.66874
20.94 -8.66723
20.97 -8.66574
21 -8.66426
21.03 -8.66279
21.06 -8.66134
21.09 -8.65989
21.12 -8.65845
21.15 -8.65702
21.18 -8.65561
21.21 -8.6542
21.24 -8.6528
21.27 -8.65141
21.3 -8.65003
21.33 -8.64866
21.36 -8.6473
21.39 -8.64595
21.42 -8.64461
21.45 -8.64328
21.48 -8.64195
21.51 -8.64064
21.54 -8.63933
21.57 -8.63803
21.6 -8.63673
21.63 -8.63545
21.66 -8.63417
21.69 -8.6329
21.72 -8.63164
21.75 -8.63038
21.78 -8.62913
21.81 -8.62789
21.84 -8.62666
21.87 -8.62543
21.9 -8.6242
21.93 -8.62298
21.96 -8.62177
21.99 -8.62056
22.02 -8.61936
22.05 -8.61817
22.08 -8.61697
22.11 -8.61578
22.14 -8.6146
22.17 -8.61342
22.2 -8.61224
22.23 -8.61107
22.26 -8.6099
22.29 -8.60873
22.32 -8.60756
22.35 -8.60639
22.38 -8.60522
22.41 -8.60406
22.44 -8.60289
22.47 -8.60173
22.5 -8.60056
22.53 -8.59939
22.56 -8.59821
22.59 -8.59704
22.62 -8.59585
22.65 -8.59467
22.68 -8.59348
22.71 -8.59228
22.74 -8.59108
22.77 -8.58987
22.8 -8.58865
22.83 -8.58743
22.86 -8.5862
22.89 -8.58496
22.92 -8.58371
22.95 -8.58246
22.98 -8.5812
23.01 -8.57993
23.04 -8.57866
23.07 -8.57739
23.1 -8.57612
23.13 -8.57486
23.16 -8.5736
23.19 -8.57236
23.22 -8.57113
23.25 -8.56993
23.28 -8.56876
23.31 -8.56763
23.34 -8.56654
23.37 -8.56552
23.4 -8.56456
23.43 -8.56368
23.46 -8.56289
23.49 -8.5622
23.52 -8.56162
23.55 -8.56116
23.58 -8.56083
23.61 -8.56064
23.64 -8.5606
23.67 -8.5607
23.7 -8.56096
23.73 -8.56136
23.76 -8.56191
23.79 -8.56261
23.82 -8.56344
23.85 -8.5644
23.88 -8.56548
23.91 -8.56666
23.94 -8.56794
23.97 -8.56929
24 -8.57071
24.03 -8.57218
24.06 -8.57369
24.09 -8.57522
24.12 -8.57678
24.15 -8.57833
24.18 -8.57989
24.21 -8.58143
24.24 -8.58296
24.27 -8.58446
24.3 -8.58594
24.33 -8.5874
24.36 -8.58882
24.39 -8.59022
24.42 -8.59159
24.45 -8.59293
24.48 -8.59425
24.51 -8.59555
24.54 -8.59683
24.57 -8.59809
24.6 -8.59934
24.63 -8.60057
24.66 -8.6018
24.69 -8.60303
24.72 -8.60425
24.75 -8.60547
24.78 -8.60669
24.81 -8.60791
24.84 -8.60914
24.87 -8.61038
24.9 -8.61163
24.93 -8.61288
24.96 -8.61414
24.99 -8.61541
25.02 -8.6167
25.05 -8.61799
25.08 -8.61929
25.11 -8.6206
25.14 -8.62192
25.17 -8.62325
25.2 -8.62458
25.23 -8.62593
25.26 -8.62728
25.29 -8.62863
25.32 -8.62999
25.35 -8.63136
25.38 -8.63272
25.41 -8.63409
25.44 -8.63546
25.47 -8.63683
25.5 -8.6382
25.53 -8.63957
25.56 -8.64094
25.59 -8.6423
25.62 -8.64366
25.65 -8.64502
25.68 -8.64637
25.71 -8.64772
25.74 -8.64906
25.77 -8.65039
25.8 -8.65171
25.83 -8.65303
25.86 -8.65434
25.89 -8.65563
25.92 -8.65692
25.95 -8.6582
25.98 -8.65947
26.01 -8.66073
26.04 -8.66198
26.07 -8.66322
26.1 -8.66445
26.13 -8.66566
26.16 -8.66687
26.19 -8.66806
26.22 -8.66924
26.25 -8.67041
26.28 -8.67157
26.31 -8.67271
26.34 -8.67384
26.37 -8.67496
26.4 -8.67607
26.43 -8.67717
26.46 -8.67825
26.49 -8.67933
26.52 -8.68039
26.55 -8.68144
26.58 -8.68247
26.61 -8.6835
26.64 -8.68451
26.67 -8.68551
26.7 -8.6865
26.73 -8.68748
26.76 -8.68844
26.79 -8.6894
26.82 -8.69034
26.85 -8.69127
26.88 -8.69219
26.91 -8.6931
26.94 -8.694
26.97 -8.69489
27 -8.69576
27.03 -8.69663
27.06 -8.69749
27.09 -8.69833
27.12 -8.69917
27.15 -8.69999
27.18 -8.70081
27.21 -8.70161
27.24 -8.70241
27.27 -8.7032
27.3 -8.70397
27.33 -8.70474
27.36 -8.7055
27.39 -8.70625
27.42 -8.70699
27.45 -8.70772
27.48 -8.70844
27.51 -8.70915
27.54 -8.70986
27.57 -8.71055
27.6 -8.71124
27.63 -8.71192
27.66 -8.71259
27.69 -8.71326
27.72 -8.71391
27.75 -8.71456
27.78 -8.7152
27.81 -8.71584
27.84 -8.71646
27.87 -8.71708
27.9 -8.71769
27.93 -8.7183
27.96 -8.71889
27.99 -8.71948
28.02 -8.72007
28.05 -8.72064
28.08 -8.72121
28.11 -8.72178
28.14 -8.72233
28.17 -8.72288
28.2 -8.72343
28.23 -8.72397
28.26 -8.7245
28.29 -8.72502
28.32 -8.72554
28.35 -8.72606
28.38 -8.72657
28.41 -8.72707
28.44 -8.72757
28.47 -8.72806
28.5 -8.72855
28.53 -8.72903
28.56 -8.7295
28.59 -8.72997
28.62 -8.73044
28.65 -8.7309
28.68 -8.73136
28.71 -8.73181
28.74 -8.73225
28.77 -8.73269
28.8 -8.73313
28.83 -8.73356
28.86 -8.73399
28.89 -8.73441
28.92 -8.73483
28.95 -8.73524
28.98 -8.73565
29.01 -8.73606
29.04 -8.73646
29.07 -8.73686
29.1 -8.73725
29.13 -8.73764
29.16 -8.73802
29.19 -8.7384
29.22 -8.73878
29.25 -8.73915
29.28 -8.73952
29.31 -8.73989
29.34 -8.74025
29.37 -8.74061
29.4 -8.74096
29.43 -8.74131
29.46 -8.74166
29.49 -8.742
29.52 -8.74234
29.55 -8.74268
29.58 -8.74302
29.61 -8.74335
29.64 -8.74368
29.67 -8.744
29.7 -8.74432
29.73 -8.74464
29.76 -8.74495
29.79 -8.74527
29.82 -8.74558
29.85 -8.74588
29.88 -8.74619
29.91 -8.74649
29.94 -8.74678
29.97 -8.74708
30 -8.74737
30.001 -10
