0 0
0.03 0.808606
0.06 0.809088
0.09 0.80957
0.12 0.810052
0.15 0.810534
0.18 0.811016
0.21 0.811498
0.24 0.811981
0.27 0.812463
0.3 0.812946
0.33 0.813429
0.36 0.813912
0.39 0.814395
0.42 0.814878
0.45 0.815361
0.48 0.815845
0.51 0.816328
0.54 0.816812
0.57 0.817296
0.6 0.81778
0.63 0.818264
0.66 0.818748
0.69 0.819233
0.72 0.819717
0.75 0.820202
0.78 0.820687
0.81 0.821172
0.84 0.821657
0.87 0.822142
0.9 0.822627
0.93 0.823113
0.96 0.823599
0.99 0.824085
1.02 0.824571
1.05 0.825057
1.08 0.825543
1.11 0.826029
1.14 0.826516
1.17 0.827003
1.2 0.82749
1.23 0.827977
1.26 0.828464
1.29 0.828951
1.32 0.829439
1.35 0.829926
1.38 0.830414
1.41 0.830902
1.44 0.83139
1.47 0.831879
1.5 0.832367
1.53 0.832856
1.56 0.833345
1.59 0.833834
1.62 0.834323
1.65 0.834812
1.68 0.835302
1.71 0.835791
1.74 0.836281
1.77 0.836771
1.8 0.837261
1.83 0.837752
1.86 0.838242
1.89 0.838733
1.92 0.839224
1.95 0.839715
1.98 0.840206
2.01 0.840697
2.04 0.841189
2.07 0.841681
2.1 0.842173
2.13 0.842665
2.16 0.843157
2.19 0.84365
2.22 0.844142
2.25 0.844635
2.28 0.845129
2.31 0.845622
2.34 0.846115
2.37 0.846609
2.4 0.847103
2.43 0.847597
2.46 0.848091
2.49 0.848586
2.52 0.84908
2.55 0.849575
2.58 0.85007
2.61 0.850566
2.64 0.851061
2.67 0.851557
2.7 0.852053
2.73 0.852549
2.76 0.853045
2.79 0.853542
2.82 0.854039
2.85 0.854536
2.88 0.855033
2.91 0.85553
2.94 0.856028
2.97 0.856526
3 0.857024
3.03 0.857522
3.06 0.858021
3.09 0.858519
3.12 0.859018
3.15 0.859518
3.18 0.860017
3.21 0.860517
3.24 0.861017
3.27 0.861517
3.3 0.862017
3.33 0.862518
3.36 0.863019
3.39 0.86352
3.42 0.864021
3.45 0.864523
3.48 0.865024
3.51 0.865527
3.54 0.866029
3.57 0.866531
3.6 0.867034
3.63 0.867537
3.66 0.868041
3.69 0.868544
3.72 0.869048
3.75 0.869552
3.78 0.870057
3.81 0.870561
3.84 0.871066
3.87 0.871571
3.9 0.872077
3.93 0.872582
3.96 0.873088
3.99 0.873595
4.02 0.874101
4.05 0.874608
4.08 0.875115
4.11 0.875622
4.14 0.87613
4.17 0.876638
4.2 0.877146
4.23 0.877654
4.26 0.878163
4.29 0.878672
4.32 0.879181
4.35 0.879691
4.38 0.880201
4.41 0.880711
4.44 0.881222
4.47 0.881733
4.5 0.882244
4.53 0.882755
4.56 0.883267
4.59 0.883779
4.62 0.884291
4.65 0.884804
4.68 0.885317
4.71 0.88583
4.74 0.886344
4.77 0.886857
4.8 0.887372
4.83 0.887886
4.86 0.888401
4.89 0.888916
4.92 0.889432
4.95 0.889947
4.98 0.890464
5.01 0.89098
5.04 0.891497
5.07 0.892014
5.1 0.892532
5.13 0.893049
5.16 0.893568
5.19 0.894086
5.22 0.894605
5.25 0.895124
5.28 0.895644
5.31 0.896164
5.34 0.896684
5.37 0.897205
5.4 0.897726
5.43 0.898247
5.46 0.898769
5.49 0.899291
5.52 0.899813
5.55 0.900336
5.58 0.900859
5.61 0.901383
5.64 0.901906
5.67 0.902431
5.7 0.902955
5.73 0.90348
5.76 0.904006
5.79 0.904532
5.82 0.905058
5.85 0.905585
5.88 0.906112
5.91 0.906639
5.94 0.907167
5.97 0.907695
6 0.908223
6.03 0.908752
6.06 0.909282
6.09 0.909812
6.12 0.910342
6.15 0.910872
6.18 0.911403
6.21 0.911935
6.24 0.912467
6.27 0.912999
6.3 0.913532
6.33 0.914065
6.36 0.914598
6.39 0.915132
6.42 0.915667
6.45 0.916202
6.48 0.916737
6.51 0.917273
6.54 0.917809
6.57 0.918345
6.6 0.918882
6.63 0.91942
6.66 0.919958
6.69 0.920496
6.72 0.921035
6.75 0.921575
6.78 0.922114
6.81 0.922655
6.84 0.923195
6.87 0.923737
6.9 0.924278
6.93 0.92482
6.96 0.925363
6.99 0.925906
7.02 0.92645
7.05 0.926994
7.08 0.927538
7.11 0.928083
7.14 0.928629
7.17 0.929175
7.2 0.929722
7.23 0.930269
7.26 0.930816
7.29 0.931364
7.32 0.931913
7.35 0.932462
7.38 0.933011
7.41 0.933562
7.44 0.934112
7.47 0.934663
7.5 0.935215
7.53 0.935767
7.56 0.93632
7.59 0.936873
7.62 0.937427
7.65 0.937982
7.68 0.938536
7.71 0.939092
7.74 0.939648
7.77 0.940204
7.8 0.940762
7.83 0.941319
7.86 0.941878
7.89 0.942436
7.92 0.942996
7.95 0.943556
7.98 0.944116
8.01 0.944677
8.04 0.945239
8.07 0.945801
8.1 0.946364
8.13 0.946927
8.16 0.947491
8.19 0.948056
8.22 0.948621
8.25 0.949187
8.28 0.949753
8.31 0.950321
8.34 0.950888
8.37 0.951456
8.4 0.952025
8.43 0.952595
8.46 0.953165
8.49 0.953736
8.52 0.954307
8.55 0.954879
8.58 0.955452
8.61 0.956025
8.64 0.956599
8.67 0.957173
8.7 0.957749
8.73 0.958325
8.76 0.958901
8.79 0.959478
8.82 0.960056
8.85 0.960635
8.88 0.961214
8.91 0.961794
8.94 0.962374
8.97 0.962956
9 0.963537
9.03 0.96412
9.06 0.964703
9.09 0.965287
9.12 0.965872
9.15 0.966457
9.18 0.967044
9.21 0.96763
9.24 0.968218
9.27 0.968806
9.3 0.969395
9.33 0.969985
9.36 0.970575
9.39 0.971166
9.42 0.971758
9.45 0.972351
9.48 0.972944
9.51 0.973538
9.54 0.974133
9.57 0.974729
9.6 0.975325
9.63 0.975923
9.66 0.97652
9.69 0.977119
9.72 0.977719
9.75 0.978319
9.78 0.97892
9.81 0.979522
9.84 0.980124
9.87 0.980728
9.9 0.981332
9.93 0.981937
9.96 0.982543
9.99 0.983149
10.02 0.983757
10.05 0.984365
10.08 0.984974
10.11 0.985584
10.14 0.986195
10.17 0.986806
10.2 0.987419
10.23 0.988032
10.26 0.988646
10.29 0.989261
10.32 0.989877
10.35 0.990493
10.38 0.991111
10.41 0.991729
10.44 0.992349
10.47 0.992969
10.5 0.99359
10.53 0.994212
10.56 0.994835
10.59 0.995458
10.62 0.996083
10.65 0.996708
10.68 0.997335
10.71 0.997962
10.74 0.998591
10.77 0.99922
10.8 0.99985
10.83 1.00048
10.86 1.00111
10.89 1.00175
10.92 1.00238
10.95 1.00301
10.98 1.00365
11.01 1.00429
11.04 1.00492
11.07 1.00556
11.1 1.0062
11.13 1.00684
11.16 1.00749
11.19 1.00813
11.22 1.00877
11.25 1.00942
11.28 1.01006
11.31 1.01071
11.34 1.01136
11.37 1.012
11.4 1.01265
11.43 1.0133
11.46 1.01396
11.49 1.01461
11.52 1.01526
11.55 1.01592
11.58 1.01657
11.61 1.01723
11.64 1.01789
11.67 1.01855
11.7 1.01921
11.73 1.01987
11.76 1.02053
11.79 1.0212
11.82 1.02186
11.85 1.02253
11.88 1.02319
11.91 1.02386
11.94 1.02453
11.97 1.0252
12 1.02587
12.03 1.02654
12.06 1.02722
12.09 1.02789
12.12 1.02857
12.15 1.02924
12.18 1.02992
12.21 1.0306
12.24 1.03128
12.27 1.03196
12.3 1.03265
12.33 1.03333
12.36 1.03402
12.39 1.0347
12.42 1.03539
12.45 1.03608
12.48 1.03677
12.51 1.03746
12.54 1.03815
12.57 1.03885
12.6 1.03954
12.63 1.04024
12.66 1.04094
12.69 1.04163
12.72 1.04233
12.75 1.04304
12.78 1.04374
12.81 1.04444
12.84 1.04515
12.87 1.04585
12.9 1.04656
12.93 1.04727
12.96 1.04798
12.99 1.04869
13.02 1.04941
13.05 1.05012
13.08 1.05084
13.11 1.05155
13.14 1.05227
13.17 1.05299
13.2 1.05371
13.23 1.05444
13.26 1.05516
13.29 1.05588
13.32 1.05661
13.35 1.05734
13.38 1.05807
13.41 1.0588
13.44 1.05953
13.47 1.06027
13.5 1.061
13.53 1.06174
13.56 1.06248
13.59 1.06322
13.62 1.06396
13.65 1.0647
13.68 1.06544
13.71 1.06619
13.74 1.06694
13.77 1.06769
13.8 1.06844
13.83 1.06919
13.86 1.06994
13.89 1.0707
13.92 1.07145
13.95 1.07221
13.98 1.07297
14.01 1.07373
14.04 1.07449
14.07 1.07526
14.1 1.07602
14.13 1.07679
14.16 1.07756
14.19 1.07833
14.22 1.0791
14.25 1.07987
14.28 1.08065
14.31 1.08143
14.34 1.0822
14.37 1.08298
14.4 1.08377
14.43 1.08455
14.46 1.08533
14.49 1.08612
14.52 1.08691
14.55 1.0877
14.58 1.08849
14.61 1.08929
14.64 1.09008
14.67 1.09088
14.7 1.09168
14.73 1.09248
14.76 1.09328
14.79 1.09409
14.82 1.09489
14.85 1.0957
14.88 1.09651
14.91 1.09732
14.94 1.09813
14.97 1.09895
15 1.09977
15.03 1.10058
15.06 1.10141
15.09 1.10223
15.12 1.10305
15.15 1.10388
15.18 1.10471
15.21 1.10554
15.24 1.10637
15.27 1.1072
15.3 1.10804
15.33 1.10888
15.36 1.10971
15.39 1.11056
15.42 1.1114
15.45 1.11225
15.48 1.11309
15.51 1.11394
15.54 1.11479
15.57 1.11565
15.6 1.1165
15.63 1.11736
15.66 1.11822
15.69 1.11908
15.72 1.11995
15.75 1.12081
15.78 1.12168
15.81 1.12255
15.84 1.12342
15.87 1.1243
15.9 1.12517
15.93 1.12605
15.96 1.12693
15.99 1.12781
16.02 1.1287
16.05 1.12959
16.08 1.13047
16.11 1.13137
16.14 1.13226
16.17 1.13316
16.2 1.13405
16.23 1.13495
16.26 1.13586
16.29 1.13676
16.32 1.13767
16.35 1.13858
16.38 1.13949
16.41 1.1404
16.44 1.14132
16.47 1.14224
16.5 1.14316
16.53 1.14408
16.56 1.14501
16.59 1.14594
16.62 1.14687
16.65 1.1478
16.68 1.14874
16.71 1.14967
16.74 1.15061
16.77 1.15156
16.8 1.1525
16.83 1.15345
16.86 1.1544
16.89 1.15535
16.92 1.15631
16.95 1.15727
16.98 1.15823
17.01 1.15919
17.04 1.16015
17.07 1.16112
17.1 1.16209
17.13 1.16307
17.16 1.16404
17.19 1.16502
17.22 1.166
17.25 1.16698
17.28 1.16797
17.31 1.16896
17.34 1.16995
17.37 1.17095
17.4 1.17194
17.43 1.17294
17.46 1.17395
17.49 1.17495
17.52 1.17596
17.55 1.17697
17.58 1.17799
17.61 1.179
17.64 1.18002
17.67 1.18104
17.7 1.18207
17.73 1.1831
17.76 1.18413
17.79 1.18516
17.82 1.1862
17.85 1.18724
17.88 1.18828
17.91 1.18933
17.94 1.19038
17.97 1.19143
18 1.19249
18.03 1.19354
18.06 1.19461
18.09 1.19567
18.12 1.19674
18.15 1.19781
18.18 1.19888
18.21 1.19996
18.24 1.20104
18.27 1.20212
18.3 1.20321
18.33 1.2043
18.36 1.20539
18.39 1.20649
18.42 1.20759
18.45 1.20869
18.48 1.20979
18.51 1.2109
18.54 1.21202
18.57 1.21313
18.6 1.21425
18.63 1.21537
18.66 1.2165
18.69 1.21763
18.72 1.21876
18.75 1.2199
18.78 1.22104
18.81 1.22218
18.84 1.22333
18.87 1.22448
18.9 1.22564
18.93 1.2268
18.96 1.22796
18.99 1.22912
19.02 1.23029
19.05 1.23146
19.08 1.23264
19.11 1.23382
19.14 1.235
19.17 1.23619
19.2 1.23738
19.23 1.23858
19.26 1.23978
19.29 1.24098
19.32 1.24219
19.35 1.2434
19.38 1.24461
19.41 1.24583
19.44 1.24705
19.47 1.24828
19.5 1.24951
19.53 1.25075
19.56 1.25198
19.59 1.25323
19.62 1.25447
19.65 1.25572
19.68 1.25698
19.71 1.25824
19.74 1.2595
19.77 1.26077
19.8 1.26204
19.83 1.26332
19.86 1.2646
19.89 1.26589
19.92 1.26718
19.95 1.26847
19.98 1.26977
20.01 1.27107
20.04 1.27238
20.07 1.27369
20.1 1.27501
20.13 1.27633
20.16 1.27765
20.19 1.27898
20.22 1.28032
20.25 1.28166
20.28 1.283
20.31 1.28435
20.34 1.2857
20.37 1.28706
20.4 1.28843
20.43 1.28979
20.46 1.29117
20.49 1.29254
20.52 1.29393
20.55 1.29532
20.58 1.29671
20.61 1.29811
20.64 1.29951
20.67 1.30092
20.7 1.30233
20.73 1.30375
20.76 1.30517
20.79 1.3066
20.82 1.30804
20.85 1.30948
20.88 1.31092
20.91 1.31237
20.94 1.31383
20.97 1.31529
21 1.31676
21.03 1.31823
21.06 1.31971
21.09 1.32119
21.12 1.32268
21.15 1.32418
21.18 1.32568
21.21 1.32718
21.24 1.3287
21.27 1.33021
21.3 1.33174
21.33 1.33327
21.36 1.3348
21.39 1.33635
21.42 1.33789
21.45 1.33945
21.48 1.34101
21.51 1.34258
21.54 1.34415
21.57 1.34573
21.6 1.34731
21.63 1.34891
21.66 1.3505
21.69 1.35211
21.72 1.35372
21.75 1.35534
21.78 1.35696
21.81 1.35859
21.84 1.36023
21.87 1.36188
21.9 1.36353
21.93 1.36518
21.96 1.36685
21.99 1.36852
22.02 1.3702
22.05 1.37189
22.08 1.37358
22.11 1.37528
22.14 1.37699
22.17 1.3787
22.2 1.38043
22.23 1.38216
22.26 1.38389
22.29 1.38564
22.32 1.38739
22.35 1.38915
22.38 1.39092
22.41 1.39269
22.44 1.39447
22.47 1.39626
22.5 1.39806
22.53 1.39987
22.56 1.40168
22.59 1.40351
22.62 1.40534
22.65 1.40718
22.68 1.40903
22.71 1.41088
22.74 1.41275
22.77 1.41462
22.8 1.4165
22.83 1.41839
22.86 1.42029
22.89 1.4222
22.92 1.42411
22.95 1.42604
22.98 1.42797
23.01 1.42991
23.04 1.43187
23.07 1.43383
23.1 1.4358
23.13 1.43778
23.16 1.43977
23.19 1.44177
23.22 1.44378
23.25 1.4458
23.28 1.44782
23.31 1.44986
23.34 1.45191
23.37 1.45397
23.4 1.45604
23.43 1.45811
23.46 1.4602
23.49 1.4623
23.52 1.46441
23.55 1.46653
23.58 1.46866
23.61 1.4708
23.64 1.47295
23.67 1.47512
23.7 1.47729
23.73 1.47948
23.76 1.48167
23.79 1.48388
23.82 1.4861
23.85 1.48833
23.88 1.49057
23.91 1.49283
23.94 1.49509
23.97 1.49737
24 1.49966
24.03 1.50196
24.06 1.50427
24.09 1.5066
24.12 1.50894
24.15 1.51129
24.18 1.51365
24.21 1.51603
24.24 1.51842
24.27 1.52082
24.3 1.52324
24.33 1.52567
24.36 1.52811
24.39 1.53057
24.42 1.53304
24.45 1.53552
24.48 1.53802
24.51 1.54053
24.54 1.54305
24.57 1.54559
24.6 1.54815
24.63 1.55072
24.66 1.5533
24.69 1.5559
24.72 1.55851
24.75 1.56114
24.78 1.56378
24.81 1.56644
24.84 1.56912
24.87 1.57181
24.9 1.57451
24.93 1.57724
24.96 1.57998
24.99 1.58273
25.02 1.5855
25.05 1.58829
25.08 1.59109
25.11 1.59392
25.14 1.59675
25.17 1.59961
25.2 1.60248
25.23 1.60537
25.26 1.60828
25.29 1.61121
25.32 1.61416
25.35 1.61712
25.38 1.6201
25.41 1.6231
25.44 1.62612
25.47 1.62916
25.5 1.63222
25.53 1.63529
25.56 1.63839
25.59 1.64151
25.62 1.64464
25.65 1.6478
25.68 1.65098
25.71 1.65418
25.74 1.65739
25.77 1.66063
25.8 1.66389
25.83 1.66718
25.86 1.67048
25.89 1.67381
25.92 1.67715
25.95 1.68053
25.98 1.68392
26.01 1.68733
26.04 1.69077
26.07 1.69423
26.1 1.69772
26.13 1.70123
26.16 1.70476
26.19 1.70832
26.22 1.7119
26.25 1.71551
26.28 1.71914
26.31 1.72279
26.34 1.72647
26.37 1.73018
26.4 1.73391
26.43 1.73767
26.46 1.74146
26.49 1.74527
26.52 1.74911
26.55 1.75298
26.58 1.75687
26.61 1.76079
26.64 1.76474
26.67 1.76872
26.7 1.77273
26.73 1.77676
26.76 1.78083
26.79 1.78492
26.82 1.78904
26.85 1.7932
26.88 1.79738
26.91 1.8016
26.94 1.80584
26.97 1.81012
27 1.81443
27.03 1.81877
27.06 1.82314
27.09 1.82754
27.12 1.83198
27.15 1.83645
27.18 1.84095
27.21 1.84549
27.24 1.85006
27.27 1.85466
27.3 1.8593
27.33 1.86398
27.36 1.86869
27.39 1.87343
27.42 1.87822
27.45 1.88303
27.48 1.88789
27.51 1.89278
27.54 1.89771
27.57 1.90267
27.6 1.90768
27.63 1.91272
27.66 1.9178
27.69 1.92292
27.72 1.92808
27.75 1.93327
27.78 1.93851
27.81 1.94379
27.84 1.94911
27.87 1.95447
27.9 1.95987
27.93 1.96531
27.96 1.97079
27.99 1.97632
28.02 1.98189
28.05 1.9875
28.08 1.99315
28.11 1.99885
28.14 2.00459
28.17 2.01038
28.2 2.01621
28.23 2.02208
28.26 2.028
28.29 2.03397
28.32 2.03998
28.35 2.04604
28.38 2.05214
28.41 2.05829
28.44 2.06449
28.47 2.07073
28.5 2.07702
28.53 2.08336
28.56 2.08975
28.59 2.09618
28.62 2.10267
28.65 2.1092
28.68 2.11578
28.71 2.12241
28.74 2.12909
28.77 2.13582
28.8 2.1426
28.83 2.14943
28.86 2.15631
28.89 2.16324
28.92 2.17022
28.95 2.17726
28.98 2.18434
29.01 2.19147
29.04 2.19866
29.07 2.20589
29.1 2.21318
29.13 2.22052
29.16 2.22791
29.19 2.23536
29.22 2.24285
29.25 2.2504
29.28 2.258
29.31 2.26565
29.34 2.27335
29.37 2.2811
29.4 2.28891
29.43 2.29677
29.46 2.30468
29.49 2.31264
29.52 2.32065
29.55 2.32871
29.58 2.33683
29.61 2.34499
29.64 2.35321
29.67 2.36147
29.7 2.36979
29.73 2.37816
29.76 2.38657
29.79 2.39504
29.82 2.40355
29.85 2.41212
29.88 2.42073
29.91 2.42939
29.94 2.4381
29.97 2.44685
30 2.45565
30.001 0
