0 -10
0.03 -8.61201
0.06 -8.61195
0.09 -8.6119
0.12 -8.61185
0.15 -8.61179
0.18 -8.61174
0.21 -8.61169
0.24 -8.61164
0.27 -8.61158
0.3 -8.61153
0.33 -8.61148
0.36 -8.61142
0.39 -8.61137
0.42 -8.61132
0.45 -8.61127
0.48 -8.61121
0.51 -8.61116
0.54 -8.61111
0.57 -8.61105
0.6 -8.611
0.63 -8.61095
0.66 -8.6109
0.69 -8.61084
0.72 -8.61079
0.75 -8.61074
0.78 -8.61069
0.81 -8.61063
0.84 -8.61058
0.87 -8.61053
0.9 -8.61048
0.93 -8.61042
0.96 -8.61037
0.99 -8.61032
1.02 -8.61027
1.05 -8.61022
1.08 -8.61016
1.11 -8.61011
1.14 -8.61006
1.17 -8.61001
1.2 -8.60996
1.23 -8.6099
1.26 -8.60985
1.29 -8.6098
1.32 -8.60975
1.35 -8.6097
1.38 -8.60964
1.41 -8.60959
1.44 -8.60954
1.47 -8.60949
1.5 -8.60944
1.53 -8.60939
1.56 -8.60933
1.59 -8.60928
1.62 -8.60923
1.65 -8.60918
1.68 -8.60913
1.71 -8.60908
1.74 -8.60902
1.77 -8.60897
1.8 -8.60892
1.83 -8.60887
1.86 -8.60882
1.89 -8.60877
1.92 -8.60872
1.95 -8.60866
1.98 -8.60861
2.01 -8.60856
2.04 -8.60851
2.07 -8.60846
2.1 -8.60841
2.13 -8.60836
2.16 -8.60831
2.19 -8.60825
2.22 -8.6082
2.25 -8.60815
2.28 -8.6081
2.31 -8.60805
2.34 -8.608
2.37 -8.60795
2.4 -8.6079
2.43 -8.60785
2.46 -8.6078
2.49 -8.60774
2.52 -8.60769
2.55 -8.60764
2.58 -8.60759
2.61 -8.60754
2.64 -8.60749
2.67 -8.60744
2.7 -8.60739
2.73 -8.60734
2.76 -8.60729
2.79 -8.60724
2.82 -8.60719
2.85 -8.60714
2.88 -8.60709
2.91 -8.60704
2.94 -8.60699
2.97 -8.60693
3 -8.60688
3.03 -8.60683
3.06 -8.60678
3.09 -8.60673
3.12 -8.60668
3.15 -8.60663
3.18 -8.60658
3.21 -8.60653
3.24 -8.60648
3.27 -8.60643
3.3 -8.60638
3.33 -8.60633
3.36 -8.60628
3.39 -8.60623
3.42 -8.60618
3.45 -8.60613
3.48 -8.60608
3.51 -8.60603
3.54 -8.60598
3.57 -8.60593
3.6 -8.60588
3.63 -8.60583
3.66 -8.60578
3.69 -8.60573
3.72 -8.60568
3.75 -8.60563
3.78 -8.60558
3.81 -8.60553
3.84 -8.60548
3.87 -8.60543
3.9 -8.60538
3.93 -8.60533
3.96 -8.60528
3.99 -8.60523
4.02 -8.60518
4.05 -8.60513
4.08 -8.60508
4.11 -8.60504
4.14 -8.60499
4.17 -8.60494
4.2 -8.60489
4.23 -8.60484
4.26 -8.60479
4.29 -8.60474
4.32 -8.60469
4.35 -8.60464
4.38 -8.60459
4.41 -8.60454
4.44 -8.60449
4.47 -8.60444
4.5 -8.60439
4.53 -8.60434
4.56 -8.60429
4.59 -8.60424
4.62 -8.6042
4.65 -8.60415
4.68 -8.6041
4.71 -8.60405
4.74 -8.604
4.77 -8.60395
4.8 -8.6039
4.83 -8.60385
4.86 -8.6038
4.89 -8.60375
4.92 -8.6037
4.95 -8.60366
4.98 -8.60361
5.01 -8.60356
5.04 -8.60351
5.07 -8.60346
5.1 -8.60341
5.13 -8.60336
5.16 -8.60331
5.19 -8.60326
5.22 -8.60321
5.25 -8.60317
5.28 -8.60312
5.31 -8.60307
5.34 -8.60302
5.37 -8.60297
5.4 -8.60292
5.43 -8.60287
5.46 -8.60282
5.49 -8.60278
5.52 -8.60273
5.55 -8.60268
5.58 -8.60263
5.61 -8.60258
5.64 -8.60253
5.67 -8.60248
5.7 -8.60244
5.73 -8.60239
5.76 -8.60234
5.79 -8.60229
5.82 -8.60224
5.85 -8.60219
5.88 -8.60214
5.91 -8.6021
5.94 -8.60205
5.97 -8.602
6 -8.60195
6.03 -8.6019
6.06 -8.60185
6.09 -8.6018
6.12 -8.60176
6.15 -8.60171
6.18 -8.60166
6.21 -8.60161
6.24 -8.60156
6.27 -8.60151
6.3 -8.60147
6.33 -8.60142
6.36 -8.60137
6.39 -8.60132
6.42 -8.60127
6.45 -8.60122
6.48 -8.60118
6.51 -8.60113
6.54 -8.60108
6.57 -8.60103
6.6 -8.60098
6.63 -8.60094
6.66 -8.60089
6.69 -8.60084
6.72 -8.60079
6.75 -8.60074
6.78 -8.60069
6.81 -8.60065
6.84 -8.6006
6.87 -8.60055
6.9 -8.6005
6.93 -8.60045
6.96 -8.60041
6.99 -8.60036
7.02 -8.60031
7.05 -8.60026
7.08 -8.60021
7.11 -8.60017
7.14 -8.60012
7.17 -8.60007
7.2 -8.60002
7.23 -8.59997
7.26 -8.59993
7.29 -8.59988
7.32 -8.59983
7.35 -8.59978
7.38 -8.59973
7.41 -8.59969
7.44 -8.59964
7.47 -8.59959
7.5 -8.59954
7.53 -8.59949
7.56 -8.59945
7.59 -8.5994
7.62 -8.59935
7.65 -8.5993
7.68 -8.59926
7.71 -8.59921
7.74 -8.59916
7.77 -8.59911
7.8 -8.59906
7.83 -8.59902
7.86 -8.59897
7.89 -8.59892
7.92 -8.59887
7.95 -8.59883
7.98 -8.59878
8.01 -8.59873
8.04 -8.59868
8.07 -8.59863
8.1 -8.59859
8.13 -8.59854
8.16 -8.59849
8.19 -8.59844
8.22 -8.5984
8.25 -8.59835
8.28 -8.5983
8.31 -8.59825
8.34 -8.5982
8.37 -8.59816
8.4 -8.59811
8.43 -8.59806
8.46 -8.59801
8.49 -8.59797
8.52 -8.59792
8.55 -8.59787
8.58 -8.59782
8.61 -8.59778
8.64 -8.59773
8.67 -8.59768
8.7 -8.59763
8.73 -8.59759
8.76 -8.59754
8.79 -8.59749
8.82 -8.59744
8.85 -8.59739
8.88 -8.59735
8.91 -8.5973
8.94 -8.59725
8.97 -8.5972
9 -8.59716
9.03 -8.59711
9.06 -8.59706
9.09 -8.59701
9.12 -8.59697
9.15 -8.59692
9.18 -8.59687
9.21 -8.59682
9.24 -8.59678
9.27 -8.59673
9.3 -8.59668
9.33 -8.59663
9.36 -8.59659
9.39 -8.59654
9.42 -8.59649
9.45 -8.59644
9.48 -8.5964
9.51 -8.59635
9.54 -8.5963
9.57 -8.59625
9.6 -8.5962
9.63 -8.59616
9.66 -8.59611
9.69 -8.59606
9.72 -8.59601
9.75 -8.59597
9.78 -8.59592
9.81 -8.59587
9.84 -8.59582
9.87 -8.59578
9.9 -8.59573
9.93 -8.59568
9.96 -8.59563
9.99 -8.59559
10.02 -8.59554
10.05 -8.59549
10.08 -8.59544
10.11 -8.5954
10.14 -8.59535
10.17 -8.5953
10.2 -8.59525
10.23 -8.59521
10.26 -8.59516
10.29 -8.59511
10.32 -8.59506
10.35 -8.59501
10.38 -8.59497
10.41 -8.59492
10.44 -8.59487
10.47 -8.59482
10.5 -8.59478
10.53 -8.59473
10.56 -8.59468
10.59 -8.59463
10.62 -8.59459
10.65 -8.59454
10.68 -8.59449
10.71 -8.59444
10.74 -8.5944
10.77 -8.59435
10.8 -8.5943
10.83 -8.59425
10.86 -8.5942
10.89 -8.59416
10.92 -8.59411
10.95 -8.59406
10.98 -8.59401
11.01 -8.59397
11.04 -8.59392
11.07 -8.59387
11.1 -8.59382
11.13 -8.59377
11.16 -8.59373
11.19 -8.59368
11.22 -8.59363
11.25 -8.59358
11.28 -8.59354
11.31 -8.59349
11.34 -8.59344
11.37 -8.59339
11.4 -8.59334
11.43 -8.5933
11.46 -8.59325
11.49 -8.5932
11.52 -8.59315
11.55 -8.59311
11.58 -8.59306
11.61 -8.59301
11.64 -8.59296
11.67 -8.59291
11.7 -8.59287
11.73 -8.59282
11.76 -8.59277
11.79 -8.59272
11.82 -8.59268
11.85 -8.59263
11.88 -8.59258
11.91 -8.59253
11.94 -8.59248
11.97 -8.59244
12 -8.59239
12.03 -8.59234
12.06 -8.59229
12.09 -8.59224
12.12 -8.5922
12.15 -8.59215
12.18 -8.5921
12.21 -8.59205
12.24 -8.592
12.27 -8.59196
12.3 -8.59191
12.33 -8.59186
12.36 -8.59181
12.39 -8.59176
12.42 -8.59172
12.45 -8.59167
12.48 -8.59162
12.51 -8.59157
12.54 -8.59152
12.57 -8.59147
12.6 -8.59143
12.63 -8.59138
12.66 -8.59133
12.69 -8.59128
12.72 -8.59123
12.75 -8.59119
12.78 -8.59114
12.81 -8.59109
12.84 -8.59104
12.87 -8.59099
12.9 -8.59094
12.93 -8.5909
12.96 -8.59085
12.99 -8.5908
13.02 -8.59075
13.05 -8.5907
13.08 -8.59066
13.11 -8.59061
13.14 -8.59056
13.17 -8.59051
13.2 -8.59046
13.23 -8.59041
13.26 -8.59037
13.29 -8.59032
13.32 -8.59027
13.35 -8.59022
13.38 -8.59017
13.41 -8.59012
13.44 -8.59007
13.47 -8.59003
13.5 -8.58998
13.53 -8.58993
13.56 -8.58988
13.59 -8.58983
13.62 -8.58978
13.65 -8.58974
13.68 -8.58969
13.71 -8.58964
13.74 -8.58959
13.77 -8.58954
13.8 -8.58949
13.83 -8.58944
13.86 -8.5894
13.89 -8.58935
13.92 -8.5893
13.95 -8.58925
13.98 -8.5892
14.01 -8.58915
14.04 -8.5891
14.07 -8.58905
14.1 -8.58901
14.13 -8.58896
14.16 -8.58891
14.19 -8.58886
14.22 -8.58881
14.25 -8.58876
14.28 -8.58871
14.31 -8.58866
14.34 -8.58862
14.37 -8.58857
14.4 -8.58852
14.43 -8.58847
14.46 -8.58842
14.49 -8.58837
14.52 -8.58832
14.55 -8.58827
14.58 -8.58822
14.61 -8.58818
14.64 -8.58813
14.67 -8.58808
14.7 -8.58803
14.73 -8.58798
14.76 -8.58793
14.79 -8.58788
14.82 -8.58783
14.85 -8.58778
14.88 -8.58774
14.91 -8.58769
14.94 -8.58764
14.97 -8.58759
15 -8.58754
15.03 -8.58749
15.06 -8.58744
15.09 -8.58739
15.12 -8.58734
15.15 -8.58729
15.18 -8.58724
15.21 -8.58719
15.24 -8.58715
15.27 -8.5871
15.3 -8.58705
15.33 -8.587
15.36 -8.58695
15.39 -8.5869
15.42 -8.58685
15.45 -8.5868
15.48 -8.58675
15.51 -8.5867
15.54 -8.58665
15.57 -8.5866
15.6 -8.58655
15.63 -8.5865
15.66 -8.58646
15.69 -8.58641
15.72 -8.58636
15.75 -8.58631
15.78 -8.58626
15.81 -8.58621
15.84 -8.58616
15.87 -8.58611
15.9 -8.58606
15.93 -8.58601
15.96 -8.58596
15.99 -8.58591
16.02 -8.58586
16.05 -8.58581
16.08 -8.58576
16.11 -8.58571
16.14 -8.58566
16.17 -8.58561
16.2 -8.58556
16.23 -8.58552
16.26 -8.58547
16.29 -8.58542
16.32 -8.58537
16.35 -8.58532
16.38 -8.58527
16.41 -8.58522
16.44 -8.58517
16.47 -8.58512
16.5 -8.58507
16.53 -8.58502
16.56 -8.58497
16.59 -8.58492
16.62 -8.58487
16.65 -8.58482
16.68 -8.58477
16.71 -8.58472
16.74 -8.58467
16.77 -8.58462
16.8 -8.58457
16.83 -8.58452
16.86 -8.58447
16.89 -8.58442
16.92 -8.58437
16.95 -8.58432
16.98 -8.58427
17.01 -8.58422
17.04 -8.58417
17.07 -8.58412
17.1 -8.58407
17.13 -8.58402
17.16 -8.58397
17.19 -8.58392
17.22 -8.58387
17.25 -8.58382
17.28 -8.58378
17.31 -8.58373
17.34 -8.58368
17.37 -8.58363
17.4 -8.58358
17.43 -8.58353
17.46 -8.58348
17.49 -8.58343
17.52 -8.58338
17.55 -8.58333
17.58 -8.58328
17.61 -8.58323
17.64 -8.58318
17.67 -8.58313
17.7 -8.58308
17.73 -8.58303
17.76 -8.58298
17.79 -8.58293
17.82 -8.58288
17.85 -8.58283
17.88 -8.58278
17.91 -8.58273
17.94 -8.58268
17.97 -8.58263
18 -8.58258
18.03 -8.58253
18.06 -8.58248
18.09 -8.58243
18.12 -8.58238
18.15 -8.58233
18.18 -8.58228
18.21 -8.58223
18.24 -8.58218
18.27 -8.58213
18.3 -8.58208
18.33 -8.58203
18.36 -8.58198
18.39 -8.58193
18.42 -8.58188
18.45 -8.58183
18.48 -8.58178
18.51 -8.58173
18.54 -8.58168
18.57 -8.58163
18.6 -8.58158
18.63 -8.58153
18.66 -8.58148
18.69 -8.58143
18.72 -8.58138
18.75 -8.58133
18.78 -8.58128
18.81 -8.58123
18.84 -8.58119
18.87 -8.58114
18.9 -8.58109
18.93 -8.58104
18.96 -8.58099
18.99 -8.58094
19.02 -8.58089
19.05 -8.58084
19.08 -8.58079
19.11 -8.58074
19.14 -8.58069
19.17 -8.58064
19.2 -8.58059
19.23 -8.58054
19.26 -8.58049
19.29 -8.58044
19.32 -8.58039
19.35 -8.58034
19.38 -8.58029
19.41 -8.58025
19.44 -8.5802
19.47 -8.58015
19.5 -8.5801
19.53 -8.58005
19.56 -8.58
19.59 -8.57995
19.62 -8.5799
19.65 -8.57985
19.68 -8.5798
19.71 -8.57975
19.74 -8.57971
19.77 -8.57966
19.8 -8.57961
19.83 -8.57956
19.86 -8.57951
19.89 -8.57946
19.92 -8.57941
19.95 -8.57936
19.98 -8.57932
20.01 -8.57927
20.04 -8.57922
20.07 -8.57917
20.1 -8.57912
20.13 -8.57907
20.16 -8.57902
20.19 -8.57898
20.22 -8.57893
20.25 -8.57888
20.28 -8.57883
20.31 -8.57878
20.34 -8.57874
20.37 -8.57869
20.4 -8.57864
20.43 -8.57859
20.46 -8.57854
20.49 -8.5785
20.52 -8.57845
20.55 -8.5784
20.58 -8.57835
20.61 -8.5783
20.64 -8.57826
20.67 -8.57821
20.7 -8.57816
20.73 -8.57812
20.76 -8.57807
20.79 -8.57802
20.82 -8.57797
20.85 -8.57793
20.88 -8.57788
20.91 -8.57783
20.94 -8.57779
20.97 -8.57774
21 -8.57769
21.03 -8.57765
21.06 -8.5776
21.09 -8.57755
21.12 -8.57751
21.15 -8.57746
21.18 -8.57741
21.21 -8.57737
21.24 -8.57732
21.27 -8.57727
21.3 -8.57723
21.33 -8.57718
21.36 -8.57714
21.39 -8.57709
21.42 -8.57705
21.45 -8.577
21.48 -8.57696
21.51 -8.57691
21.54 -8.57687
21.57 -8.57682
21.6 -8.57678
21.63 -8.57673
21.66 -8.57669
21.69 -8.57664
21.72 -8.5766
21.75 -8.57655
21.78 -8.57651
21.81 -8.57646
21.84 -8.57642
21.87 -8.57638
21.9 -8.57633
21.93 -8.57629
21.96 -8.57625
21.99 -8.5762
22.02 -8.57616
22.05 -8.57612
22.08 -8.57607
22.11 -8.57603
22.14 -8.57599
22.17 -8.57594
22.2 -8.5759
22.23 -8.57586
22.26 -8.57582
22.29 -8.57578
22.32 -8.57573
22.35 -8.57569
22.38 -8.57565
22.41 -8.57561
22.44 -8.57557
22.47 -8.57553
22.5 -8.57549
22.53 -8.57545
22.56 -8.57541
22.59 -8.57537
22.62 -8.57533
22.65 -8.57529
22.68 -8.57525
22.71 -8.57521
22.74 -8.57517
22.77 -8.57513
22.8 -8.57509
22.83 -8.57505
22.86 -8.57501
22.89 -8.57497
22.92 -8.57494
22.95 -8.5749
22.98 -8.57486
23.01 -8.57482
23.04 -8.57479
23.07 -8.57475
23.1 -8.57471
23.13 -8.57468
23.16 -8.57464
23.19 -8.5746
23.22 -8.57457
23.25 -8.57453
23.28 -8.5745
23.31 -8.57446
23.34 -8.57443
23.37 -8.57439
23.4 -8.57436
23.43 -8.57432
23.46 -8.57429
23.49 -8.57426
23.52 -8.57422
23.55 -8.57419
23.58 -8.57416
23.61 -8.57413
23.64 -8.5741
23.67 -8.57406
23.7 -8.57403
23.73 -8.574
23.76 -8.57397
23.79 -8.57394
23.82 -8.57391
23.85 -8.57388
23.88 -8.57385
23.91 -8.57382
23.94 -8.5738
23.97 -8.57377
24 -8.57374
24.03 -8.57371
24.06 -8.57369
24.09 -8.57366
24.12 -8.57363
24.15 -8.57361
24.18 -8.57358
24.21 -8.57356
24.24 -8.57353
24.27 -8.57351
24.3 -8.57349
24.33 -8.57346
24.36 -8.57344
24.39 -8.57342
24.42 -8.5734
24.45 -8.57338
24.48 -8.57335
24.51 -8.57333
24.54 -8.57331
24.57 -8.5733
24.6 -8.57328
24.63 -8.57326
24.66 -8.57324
24.69 -8.57322
24.72 -8.57321
24.75 -8.57319
24.78 -8.57318
24.81 -8.57316
24.84 -8.57315
24.87 -8.57313
24.9 -8.57312
24.93 -8.57311
24.96 -8.57309
24.99 -8.57308
25.02 -8.57307
25.05 -8.57306
25.08 -8.57305
25.11 -8.57305
25.14 -8.57304
25.17 -8.57303
25.2 -8.57302
25.23 -8.57302
25.26 -8.57301
25.29 -8.57301
25.32 -8.573
25.35 -8.573
25.38 -8.573
25.41 -8.573
25.44 -8.573
25.47 -8.573
25.5 -8.573
25.53 -8.573
25.56 -8.57301
25.59 -8.57301
25.62 -8.57301
25.65 -8.57302
25.68 -8.57303
25.71 -8.57303
25.74 -8.57304
25.77 -8.57305
25.8 -8.57306
25.83 -8.57307
25.86 -8.57309
25.89 -8.5731
25.92 -8.57311
25.95 -8.57313
25.98 -8.57314
26.01 -8.57316
26.04 -8.57318
26.07 -8.5732
26.1 -8.57322
26.13 -8.57324
26.16 -8.57327
26.19 -8.57329
26.22 -8.57332
26.25 -8.57335
26.28 -8.57337
26.31 -8.5734
26.34 -8.57343
26.37 -8.57347
26.4 -8.5735
26.43 -8.57354
26.46 -8.57357
26.49 -8.57361
26.52 -8.57365
26.55 -8.57369
26.58 -8.57373
26.61 -8.57378
26.64 -8.57382
26.67 -8.57387
26.7 -8.57392
26.73 -8.57397
26.76 -8.57402
26.79 -8.57407
26.82 -8.57413
26.85 -8.57418
26.88 -8.57424
26.91 -8.5743
26.94 -8.57437
26.97 -8.57443
27 -8.5745
27.03 -8.57456
27.06 -8.57463
27.09 -8.57471
27.12 -8.57478
27.15 -8.57485
27.18 -8.57493
27.21 -8.57501
27.24 -8.5751
27.27 -8.57518
27.3 -8.57527
27.33 -8.57536
27.36 -8.57545
27.39 -8.57554
27.42 -8.57564
27.45 -8.57573
27.48 -8.57583
27.51 -8.57594
27.54 -8.57604
27.57 -8.57615
27.6 -8.57626
27.63 -8.57638
27.66 -8.57649
27.69 -8.57661
27.72 -8.57673
27.75 -8.57686
27.78 -8.57698
27.81 -8.57712
27.84 -8.57725
27.87 -8.57738
27.9 -8.57752
27.93 -8.57767
27.96 -8.57781
27.99 -8.57796
28.02 -8.57811
28.05 -8.57827
28.08 -8.57843
28.11 -8.57859
28.14 -8.57876
28.17 -8.57893
28.2 -8.5791
28.23 -8.57927
28.26 -8.57946
28.29 -8.57964
28.32 -8.57983
28.35 -8.58002
28.38 -8.58021
28.41 -8.58041
28.44 -8.58062
28.47 -8.58083
28.5 -8.58104
28.53 -8.58125
28.56 -8.58148
28.59 -8.5817
28.62 -8.58193
28.65 -8.58216
28.68 -8.5824
28.71 -8.58265
28.74 -8.58289
28.77 -8.58315
28.8 -8.58341
28.83 -8.58367
28.86 -8.58394
28.89 -8.58421
28.92 -8.58449
28.95 -8.58477
28.98 -8.58506
29.01 -8.58535
29.04 -8.58565
29.07 -8.58596
29.1 -8.58627
29.13 -8.58659
29.16 -8.58691
29.19 -8.58724
29.22 -8.58757
29.25 -8.58791
29.28 -8.58826
29.31 -8.58861
29.34 -8.58897
29.37 -8.58934
29.4 -8.58971
29.43 -8.59009
29.46 -8.59047
29.49 -8.59086
29.52 -8.59126
29.55 -8.59167
29.58 -8.59208
29.61 -8.5925
29.64 -8.59293
29.67 -8.59336
29.7 -8.5938
29.73 -8.59425
29.76 -8.59471
29.79 -8.59518
29.82 -8.59565
29.85 -8.59613
29.88 -8.59662
29.91 -8.59711
29.94 -8.59762
29.97 -8.59813
30 -8.59865
30.001 -10
