0 5
0.03 5.0128
0.06 5.0129
0.09 5.01299
0.12 5.01309
0.15 5.01319
0.18 5.01329
0.21 5.01338
0.24 5.01348
0.27 5.01358
0.3 5.01367
0.33 5.01377
0.36 5.01387
0.39 5.01397
0.42 5.01406
0.45 5.01416
0.48 5.01426
0.51 5.01436
0.54 5.01445
0.57 5.01455
0.6 5.01465
0.63 5.01475
0.66 5.01485
0.69 5.01494
0.72 5.01504
0.75 5.01514
0.78 5.01524
0.81 5.01533
0.84 5.01543
0.87 5.01553
0.9 5.01563
0.93 5.01573
0.96 5.01583
0.99 5.01592
1.02 5.01602
1.05 5.01612
1.08 5.01622
1.11 5.01632
1.14 5.01642
1.17 5.01651
1.2 5.01661
1.23 5.01671
1.26 5.01681
1.29 5.01691
1.32 5.01701
1.35 5.01711
1.38 5.01721
1.41 5.01731
1.44 5.0174
1.47 5.0175
1.5 5.0176
1.53 5.0177
1.56 5.0178
1.59 5.0179
1.62 5.018
1.65 5.0181
1.68 5.0182
1.71 5.0183
1.74 5.0184
1.77 5.0185
1.8 5.0186
1.83 5.0187
1.86 5.0188
1.89 5.0189
1.92 5.019
1.95 5.0191
1.98 5.0192
2.01 5.0193
2.04 5.0194
2.07 5.0195
2.1 5.0196
2.13 5.0197
2.16 5.0198
2.19 5.0199
2.22 5.02
2.25 5.0201
2.28 5.0202
2.31 5.0203
2.34 5.0204
2.37 5.0205
2.4 5.0206
2.43 5.0207
2.46 5.0208
2.49 5.0209
2.52 5.021
2.55 5.0211
2.58 5.02121
2.61 5.02131
2.64 5.02141
2.67 5.02151
2.7 5.02161
2.73 5.02171
2.76 5.02181
2.79 5.02191
2.82 5.02202
2.85 5.02212
2.88 5.02222
2.91 5.02232
2.94 5.02242
2.97 5.02252
3 5.02263
3.03 5.02273
3.06 5.02283
3.09 5.02293
3.12 5.02303
3.15 5.02314
3.18 5.02324
3.21 5.02334
3.24 5.02344
3.27 5.02355
3.3 5.02365
3.33 5.02375
3.36 5.02385
3.39 5.02396
3.42 5.02406
3.45 5.02416
3.48 5.02426
3.51 5.02437
3.54 5.02447
3.57 5.02457
3.6 5.02468
3.63 5.02478
3.66 5.02488
3.69 5.02499
3.72 5.02509
3.75 5.02519
3.78 5.0253
3.81 5.0254
3.84 5.0255
3.87 5.02561
3.9 5.02571
3.93 5.02582
3.96 5.02592
3.99 5.02602
4.02 5.02613
4.05 5.02623
4.08 5.02634
4.11 5.02644
4.14 5.02655
4.17 5.02665
4.2 5.02676
4.23 5.02686
4.26 5.02696
4.29 5.02707
4.32 5.02717
4.35 5.02728
4.38 5.02738
4.41 5.02749
4.44 5.02759
4.47 5.0277
4.5 5.0278
4.53 5.02791
4.56 5.02802
4.59 5.02812
4.62 5.02823
4.65 5.02833
4.68 5.02844
4.71 5.02854
4.74 5.02865
4.77 5.02876
4.8 5.02886
4.83 5.02897
4.86 5.02908
4.89 5.02918
4.92 5.02929
4.95 5.02939
4.98 5.0295
5.01 5.02961
5.04 5.02971
5.07 5.02982
5.1 5.02993
5.13 5.03004
5.16 5.03014
5.19 5.03025
5.22 5.03036
5.25 5.03046
5.28 5.03057
5.31 5.03068
5.34 5.03079
5.37 5.03089
5.4 5.031
5.43 5.03111
5.46 5.03122
5.49 5.03133
5.52 5.03143
5.55 5.03154
5.58 5.03165
5.61 5.03176
5.64 5.03187
5.67 5.03198
5.7 5.03209
5.73 5.03219
5.76 5.0323
5.79 5.03241
5.82 5.03252
5.85 5.03263
5.88 5.03274
5.91 5.03285
5.94 5.03296
5.97 5.03307
6 5.03318
6.03 5.03329
6.06 5.0334
6.09 5.03351
6.12 5.03362
6.15 5.03373
6.18 5.03384
6.21 5.03395
6.24 5.03406
6.27 5.03417
6.3 5.03428
6.33 5.03439
6.36 5.0345
6.39 5.03461
6.42 5.03472
6.45 5.03484
6.48 5.03495
6.51 5.03506
6.54 5.03517
6.57 5.03528
6.6 5.03539
6.63 5.03551
6.66 5.03562
6.69 5.03573
6.72 5.03584
6.75 5.03595
6.78 5.03607
6.81 5.03618
6.84 5.03629
6.87 5.0364
6.9 5.03652
6.93 5.03663
6.96 5.03674
6.99 5.03686
7.02 5.03697
7.05 5.03708
7.08 5.0372
7.11 5.03731
7.14 5.03742
7.17 5.03754
7.2 5.03765
7.23 5.03777
7.26 5.03788
7.29 5.03799
7.32 5.03811
7.35 5.03822
7.38 5.03834
7.41 5.03845
7.44 5.03857
7.47 5.03868
7.5 5.0388
7.53 5.03891
7.56 5.03903
7.59 5.03914
7.62 5.03926
7.65 5.03938
7.68 5.03949
7.71 5.03961
7.74 5.03972
7.77 5.03984
7.8 5.03996
7.83 5.04007
7.86 5.04019
7.89 5.04031
7.92 5.04043
7.95 5.04054
7.98 5.04066
8.01 5.04078
8.04 5.04089
8.07 5.04101
8.1 5.04113
8.13 5.04125
8.16 5.04137
8.19 5.04148
8.22 5.0416
8.25 5.04172
8.28 5.04184
8.31 5.04196
8.34 5.04208
8.37 5.0422
8.4 5.04232
8.43 5.04244
8.46 5.04256
8.49 5.04268
8.52 5.04279
8.55 5.04291
8.58 5.04304
8.61 5.04316
8.64 5.04328
8.67 5.0434
8.7 5.04352
8.73 5.04364
8.76 5.04376
8.79 5.04388
8.82 5.044
8.85 5.04412
8.88 5.04424
8.91 5.04437
8.94 5.04449
8.97 5.04461
9 5.04473
9.03 5.04486
9.06 5.04498
9.09 5.0451
9.12 5.04522
9.15 5.04535
9.18 5.04547
9.21 5.04559
9.24 5.04572
9.27 5.04584
9.3 5.04596
9.33 5.04609
9.36 5.04621
9.39 5.04634
9.42 5.04646
9.45 5.04659
9.48 5.04671
9.51 5.04684
9.54 5.04696
9.57 5.04709
9.6 5.04721
9.63 5.04734
9.66 5.04746
9.69 5.04759
9.72 5.04772
9.75 5.04784
9.78 5.04797
9.81 5.0481
9.84 5.04822
9.87 5.04835
9.9 5.04848
9.93 5.04861
9.96 5.04873
9.99 5.04886
10.02 5.04899
10.05 5.04912
10.08 5.04925
10.11 5.04938
10.14 5.04951
10.17 5.04963
10.2 5.04976
10.23 5.04989
10.26 5.05002
10.29 5.05015
10.32 5.05028
10.35 5.05041
10.38 5.05054
10.41 5.05067
10.44 5.0508
10.47 5.05094
10.5 5.05107
10.53 5.0512
10.56 5.05133
10.59 5.05146
10.62 5.05159
10.65 5.05173
10.68 5.05186
10.71 5.05199
10.74 5.05212
10.77 5.05226
10.8 5.05239
10.83 5.05252
10.86 5.05266
10.89 5.05279
10.92 5.05293
10.95 5.05306
10.98 5.0532
11.01 5.05333
11.04 5.05347
11.07 5.0536
11.1 5.05374
11.13 5.05387
11.16 5.05401
11.19 5.05414
11.22 5.05428
11.25 5.05442
11.28 5.05455
11.31 5.05469
11.34 5.05483
11.37 5.05497
11.4 5.0551
11.43 5.05524
11.46 5.05538
11.49 5.05552
11.52 5.05566
11.55 5.0558
11.58 5.05593
11.61 5.05607
11.64 5.05621
11.67 5.05635
11.7 5.05649
11.73 5.05663
11.76 5.05677
11.79 5.05692
11.82 5.05706
11.85 5.0572
11.88 5.05734
11.91 5.05748
11.94 5.05762
11.97 5.05777
12 5.05791
12.03 5.05805
12.06 5.05819
12.09 5.05834
12.12 5.05848
12.15 5.05863
12.18 5.05877
12.21 5.05891
12.24 5.05906
12.27 5.0592
12.3 5.05935
12.33 5.05949
12.36 5.05964
12.39 5.05979
12.42 5.05993
12.45 5.06008
12.48 5.06023
12.51 5.06037
12.54 5.06052
12.57 5.06067
12.6 5.06082
12.63 5.06096
12.66 5.06111
12.69 5.06126
12.72 5.06141
12.75 5.06156
12.78 5.06171
12.81 5.06186
12.84 5.06201
12.87 5.06216
12.9 5.06231
12.93 5.06246
12.96 5.06261
12.99 5.06277
13.02 5.06292
13.05 5.06307
13.08 5.06322
13.11 5.06337
13.14 5.06353
13.17 5.06368
13.2 5.06384
13.23 5.06399
13.26 5.06414
13.29 5.0643
13.32 5.06445
13.35 5.06461
13.38 5.06476
13.41 5.06492
13.44 5.06508
13.47 5.06523
13.5 5.06539
13.53 5.06555
13.56 5.06571
13.59 5.06586
13.62 5.06602
13.65 5.06618
13.68 5.06634
13.71 5.0665
13.74 5.06666
13.77 5.06682
13.8 5.06698
13.83 5.06714
13.86 5.0673
13.89 5.06746
13.92 5.06762
13.95 5.06779
13.98 5.06795
14.01 5.06811
14.04 5.06827
14.07 5.06844
14.1 5.0686
14.13 5.06876
14.16 5.06893
14.19 5.06909
14.22 5.06926
14.25 5.06942
14.28 5.06959
14.31 5.06976
14.34 5.06992
14.37 5.07009
14.4 5.07026
14.43 5.07043
14.46 5.07059
14.49 5.07076
14.52 5.07093
14.55 5.0711
14.58 5.07127
14.61 5.07144
14.64 5.07161
14.67 5.07178
14.7 5.07195
14.73 5.07212
14.76 5.0723
14.79 5.07247
14.82 5.07264
14.85 5.07281
14.88 5.07299
14.91 5.07316
14.94 5.07333
14.97 5.07351
15 5.07368
15.03 5.07386
15.06 5.07404
15.09 5.07421
15.12 5.07439
15.15 5.07457
15.18 5.07474
15.21 5.07492
15.24 5.0751
15.27 5.07528
15.3 5.07546
15.33 5.07564
15.36 5.07582
15.39 5.076
15.42 5.07618
15.45 5.07636
15.48 5.07654
15.51 5.07673
15.54 5.07691
15.57 5.07709
15.6 5.07728
15.63 5.07746
15.66 5.07764
15.69 5.07783
15.72 5.07801
15.75 5.0782
15.78 5.07839
15.81 5.07857
15.84 5.07876
15.87 5.07895
15.9 5.07914
15.93 5.07933
15.96 5.07951
15.99 5.0797
16.02 5.07989
16.05 5.08009
16.08 5.08028
16.11 5.08047
16.14 5.08066
16.17 5.08085
16.2 5.08105
16.23 5.08124
16.26 5.08143
16.29 5.08163
16.32 5.08182
16.35 5.08202
16.38 5.08221
16.41 5.08241
16.44 5.08261
16.47 5.08281
16.5 5.083
16.53 5.0832
16.56 5.0834
16.59 5.0836
16.62 5.0838
16.65 5.084
16.68 5.0842
16.71 5.08441
16.74 5.08461
16.77 5.08481
16.8 5.08501
16.83 5.08522
16.86 5.08542
16.89 5.08563
16.92 5.08583
16.95 5.08604
16.98 5.08625
17.01 5.08645
17.04 5.08666
17.07 5.08687
17.1 5.08708
17.13 5.08729
17.16 5.0875
17.19 5.08771
17.22 5.08792
17.25 5.08813
17.28 5.08834
17.31 5.08856
17.34 5.08877
17.37 5.08898
17.4 5.0892
17.43 5.08941
17.46 5.08963
17.49 5.08985
17.52 5.09006
17.55 5.09028
17.58 5.0905
17.61 5.09072
17.64 5.09094
17.67 5.09116
17.7 5.09138
17.73 5.0916
17.76 5.09182
17.79 5.09205
17.82 5.09227
17.85 5.09249
17.88 5.09272
17.91 5.09294
17.94 5.09317
17.97 5.0934
18 5.09362
18.03 5.09385
18.06 5.09408
18.09 5.09431
18.12 5.09454
18.15 5.09477
18.18 5.095
18.21 5.09524
18.24 5.09547
18.27 5.0957
18.3 5.09594
18.33 5.09617
18.36 5.09641
18.39 5.09664
18.42 5.09688
18.45 5.09712
18.48 5.09736
18.51 5.09759
18.54 5.09783
18.57 5.09808
18.6 5.09832
18.63 5.09856
18.66 5.0988
18.69 5.09904
18.72 5.09929
18.75 5.09953
18.78 5.09978
18.81 5.10003
18.84 5.10027
18.87 5.10052
18.9 5.10077
18.93 5.10102
18.96 5.10127
18.99 5.10152
19.02 5.10177
19.05 5.10203
19.08 5.10228
19.11 5.10253
19.14 5.10279
19.17 5.10305
19.2 5.1033
19.23 5.10356
19.26 5.10382
19.29 5.10408
19.32 5.10434
19.35 5.1046
19.38 5.10486
19.41 5.10512
19.44 5.10539
19.47 5.10565
19.5 5.10592
19.53 5.10618
19.56 5.10645
19.59 5.10672
19.62 5.10699
19.65 5.10726
19.68 5.10753
19.71 5.1078
19.74 5.10807
19.77 5.10834
19.8 5.10862
19.83 5.10889
19.86 5.10917
19.89 5.10945
19.92 5.10972
19.95 5.11
19.98 5.11028
20.01 5.11056
20.04 5.11084
20.07 5.11113
20.1 5.11141
20.13 5.1117
20.16 5.11198
20.19 5.11227
20.22 5.11256
20.25 5.11284
20.28 5.11313
20.31 5.11342
20.34 5.11372
20.37 5.11401
20.4 5.1143
20.43 5.1146
20.46 5.11489
20.49 5.11519
20.52 5.11549
20.55 5.11578
20.58 5.11608
20.61 5.11639
20.64 5.11669
20.67 5.11699
20.7 5.11729
20.73 5.1176
20.76 5.11791
20.79 5.11821
20.82 5.11852
20.85 5.11883
20.88 5.11914
20.91 5.11946
20.94 5.11977
20.97 5.12008
21 5.1204
21.03 5.12072
21.06 5.12103
21.09 5.12135
21.12 5.12167
21.15 5.12199
21.18 5.12232
21.21 5.12264
21.24 5.12297
21.27 5.12329
21.3 5.12362
21.33 5.12395
21.36 5.12428
21.39 5.12461
21.42 5.12494
21.45 5.12528
21.48 5.12561
21.51 5.12595
21.54 5.12629
21.57 5.12663
21.6 5.12697
21.63 5.12731
21.66 5.12765
21.69 5.128
21.72 5.12834
21.75 5.12869
21.78 5.12904
21.81 5.12939
21.84 5.12974
21.87 5.13009
21.9 5.13045
21.93 5.1308
21.96 5.13116
21.99 5.13152
22.02 5.13188
22.05 5.13224
22.08 5.1326
22.11 5.13297
22.14 5.13333
22.17 5.1337
22.2 5.13407
22.23 5.13444
22.26 5.13481
22.29 5.13519
22.32 5.13556
22.35 5.13594
22.38 5.13632
22.41 5.1367
22.44 5.13708
22.47 5.13746
22.5 5.13785
22.53 5.13823
22.56 5.13862
22.59 5.13901
22.62 5.1394
22.65 5.1398
22.68 5.14019
22.71 5.14059
22.74 5.14099
22.77 5.14139
22.8 5.14179
22.83 5.1422
22.86 5.1426
22.89 5.14301
22.92 5.14342
22.95 5.14383
22.98 5.14424
23.01 5.14466
23.04 5.14508
23.07 5.14549
23.1 5.14592
23.13 5.14634
23.16 5.14676
23.19 5.14719
23.22 5.14762
23.25 5.14805
23.28 5.14848
23.31 5.14892
23.34 5.14935
23.37 5.14979
23.4 5.15023
23.43 5.15068
23.46 5.15112
23.49 5.15157
23.52 5.15202
23.55 5.15247
23.58 5.15292
23.61 5.15338
23.64 5.15384
23.67 5.1543
23.7 5.15476
23.73 5.15523
23.76 5.1557
23.79 5.15617
23.82 5.15664
23.85 5.15711
23.88 5.15759
23.91 5.15807
23.94 5.15855
23.97 5.15904
24 5.15952
24.03 5.16001
24.06 5.1605
24.09 5.161
24.12 5.16149
24.15 5.16199
24.18 5.1625
24.21 5.163
24.24 5.16351
24.27 5.16402
24.3 5.16453
24.33 5.16505
24.36 5.16557
24.39 5.16609
24.42 5.16661
24.45 5.16714
24.48 5.16767
24.51 5.1682
24.54 5.16874
24.57 5.16927
24.6 5.16981
24.63 5.17036
24.66 5.17091
24.69 5.17146
24.72 5.17201
24.75 5.17257
24.78 5.17313
24.81 5.17369
24.84 5.17426
24.87 5.17483
24.9 5.1754
24.93 5.17597
24.96 5.17655
24.99 5.17714
25.02 5.17772
25.05 5.17831
25.08 5.17891
25.11 5.1795
25.14 5.1801
25.17 5.18071
25.2 5.18131
25.23 5.18192
25.26 5.18254
25.29 5.18316
25.32 5.18378
25.35 5.1844
25.38 5.18503
25.41 5.18567
25.44 5.1863
25.47 5.18694
25.5 5.18759
25.53 5.18824
25.56 5.18889
25.59 5.18955
25.62 5.19021
25.65 5.19087
25.68 5.19154
25.71 5.19222
25.74 5.1929
25.77 5.19358
25.8 5.19427
25.83 5.19496
25.86 5.19565
25.89 5.19635
25.92 5.19706
25.95 5.19777
25.98 5.19848
26.01 5.1992
26.04 5.19992
26.07 5.20065
26.1 5.20138
26.13 5.20212
26.16 5.20286
26.19 5.20361
26.22 5.20436
26.25 5.20512
26.28 5.20588
26.31 5.20665
26.34 5.20742
26.37 5.2082
26.4 5.20899
26.43 5.20977
26.46 5.21057
26.49 5.21137
26.52 5.21217
26.55 5.21298
26.58 5.2138
26.61 5.21462
26.64 5.21545
26.67 5.21628
26.7 5.21712
26.73 5.21797
26.76 5.21882
26.79 5.21968
26.82 5.22054
26.85 5.22141
26.88 5.22229
26.91 5.22317
26.94 5.22406
26.97 5.22495
27 5.22585
27.03 5.22676
27.06 5.22767
27.09 5.22859
27.12 5.22952
27.15 5.23045
27.18 5.2314
27.21 5.23234
27.24 5.2333
27.27 5.23426
27.3 5.23523
27.33 5.2362
27.36 5.23718
27.39 5.23817
27.42 5.23917
27.45 5.24018
27.48 5.24119
27.51 5.24221
27.54 5.24323
27.57 5.24427
27.6 5.24531
27.63 5.24636
27.66 5.24742
27.69 5.24848
27.72 5.24955
27.75 5.25063
27.78 5.25172
27.81 5.25282
27.84 5.25392
27.87 5.25504
27.9 5.25616
27.93 5.25729
27.96 5.25843
27.99 5.25957
28.02 5.26073
28.05 5.26189
28.08 5.26306
28.11 5.26424
28.14 5.26543
28.17 5.26663
28.2 5.26783
28.23 5.26905
28.26 5.27027
28.29 5.27151
28.32 5.27275
28.35 5.274
28.38 5.27526
28.41 5.27653
28.44 5.2778
28.47 5.27909
28.5 5.28039
28.53 5.28169
28.56 5.28301
28.59 5.28433
28.62 5.28567
28.65 5.28701
28.68 5.28836
28.71 5.28972
28.74 5.29109
28.77 5.29247
28.8 5.29386
28.83 5.29526
28.86 5.29667
28.89 5.29809
28.92 5.29952
28.95 5.30095
28.98 5.3024
29.01 5.30385
29.04 5.30532
29.07 5.30679
29.1 5.30828
29.13 5.30977
29.16 5.31128
29.19 5.31279
29.22 5.31431
29.25 5.31584
29.28 5.31738
29.31 5.31893
29.34 5.32049
29.37 5.32206
29.4 5.32363
29.43 5.32522
29.46 5.32681
29.49 5.32842
29.52 5.33003
29.55 5.33165
29.58 5.33328
29.61 5.33492
29.64 5.33656
29.67 5.33822
29.7 5.33988
29.73 5.34155
29.76 5.34323
29.79 5.34491
29.82 5.34661
29.85 5.34831
29.88 5.35002
29.91 5.35174
29.94 5.35346
29.97 5.35519
30 5.35693
30.001 5
