0 0
0.03 -0.246905
0.06 -0.246435
0.09 -0.245964
0.12 -0.245492
0.15 -0.24502
0.18 -0.244547
0.21 -0.244074
0.24 -0.2436
0.27 -0.243126
0.3 -0.242651
0.33 -0.242176
0.36 -0.2417
0.39 -0.241224
0.42 -0.240747
0.45 -0.240269
0.48 -0.239791
0.51 -0.239313
0.54 -0.238834
0.57 -0.238354
0.6 -0.237874
0.63 -0.237393
0.66 -0.236912
0.69 -0.23643
0.72 -0.235948
0.75 -0.235465
0.78 -0.234982
0.81 -0.234498
0.84 -0.234013
0.87 -0.233528
0.9 -0.233043
0.93 -0.232556
0.96 -0.23207
0.99 -0.231582
1.02 -0.231094
1.05 -0.230606
1.08 -0.230117
1.11 -0.229627
1.14 -0.229137
1.17 -0.228647
1.2 -0.228155
1.23 -0.227663
1.26 -0.227171
1.29 -0.226678
1.32 -0.226184
1.35 -0.22569
1.38 -0.225195
1.41 -0.2247
1.44 -0.224204
1.47 -0.223707
1.5 -0.22321
1.53 -0.222712
1.56 -0.222214
1.59 -0.221715
1.62 -0.221215
1.65 -0.220715
1.68 -0.220214
1.71 -0.219713
1.74 -0.219211
1.77 -0.218708
1.8 -0.218205
1.83 -0.217701
1.86 -0.217196
1.89 -0.216691
1.92 -0.216185
1.95 -0.215679
1.98 -0.215172
2.01 -0.214664
2.04 -0.214156
2.07 -0.213647
2.1 -0.213137
2.13 -0.212627
2.16 -0.212116
2.19 -0.211604
2.22 -0.211092
2.25 -0.210579
2.28 -0.210065
2.31 -0.209551
2.34 -0.209036
2.37 -0.208521
2.4 -0.208005
2.43 -0.207488
2.46 -0.20697
2.49 -0.206452
2.52 -0.205933
2.55 -0.205413
2.58 -0.204893
2.61 -0.204372
2.64 -0.20385
2.67 -0.203328
2.7 -0.202805
2.73 -0.202281
2.76 -0.201757
2.79 -0.201231
2.82 -0.200705
2.85 -0.200179
2.88 -0.199651
2.91 -0.199123
2.94 -0.198595
2.97 -0.198065
3 -0.197535
3.03 -0.197004
3.06 -0.196472
3.09 -0.19594
3.12 -0.195407
3.15 -0.194873
3.18 -0.194338
3.21 -0.193802
3.24 -0.193266
3.27 -0.192729
3.3 -0.192192
3.33 -0.191653
3.36 -0.191114
3.39 -0.190574
3.42 -0.190033
3.45 -0.189491
3.48 -0.188949
3.51 -0.188406
3.54 -0.187862
3.57 -0.187317
3.6 -0.186772
3.63 -0.186225
3.66 -0.185678
3.69 -0.18513
3.72 -0.184581
3.75 -0.184032
3.78 -0.183481
3.81 -0.18293
3.84 -0.182378
3.87 -0.181825
3.9 -0.181271
3.93 -0.180716
3.96 -0.180161
3.99 -0.179605
4.02 -0.179048
4.05 -0.17849
4.08 -0.177931
4.11 -0.177371
4.14 -0.17681
4.17 -0.176249
4.2 -0.175686
4.23 -0.175123
4.26 -0.174559
4.29 -0.173994
4.32 -0.173428
4.35 -0.172861
4.38 -0.172293
4.41 -0.171725
4.44 -0.171155
4.47 -0.170585
4.5 -0.170013
4.53 -0.169441
4.56 -0.168867
4.59 -0.168293
4.62 -0.167718
4.65 -0.167142
4.68 -0.166565
4.71 -0.165987
4.74 -0.165408
4.77 -0.164828
4.8 -0.164247
4.83 -0.163665
4.86 -0.163082
4.89 -0.162498
4.92 -0.161913
4.95 -0.161327
4.98 -0.16074
5.01 -0.160152
5.04 -0.159563
5.07 -0.158973
5.1 -0.158382
5.13 -0.15779
5.16 -0.157197
5.19 -0.156603
5.22 -0.156008
5.25 -0.155412
5.28 -0.154814
5.31 -0.154216
5.34 -0.153617
5.37 -0.153016
5.4 -0.152414
5.43 -0.151812
5.46 -0.151208
5.49 -0.150603
5.52 -0.149997
5.55 -0.14939
5.58 -0.148782
5.61 -0.148172
5.64 -0.147562
5.67 -0.14695
5.7 -0.146337
5.73 -0.145723
5.76 -0.145108
5.79 -0.144492
5.82 -0.143875
5.85 -0.143256
5.88 -0.142636
5.91 -0.142015
5.94 -0.141393
5.97 -0.14077
6 -0.140145
6.03 -0.139519
6.06 -0.138892
6.09 -0.138264
6.12 -0.137634
6.15 -0.137003
6.18 -0.136371
6.21 -0.135738
6.24 -0.135103
6.27 -0.134467
6.3 -0.13383
6.33 -0.133192
6.36 -0.132552
6.39 -0.131911
6.42 -0.131269
6.45 -0.130625
6.48 -0.12998
6.51 -0.129334
6.54 -0.128686
6.57 -0.128037
6.6 -0.127386
6.63 -0.126734
6.66 -0.126081
6.69 -0.125427
6.72 -0.124771
6.75 -0.124113
6.78 -0.123455
6.81 -0.122794
6.84 -0.122133
6.87 -0.12147
6.9 -0.120805
6.93 -0.120139
6.96 -0.119472
6.99 -0.118803
7.02 -0.118132
7.05 -0.117461
7.08 -0.116787
7.11 -0.116112
7.14 -0.115436
7.17 -0.114758
7.2 -0.114079
7.23 -0.113398
7.26 -0.112715
7.29 -0.112031
7.32 -0.111345
7.35 -0.110658
7.38 -0.109969
7.41 -0.109279
7.44 -0.108586
7.47 -0.107893
7.5 -0.107197
7.53 -0.1065
7.56 -0.105802
7.59 -0.105101
7.62 -0.104399
7.65 -0.103696
7.68 -0.10299
7.71 -0.102283
7.74 -0.101575
7.77 -0.100864
7.8 -0.100152
7.83 -0.0994379
7.86 -0.0987222
7.89 -0.0980047
7.92 -0.0972854
7.95 -0.0965643
7.98 -0.0958414
8.01 -0.0951167
8.04 -0.0943902
8.07 -0.0936619
8.1 -0.0929317
8.13 -0.0921996
8.16 -0.0914657
8.19 -0.0907299
8.22 -0.0899921
8.25 -0.0892525
8.28 -0.088511
8.31 -0.0877675
8.34 -0.0870221
8.37 -0.0862747
8.4 -0.0855254
8.43 -0.0847741
8.46 -0.0840208
8.49 -0.0832654
8.52 -0.0825081
8.55 -0.0817487
8.58 -0.0809873
8.61 -0.0802238
8.64 -0.0794583
8.67 -0.0786907
8.7 -0.0779209
8.73 -0.0771491
8.76 -0.0763751
8.79 -0.075599
8.82 -0.0748208
8.85 -0.0740403
8.88 -0.0732577
8.91 -0.0724729
8.94 -0.0716859
8.97 -0.0708967
9 -0.0701052
9.03 -0.0693115
9.06 -0.0685155
9.09 -0.0677173
9.12 -0.0669167
9.15 -0.0661138
9.18 -0.0653086
9.21 -0.0645011
9.24 -0.0636912
9.27 -0.0628789
9.3 -0.0620643
9.33 -0.0612472
9.36 -0.0604277
9.39 -0.0596058
9.42 -0.0587814
9.45 -0.0579546
9.48 -0.0571253
9.51 -0.0562935
9.54 -0.0554591
9.57 -0.0546223
9.6 -0.0537829
9.63 -0.0529409
9.66 -0.0520963
9.69 -0.0512492
9.72 -0.0503994
9.75 -0.049547
9.78 -0.0486919
9.81 -0.0478342
9.84 -0.0469738
9.87 -0.0461106
9.9 -0.0452448
9.93 -0.0443762
9.96 -0.0435049
9.99 -0.0426307
10.02 -0.0417538
10.05 -0.0408741
10.08 -0.0399915
10.11 -0.0391061
10.14 -0.0382178
10.17 -0.0373266
10.2 -0.0364326
10.23 -0.0355355
10.26 -0.0346356
10.29 -0.0337326
10.32 -0.0328267
10.35 -0.0319178
10.38 -0.0310058
10.41 -0.0300908
10.44 -0.0291728
10.47 -0.0282516
10.5 -0.0273273
10.53 -0.0263999
10.56 -0.0254694
10.59 -0.0245356
10.62 -0.0235987
10.65 -0.0226586
10.68 -0.0217152
10.71 -0.0207686
10.74 -0.0198187
10.77 -0.0188654
10.8 -0.0179089
10.83 -0.016949
10.86 -0.0159857
10.89 -0.0150191
10.92 -0.014049
10.95 -0.0130755
10.98 -0.0120985
11.01 -0.011118
11.04 -0.0101341
11.07 -0.00914655
11.1 -0.00815548
11.13 -0.00716083
11.16 -0.00616258
11.19 -0.00516069
11.22 -0.00415515
11.25 -0.00314593
11.28 -0.002133
11.31 -0.00111634
11.34 -9.59301e-05
11.37 0.000928265
11.4 0.00195627
11.43 0.0029881
11.46 0.0040238
11.49 0.00506338
11.52 0.00610687
11.55 0.0071543
11.58 0.00820569
11.61 0.00926108
11.64 0.0103205
11.67 0.0113839
11.7 0.0124515
11.73 0.0135231
11.76 0.0145989
11.79 0.0156788
11.82 0.0167629
11.85 0.0178512
11.88 0.0189438
11.91 0.0200407
11.94 0.0211418
11.97 0.0222473
12 0.0233571
12.03 0.0244714
12.06 0.02559
12.09 0.0267131
12.12 0.0278407
12.15 0.0289728
12.18 0.0301095
12.21 0.0312507
12.24 0.0323966
12.27 0.0335471
12.3 0.0347022
12.33 0.0358621
12.36 0.0370266
12.39 0.038196
12.42 0.0393702
12.45 0.0405492
12.48 0.041733
12.51 0.0429218
12.54 0.0441155
12.57 0.0453141
12.6 0.0465178
12.63 0.0477265
12.66 0.0489403
12.69 0.0501591
12.72 0.0513832
12.75 0.0526124
12.78 0.0538468
12.81 0.0550864
12.84 0.0563314
12.87 0.0575816
12.9 0.0588373
12.93 0.0600983
12.96 0.0613647
12.99 0.0626366
13.02 0.0639141
13.05 0.065197
13.08 0.0664856
13.11 0.0677797
13.14 0.0690796
13.17 0.0703851
13.2 0.0716964
13.23 0.0730134
13.26 0.0743363
13.29 0.075665
13.32 0.0769996
13.35 0.0783401
13.38 0.0796867
13.41 0.0810392
13.44 0.0823978
13.47 0.0837626
13.5 0.0851334
13.53 0.0865105
13.56 0.0878937
13.59 0.0892833
13.62 0.0906791
13.65 0.0920814
13.68 0.09349
13.71 0.0949051
13.74 0.0963266
13.77 0.0977547
13.8 0.0991894
13.83 0.100631
13.86 0.102079
13.89 0.103533
13.92 0.104995
13.95 0.106463
13.98 0.107938
14.01 0.10942
14.04 0.110909
14.07 0.112405
14.1 0.113908
14.13 0.115418
14.16 0.116935
14.19 0.11846
14.22 0.119992
14.25 0.12153
14.28 0.123077
14.31 0.12463
14.34 0.126192
14.37 0.12776
14.4 0.129336
14.43 0.13092
14.46 0.132511
14.49 0.134111
14.52 0.135717
14.55 0.137332
14.58 0.138954
14.61 0.140585
14.64 0.142223
14.67 0.143869
14.7 0.145524
14.73 0.147186
14.76 0.148857
14.79 0.150536
14.82 0.152223
14.85 0.153919
14.88 0.155623
14.91 0.157335
14.94 0.159056
14.97 0.160786
15 0.162524
15.03 0.164271
15.06 0.166026
15.09 0.167791
15.12 0.169564
15.15 0.171346
15.18 0.173137
15.21 0.174937
15.24 0.176746
15.27 0.178565
15.3 0.180392
15.33 0.182229
15.36 0.184075
15.39 0.185931
15.42 0.187796
15.45 0.189671
15.48 0.191555
15.51 0.193449
15.54 0.195352
15.57 0.197266
15.6 0.199189
15.63 0.201122
15.66 0.203065
15.69 0.205018
15.72 0.206981
15.75 0.208955
15.78 0.210938
15.81 0.212932
15.84 0.214937
15.87 0.216951
15.9 0.218976
15.93 0.221012
15.96 0.223059
15.99 0.225116
16.02 0.227184
16.05 0.229262
16.08 0.231352
16.11 0.233453
16.14 0.235564
16.17 0.237687
16.2 0.239821
16.23 0.241966
16.26 0.244123
16.29 0.246291
16.32 0.24847
16.35 0.250661
16.38 0.252863
16.41 0.255078
16.44 0.257304
16.47 0.259541
16.5 0.261791
16.53 0.264053
16.56 0.266327
16.59 0.268613
16.62 0.270911
16.65 0.273221
16.68 0.275544
16.71 0.277879
16.74 0.280226
16.77 0.282587
16.8 0.284959
16.83 0.287345
16.86 0.289743
16.89 0.292154
16.92 0.294579
16.95 0.297016
16.98 0.299466
17.01 0.301929
17.04 0.304406
17.07 0.306896
17.1 0.3094
17.13 0.311916
17.16 0.314447
17.19 0.316991
17.22 0.319549
17.25 0.322121
17.28 0.324706
17.31 0.327305
17.34 0.329919
17.37 0.332546
17.4 0.335188
17.43 0.337844
17.46 0.340515
17.49 0.343199
17.52 0.345899
17.55 0.348612
17.58 0.351341
17.61 0.354084
17.64 0.356842
17.67 0.359615
17.7 0.362403
17.73 0.365206
17.76 0.368024
17.79 0.370857
17.82 0.373705
17.85 0.376569
17.88 0.379449
17.91 0.382343
17.94 0.385254
17.97 0.38818
18 0.391122
18.03 0.394079
18.06 0.397053
18.09 0.400042
18.12 0.403048
18.15 0.406069
18.18 0.409107
18.21 0.412161
18.24 0.415232
18.27 0.418319
18.3 0.421422
18.33 0.424542
18.36 0.427679
18.39 0.430832
18.42 0.434003
18.45 0.43719
18.48 0.440394
18.51 0.443615
18.54 0.446853
18.57 0.450108
18.6 0.453381
18.63 0.456671
18.66 0.459978
18.69 0.463303
18.72 0.466645
18.75 0.470005
18.78 0.473382
18.81 0.476778
18.84 0.480191
18.87 0.483621
18.9 0.48707
18.93 0.490537
18.96 0.494022
18.99 0.497525
19.02 0.501046
19.05 0.504586
19.08 0.508143
19.11 0.51172
19.14 0.515314
19.17 0.518927
19.2 0.522559
19.23 0.526209
19.26 0.529878
19.29 0.533566
19.32 0.537272
19.35 0.540998
19.38 0.544742
19.41 0.548505
19.44 0.552287
19.47 0.556088
19.5 0.559909
19.53 0.563748
19.56 0.567607
19.59 0.571485
19.62 0.575382
19.65 0.579299
19.68 0.583235
19.71 0.58719
19.74 0.591165
19.77 0.59516
19.8 0.599174
19.83 0.603207
19.86 0.607261
19.89 0.611334
19.92 0.615426
19.95 0.619539
19.98 0.623671
20.01 0.627823
20.04 0.631995
20.07 0.636187
20.1 0.640398
20.13 0.64463
20.16 0.648881
20.19 0.653153
20.22 0.657444
20.25 0.661756
20.28 0.666088
20.31 0.670439
20.34 0.674811
20.37 0.679203
20.4 0.683615
20.43 0.688047
20.46 0.6925
20.49 0.696972
20.52 0.701465
20.55 0.705978
20.58 0.710511
20.61 0.715064
20.64 0.719637
20.67 0.724231
20.7 0.728845
20.73 0.733479
20.76 0.738133
20.79 0.742808
20.82 0.747503
20.85 0.752218
20.88 0.756953
20.91 0.761708
20.94 0.766484
20.97 0.771279
21 0.776095
21.03 0.780932
21.06 0.785788
21.09 0.790664
21.12 0.795561
21.15 0.800478
21.18 0.805414
21.21 0.810371
21.24 0.815348
21.27 0.820345
21.3 0.825362
21.33 0.8304
21.36 0.835457
21.39 0.840534
21.42 0.845631
21.45 0.850748
21.48 0.855885
21.51 0.861042
21.54 0.866218
21.57 0.871415
21.6 0.876631
21.63 0.881868
21.66 0.887123
21.69 0.892399
21.72 0.897695
21.75 0.90301
21.78 0.908345
21.81 0.913699
21.84 0.919073
21.87 0.924467
21.9 0.92988
21.93 0.935313
21.96 0.940766
21.99 0.946238
22.02 0.951729
22.05 0.95724
22.08 0.962771
22.11 0.968321
22.14 0.97389
22.17 0.979479
22.2 0.985087
22.23 0.990715
22.26 0.996362
22.29 1.00203
22.32 1.00771
22.35 1.01342
22.38 1.01914
22.41 1.02489
22.44 1.03065
22.47 1.03643
22.5 1.04223
22.53 1.04806
22.56 1.0539
22.59 1.05976
22.62 1.06564
22.65 1.07154
22.68 1.07745
22.71 1.08339
22.74 1.08935
22.77 1.09533
22.8 1.10132
22.83 1.10734
22.86 1.11338
22.89 1.11943
22.92 1.12551
22.95 1.1316
22.98 1.13772
23.01 1.14385
23.04 1.15001
23.07 1.15619
23.1 1.16238
23.13 1.1686
23.16 1.17483
23.19 1.18109
23.22 1.18737
23.25 1.19367
23.28 1.19999
23.31 1.20633
23.34 1.21269
23.37 1.21908
23.4 1.22548
23.43 1.23191
23.46 1.23836
23.49 1.24483
23.52 1.25132
23.55 1.25784
23.58 1.26437
23.61 1.27093
23.64 1.27752
23.67 1.28413
23.7 1.29076
23.73 1.29741
23.76 1.30409
23.79 1.31079
23.82 1.31752
23.85 1.32427
23.88 1.33105
23.91 1.33785
23.94 1.34468
23.97 1.35153
24 1.35841
24.03 1.36532
24.06 1.37226
24.09 1.37922
24.12 1.38621
24.15 1.39323
24.18 1.40027
24.21 1.40735
24.24 1.41446
24.27 1.42159
24.3 1.42876
24.33 1.43596
24.36 1.44319
24.39 1.45045
24.42 1.45774
24.45 1.46506
24.48 1.47242
24.51 1.47982
24.54 1.48724
24.57 1.49471
24.6 1.50221
24.63 1.50974
24.66 1.51731
24.69 1.52492
24.72 1.53257
24.75 1.54025
24.78 1.54798
24.81 1.55575
24.84 1.56355
24.87 1.5714
24.9 1.57929
24.93 1.58722
24.96 1.5952
24.99 1.60322
25.02 1.61128
25.05 1.6194
25.08 1.62755
25.11 1.63576
25.14 1.64401
25.17 1.65232
25.2 1.66067
25.23 1.66907
25.26 1.67753
25.29 1.68604
25.32 1.6946
25.35 1.70321
25.38 1.71188
25.41 1.72061
25.44 1.72939
25.47 1.73823
25.5 1.74713
25.53 1.75609
25.56 1.76511
25.59 1.77419
25.62 1.78333
25.65 1.79254
25.68 1.80181
25.71 1.81114
25.74 1.82054
25.77 1.83001
25.8 1.83954
25.83 1.84915
25.86 1.85882
25.89 1.86857
25.92 1.87838
25.95 1.88827
25.98 1.89823
26.01 1.90827
26.04 1.91838
26.07 1.92856
26.1 1.93883
26.13 1.94917
26.16 1.95959
26.19 1.97008
26.22 1.98066
26.25 1.99132
26.28 2.00206
26.31 2.01288
26.34 2.02379
26.37 2.03478
26.4 2.04585
26.43 2.05701
26.46 2.06825
26.49 2.07958
26.52 2.09099
26.55 2.1025
26.58 2.11408
26.61 2.12576
26.64 2.13752
26.67 2.14937
26.7 2.16131
26.73 2.17334
26.76 2.18545
26.79 2.19765
26.82 2.20995
26.85 2.22232
26.88 2.23479
26.91 2.24734
26.94 2.25999
26.97 2.27271
27 2.28553
27.03 2.29843
27.06 2.31141
27.09 2.32448
27.12 2.33763
27.15 2.35086
27.18 2.36418
27.21 2.37757
27.24 2.39105
27.27 2.4046
27.3 2.41823
27.33 2.43193
27.36 2.4457
27.39 2.45955
27.42 2.47346
27.45 2.48745
27.48 2.50149
27.51 2.51561
27.54 2.52978
27.57 2.54401
27.6 2.55829
27.63 2.57263
27.66 2.58702
27.69 2.60146
27.72 2.61594
27.75 2.63047
27.78 2.64503
27.81 2.65963
27.84 2.67426
27.87 2.68892
27.9 2.7036
27.93 2.71831
27.96 2.73303
27.99 2.74777
28.02 2.76252
28.05 2.77727
28.08 2.79203
28.11 2.80679
28.14 2.82154
28.17 2.83628
28.2 2.851
28.23 2.86571
28.26 2.88039
28.29 2.89505
28.32 2.90968
28.35 2.92427
28.38 2.93882
28.41 2.95333
28.44 2.96779
28.47 2.9822
28.5 2.99655
28.53 3.01084
28.56 3.02507
28.59 3.03922
28.62 3.0533
28.65 3.0673
28.68 3.08123
28.71 3.09506
28.74 3.10881
28.77 3.12246
28.8 3.13602
28.83 3.14948
28.86 3.16283
28.89 3.17607
28.92 3.18921
28.95 3.20223
28.98 3.21513
29.01 3.22791
29.04 3.24057
29.07 3.25311
29.1 3.26551
29.13 3.27779
29.16 3.28993
29.19 3.30194
29.22 3.31381
29.25 3.32554
29.28 3.33713
29.31 3.34858
29.34 3.35988
29.37 3.37104
29.4 3.38205
29.43 3.39292
29.46 3.40363
29.49 3.4142
29.52 3.42461
29.55 3.43488
29.58 3.44499
29.61 3.45495
29.64 3.46476
29.67 3.47442
29.7 3.48392
29.73 3.49327
29.76 3.50247
29.79 3.51152
29.82 3.52042
29.85 3.52917
29.88 3.53776
29.91 3.54621
29.94 3.55451
29.97 3.56266
30 3.57066
30.001 0
