0 5
0.03 5.03355
0.06 5.0336
0.09 5.03365
0.12 5.03371
0.15 5.03376
0.18 5.03381
0.21 5.03387
0.24 5.03392
0.27 5.03397
0.3 5.03403
0.33 5.03408
0.36 5.03413
0.39 5.03419
0.42 5.03424
0.45 5.03429
0.48 5.03435
0.51 5.0344
0.54 5.03446
0.57 5.03451
0.6 5.03456
0.63 5.03462
0.66 5.03467
0.69 5.03473
0.72 5.03478
0.75 5.03484
0.78 5.03489
0.81 5.03494
0.84 5.035
0.87 5.03505
0.9 5.03511
0.93 5.03516
0.96 5.03522
0.99 5.03527
1.02 5.03533
1.05 5.03538
1.08 5.03544
1.11 5.03549
1.14 5.03555
1.17 5.0356
1.2 5.03566
1.23 5.03571
1.26 5.03577
1.29 5.03582
1.32 5.03588
1.35 5.03593
1.38 5.03599
1.41 5.03604
1.44 5.0361
1.47 5.03615
1.5 5.03621
1.53 5.03627
1.56 5.03632
1.59 5.03638
1.62 5.03643
1.65 5.03649
1.68 5.03655
1.71 5.0366
1.74 5.03666
1.77 5.03671
1.8 5.03677
1.83 5.03683
1.86 5.03688
1.89 5.03694
1.92 5.037
1.95 5.03705
1.98 5.03711
2.01 5.03717
2.04 5.03722
2.07 5.03728
2.1 5.03734
2.13 5.03739
2.16 5.03745
2.19 5.03751
2.22 5.03756
2.25 5.03762
2.28 5.03768
2.31 5.03774
2.34 5.03779
2.37 5.03785
2.4 5.03791
2.43 5.03797
2.46 5.03802
2.49 5.03808
2.52 5.03814
2.55 5.0382
2.58 5.03826
2.61 5.03831
2.64 5.03837
2.67 5.03843
2.7 5.03849
2.73 5.03855
2.76 5.0386
2.79 5.03866
2.82 5.03872
2.85 5.03878
2.88 5.03884
2.91 5.0389
2.94 5.03896
2.97 5.03901
3 5.03907
3.03 5.03913
3.06 5.03919
3.09 5.03925
3.12 5.03931
3.15 5.03937
3.18 5.03943
3.21 5.03949
3.24 5.03955
3.27 5.03961
3.3 5.03967
3.33 5.03973
3.36 5.03979
3.39 5.03985
3.42 5.03991
3.45 5.03997
3.48 5.04003
3.51 5.04009
3.54 5.04015
3.57 5.04021
3.6 5.04027
3.63 5.04033
3.66 5.04039
3.69 5.04045
3.72 5.04051
3.75 5.04057
3.78 5.04063
3.81 5.04069
3.84 5.04075
3.87 5.04081
3.9 5.04088
3.93 5.04094
3.96 5.041
3.99 5.04106
4.02 5.04112
4.05 5.04118
4.08 5.04125
4.11 5.04131
4.14 5.04137
4.17 5.04143
4.2 5.04149
4.23 5.04156
4.26 5.04162
4.29 5.04168
4.32 5.04174
4.35 5.04181
4.38 5.04187
4.41 5.04193
4.44 5.04199
4.47 5.04206
4.5 5.04212
4.53 5.04218
4.56 5.04225
4.59 5.04231
4.62 5.04237
4.65 5.04244
4.68 5.0425
4.71 5.04256
4.74 5.04263
4.77 5.04269
4.8 5.04275
4.83 5.04282
4.86 5.04288
4.89 5.04295
4.92 5.04301
4.95 5.04308
4.98 5.04314
5.01 5.04321
5.04 5.04327
5.07 5.04334
5.1 5.0434
5.13 5.04347
5.16 5.04353
5.19 5.0436
5.22 5.04366
5.25 5.04373
5.28 5.04379
5.31 5.04386
5.34 5.04392
5.37 5.04399
5.4 5.04406
5.43 5.04412
5.46 5.04419
5.49 5.04426
5.52 5.04432
5.55 5.04439
5.58 5.04446
5.61 5.04452
5.64 5.04459
5.67 5.04466
5.7 5.04472
5.73 5.04479
5.76 5.04486
5.79 5.04493
5.82 5.04499
5.85 5.04506
5.88 5.04513
5.91 5.0452
5.94 5.04527
5.97 5.04533
6 5.0454
6.03 5.04547
6.06 5.04554
6.09 5.04561
6.12 5.04568
6.15 5.04575
6.18 5.04582
6.21 5.04589
6.24 5.04595
6.27 5.04602
6.3 5.04609
6.33 5.04616
6.36 5.04623
6.39 5.0463
6.42 5.04637
6.45 5.04644
6.48 5.04652
6.51 5.04659
6.54 5.04666
6.57 5.04673
6.6 5.0468
6.63 5.04687
6.66 5.04694
6.69 5.04701
6.72 5.04709
6.75 5.04716
6.78 5.04723
6.81 5.0473
6.84 5.04737
6.87 5.04745
6.9 5.04752
6.93 5.04759
6.96 5.04766
6.99 5.04774
7.02 5.04781
7.05 5.04788
7.08 5.04796
7.11 5.04803
7.14 5.0481
7.17 5.04818
7.2 5.04825
7.23 5.04833
7.26 5.0484
7.29 5.04848
7.32 5.04855
7.35 5.04863
7.38 5.0487
7.41 5.04878
7.44 5.04885
7.47 5.04893
7.5 5.049
7.53 5.04908
7.56 5.04916
7.59 5.04923
7.62 5.04931
7.65 5.04939
7.68 5.04946
7.71 5.04954
7.74 5.04962
7.77 5.04969
7.8 5.04977
7.83 5.04985
7.86 5.04993
7.89 5.05001
7.92 5.05008
7.95 5.05016
7.98 5.05024
8.01 5.05032
8.04 5.0504
8.07 5.05048
8.1 5.05056
8.13 5.05064
8.16 5.05072
8.19 5.0508
8.22 5.05088
8.25 5.05096
8.28 5.05104
8.31 5.05112
8.34 5.0512
8.37 5.05128
8.4 5.05137
8.43 5.05145
8.46 5.05153
8.49 5.05161
8.52 5.05169
8.55 5.05178
8.58 5.05186
8.61 5.05194
8.64 5.05203
8.67 5.05211
8.7 5.05219
8.73 5.05228
8.76 5.05236
8.79 5.05245
8.82 5.05253
8.85 5.05262
8.88 5.0527
8.91 5.05279
8.94 5.05287
8.97 5.05296
9 5.05304
9.03 5.05313
9.06 5.05322
9.09 5.0533
9.12 5.05339
9.15 5.05348
9.18 5.05356
9.21 5.05365
9.24 5.05374
9.27 5.05383
9.3 5.05392
9.33 5.05401
9.36 5.0541
9.39 5.05419
9.42 5.05427
9.45 5.05436
9.48 5.05445
9.51 5.05455
9.54 5.05464
9.57 5.05473
9.6 5.05482
9.63 5.05491
9.66 5.055
9.69 5.05509
9.72 5.05519
9.75 5.05528
9.78 5.05537
9.81 5.05547
9.84 5.05556
9.87 5.05565
9.9 5.05575
9.93 5.05584
9.96 5.05594
9.99 5.05603
10.02 5.05613
10.05 5.05622
10.08 5.05632
10.11 5.05641
10.14 5.05651
10.17 5.05661
10.2 5.05671
10.23 5.0568
10.26 5.0569
10.29 5.057
10.32 5.0571
10.35 5.0572
10.38 5.0573
10.41 5.05739
10.44 5.05749
10.47 5.0576
10.5 5.0577
10.53 5.0578
10.56 5.0579
10.59 5.058
10.62 5.0581
10.65 5.0582
10.68 5.05831
10.71 5.05841
10.74 5.05851
10.77 5.05862
10.8 5.05872
10.83 5.05883
10.86 5.05893
10.89 5.05904
10.92 5.05914
10.95 5.05925
10.98 5.05935
11.01 5.05946
11.04 5.05957
11.07 5.05967
11.1 5.05978
11.13 5.05989
11.16 5.06
11.19 5.06011
11.22 5.06022
11.25 5.06033
11.28 5.06044
11.31 5.06055
11.34 5.06066
11.37 5.06077
11.4 5.06088
11.43 5.061
11.46 5.06111
11.49 5.06122
11.52 5.06134
11.55 5.06145
11.58 5.06157
11.61 5.06168
11.64 5.0618
11.67 5.06191
11.7 5.06203
11.73 5.06215
11.76 5.06226
11.79 5.06238
11.82 5.0625
11.85 5.06262
11.88 5.06274
11.91 5.06286
11.94 5.06298
11.97 5.0631
12 5.06322
12.03 5.06334
12.06 5.06346
12.09 5.06359
12.12 5.06371
12.15 5.06383
12.18 5.06396
12.21 5.06408
12.24 5.06421
12.27 5.06433
12.3 5.06446
12.33 5.06459
12.36 5.06472
12.39 5.06484
12.42 5.06497
12.45 5.0651
12.48 5.06523
12.51 5.06536
12.54 5.06549
12.57 5.06562
12.6 5.06576
12.63 5.06589
12.66 5.06602
12.69 5.06615
12.72 5.06629
12.75 5.06642
12.78 5.06656
12.81 5.0667
12.84 5.06683
12.87 5.06697
12.9 5.06711
12.93 5.06725
12.96 5.06739
12.99 5.06752
13.02 5.06767
13.05 5.06781
13.08 5.06795
13.11 5.06809
13.14 5.06823
13.17 5.06838
13.2 5.06852
13.23 5.06867
13.26 5.06881
13.29 5.06896
13.32 5.06911
13.35 5.06925
13.38 5.0694
13.41 5.06955
13.44 5.0697
13.47 5.06985
13.5 5.07
13.53 5.07016
13.56 5.07031
13.59 5.07046
13.62 5.07062
13.65 5.07077
13.68 5.07093
13.71 5.07108
13.74 5.07124
13.77 5.0714
13.8 5.07156
13.83 5.07172
13.86 5.07188
13.89 5.07204
13.92 5.0722
13.95 5.07236
13.98 5.07253
14.01 5.07269
14.04 5.07286
14.07 5.07302
14.1 5.07319
14.13 5.07336
14.16 5.07353
14.19 5.0737
14.22 5.07387
14.25 5.07404
14.28 5.07421
14.31 5.07438
14.34 5.07456
14.37 5.07473
14.4 5.07491
14.43 5.07508
14.46 5.07526
14.49 5.07544
14.52 5.07562
14.55 5.0758
14.58 5.07598
14.61 5.07616
14.64 5.07635
14.67 5.07653
14.7 5.07672
14.73 5.0769
14.76 5.07709
14.79 5.07728
14.82 5.07747
14.85 5.07766
14.88 5.07785
14.91 5.07804
14.94 5.07823
14.97 5.07843
15 5.07862
15.03 5.07882
15.06 5.07902
15.09 5.07922
15.12 5.07942
15.15 5.07962
15.18 5.07982
15.21 5.08002
15.24 5.08023
15.27 5.08043
15.3 5.08064
15.33 5.08085
15.36 5.08106
15.39 5.08127
15.42 5.08148
15.45 5.08169
15.48 5.0819
15.51 5.08212
15.54 5.08233
15.57 5.08255
15.6 5.08277
15.63 5.08299
15.66 5.08321
15.69 5.08343
15.72 5.08366
15.75 5.08388
15.78 5.08411
15.81 5.08434
15.84 5.08456
15.87 5.08479
15.9 5.08503
15.93 5.08526
15.96 5.08549
15.99 5.08573
16.02 5.08597
16.05 5.0862
16.08 5.08644
16.11 5.08669
16.14 5.08693
16.17 5.08717
16.2 5.08742
16.23 5.08767
16.26 5.08791
16.29 5.08816
16.32 5.08842
16.35 5.08867
16.38 5.08892
16.41 5.08918
16.44 5.08944
16.47 5.0897
16.5 5.08996
16.53 5.09022
16.56 5.09048
16.59 5.09075
16.62 5.09102
16.65 5.09129
16.68 5.09156
16.71 5.09183
16.74 5.0921
16.77 5.09238
16.8 5.09265
16.83 5.09293
16.86 5.09321
16.89 5.0935
16.92 5.09378
16.95 5.09407
16.98 5.09435
17.01 5.09464
17.04 5.09494
17.07 5.09523
17.1 5.09552
17.13 5.09582
17.16 5.09612
17.19 5.09642
17.22 5.09672
17.25 5.09703
17.28 5.09733
17.31 5.09764
17.34 5.09795
17.37 5.09826
17.4 5.09858
17.43 5.09889
17.46 5.09921
17.49 5.09953
17.52 5.09985
17.55 5.10018
17.58 5.10051
17.61 5.10083
17.64 5.10116
17.67 5.1015
17.7 5.10183
17.73 5.10217
17.76 5.10251
17.79 5.10285
17.82 5.10319
17.85 5.10354
17.88 5.10389
17.91 5.10424
17.94 5.10459
17.97 5.10495
18 5.1053
18.03 5.10566
18.06 5.10602
18.09 5.10639
18.12 5.10676
18.15 5.10712
18.18 5.1075
18.21 5.10787
18.24 5.10825
18.27 5.10862
18.3 5.10901
18.33 5.10939
18.36 5.10978
18.39 5.11016
18.42 5.11056
18.45 5.11095
18.48 5.11135
18.51 5.11175
18.54 5.11215
18.57 5.11255
18.6 5.11296
18.63 5.11337
18.66 5.11378
18.69 5.1142
18.72 5.11461
18.75 5.11504
18.78 5.11546
18.81 5.11588
18.84 5.11631
18.87 5.11675
18.9 5.11718
18.93 5.11762
18.96 5.11806
18.99 5.1185
19.02 5.11895
19.05 5.1194
19.08 5.11985
19.11 5.1203
19.14 5.12076
19.17 5.12122
19.2 5.12169
19.23 5.12216
19.26 5.12263
19.29 5.1231
19.32 5.12358
19.35 5.12406
19.38 5.12454
19.41 5.12503
19.44 5.12551
19.47 5.12601
19.5 5.1265
19.53 5.127
19.56 5.1275
19.59 5.12801
19.62 5.12852
19.65 5.12903
19.68 5.12955
19.71 5.13007
19.74 5.13059
19.77 5.13111
19.8 5.13164
19.83 5.13217
19.86 5.13271
19.89 5.13325
19.92 5.13379
19.95 5.13434
19.98 5.13489
20.01 5.13544
20.04 5.136
20.07 5.13656
20.1 5.13713
20.13 5.13769
20.16 5.13827
20.19 5.13884
20.22 5.13942
20.25 5.14
20.28 5.14059
20.31 5.14118
20.34 5.14177
20.37 5.14237
20.4 5.14297
20.43 5.14358
20.46 5.14419
20.49 5.1448
20.52 5.14541
20.55 5.14604
20.58 5.14666
20.61 5.14729
20.64 5.14792
20.67 5.14856
20.7 5.1492
20.73 5.14984
20.76 5.15049
20.79 5.15114
20.82 5.1518
20.85 5.15246
20.88 5.15312
20.91 5.15379
20.94 5.15446
20.97 5.15514
21 5.15582
21.03 5.1565
21.06 5.15719
21.09 5.15788
21.12 5.15858
21.15 5.15928
21.18 5.15998
21.21 5.16069
21.24 5.16141
21.27 5.16212
21.3 5.16285
21.33 5.16357
21.36 5.1643
21.39 5.16504
21.42 5.16578
21.45 5.16652
21.48 5.16727
21.51 5.16802
21.54 5.16877
21.57 5.16953
21.6 5.1703
21.63 5.17107
21.66 5.17184
21.69 5.17262
21.72 5.1734
21.75 5.17418
21.78 5.17497
21.81 5.17577
21.84 5.17657
21.87 5.17737
21.9 5.17818
21.93 5.17899
21.96 5.17981
21.99 5.18063
22.02 5.18145
22.05 5.18228
22.08 5.18312
22.11 5.18395
22.14 5.1848
22.17 5.18564
22.2 5.1865
22.23 5.18735
22.26 5.18821
22.29 5.18908
22.32 5.18995
22.35 5.19082
22.38 5.1917
22.41 5.19258
22.44 5.19347
22.47 5.19436
22.5 5.19526
22.53 5.19616
22.56 5.19706
22.59 5.19797
22.62 5.19889
22.65 5.19981
22.68 5.20073
22.71 5.20166
22.74 5.20259
22.77 5.20353
22.8 5.20447
22.83 5.20542
22.86 5.20637
22.89 5.20732
22.92 5.20828
22.95 5.20925
22.98 5.21022
23.01 5.21119
23.04 5.21217
23.07 5.21315
23.1 5.21414
23.13 5.21513
23.16 5.21613
23.19 5.21713
23.22 5.21814
23.25 5.21915
23.28 5.22016
23.31 5.22118
23.34 5.22221
23.37 5.22324
23.4 5.22427
23.43 5.22531
23.46 5.22636
23.49 5.22741
23.52 5.22846
23.55 5.22952
23.58 5.23059
23.61 5.23166
23.64 5.23273
23.67 5.23381
23.7 5.2349
23.73 5.23599
23.76 5.23708
23.79 5.23818
23.82 5.23929
23.85 5.2404
23.88 5.24151
23.91 5.24263
23.94 5.24376
23.97 5.24489
24 5.24603
24.03 5.24717
24.06 5.24832
24.09 5.24948
24.12 5.25064
24.15 5.2518
24.18 5.25297
24.21 5.25415
24.24 5.25533
24.27 5.25652
24.3 5.25772
24.33 5.25892
24.36 5.26013
24.39 5.26134
24.42 5.26256
24.45 5.26379
24.48 5.26502
24.51 5.26626
24.54 5.26751
24.57 5.26876
24.6 5.27002
24.63 5.27129
24.66 5.27256
24.69 5.27384
24.72 5.27513
24.75 5.27643
24.78 5.27773
24.81 5.27904
24.84 5.28036
24.87 5.28169
24.9 5.28302
24.93 5.28436
24.96 5.28571
24.99 5.28707
25.02 5.28844
25.05 5.28981
25.08 5.2912
25.11 5.29259
25.14 5.29399
25.17 5.2954
25.2 5.29682
25.23 5.29825
25.26 5.29969
25.29 5.30113
25.32 5.30259
25.35 5.30406
25.38 5.30554
25.41 5.30702
25.44 5.30852
25.47 5.31003
25.5 5.31155
25.53 5.31308
25.56 5.31462
25.59 5.31617
25.62 5.31773
25.65 5.3193
25.68 5.32089
25.71 5.32248
25.74 5.32409
25.77 5.32571
25.8 5.32735
25.83 5.32899
25.86 5.33065
25.89 5.33232
25.92 5.334
25.95 5.3357
25.98 5.33741
26.01 5.33913
26.04 5.34087
26.07 5.34262
26.1 5.34438
26.13 5.34616
26.16 5.34795
26.19 5.34975
26.22 5.35157
26.25 5.35341
26.28 5.35526
26.31 5.35712
26.34 5.359
26.37 5.36089
26.4 5.36279
26.43 5.36472
26.46 5.36665
26.49 5.36861
26.52 5.37057
26.55 5.37256
26.58 5.37455
26.61 5.37657
26.64 5.3786
26.67 5.38064
26.7 5.3827
26.73 5.38477
26.76 5.38687
26.79 5.38897
26.82 5.39109
26.85 5.39323
26.88 5.39538
26.91 5.39754
26.94 5.39973
26.97 5.40192
27 5.40413
27.03 5.40636
27.06 5.4086
27.09 5.41085
27.12 5.41312
27.15 5.4154
27.18 5.41769
27.21 5.42
27.24 5.42232
27.27 5.42465
27.3 5.427
27.33 5.42936
27.36 5.43172
27.39 5.43411
27.42 5.4365
27.45 5.4389
27.48 5.44131
27.51 5.44373
27.54 5.44616
27.57 5.4486
27.6 5.45104
27.63 5.4535
27.66 5.45596
27.69 5.45842
27.72 5.4609
27.75 5.46337
27.78 5.46585
27.81 5.46834
27.84 5.47083
27.87 5.47332
27.9 5.47581
27.93 5.47831
27.96 5.4808
27.99 5.48329
28.02 5.48579
28.05 5.48828
28.08 5.49076
28.11 5.49325
28.14 5.49573
28.17 5.49821
28.2 5.50067
28.23 5.50314
28.26 5.50559
28.29 5.50804
28.32 5.51048
28.35 5.51291
28.38 5.51533
28.41 5.51774
28.44 5.52014
28.47 5.52252
28.5 5.52489
28.53 5.52725
28.56 5.52959
28.59 5.53192
28.62 5.53423
28.65 5.53652
28.68 5.5388
28.71 5.54106
28.74 5.5433
28.77 5.54552
28.8 5.54773
28.83 5.54991
28.86 5.55207
28.89 5.55421
28.92 5.55633
28.95 5.55843
28.98 5.56051
29.01 5.56256
29.04 5.56459
29.07 5.5666
29.1 5.56858
29.13 5.57054
29.16 5.57247
29.19 5.57438
29.22 5.57627
29.25 5.57813
29.28 5.57997
29.31 5.58178
29.34 5.58356
29.37 5.58532
29.4 5.58706
29.43 5.58877
29.46 5.59045
29.49 5.59211
29.52 5.59374
29.55 5.59535
29.58 5.59693
29.61 5.59849
29.64 5.60002
29.67 5.60153
29.7 5.60301
29.73 5.60446
29.76 5.60589
29.79 5.6073
29.82 5.60868
29.85 5.61004
29.88 5.61138
29.91 5.61269
29.94 5.61397
29.97 5.61524
30 5.61648
30.001 5
