0 -10
0.03 -8.9191
0.06 -8.91898
0.09 -8.91886
0.12 -8.91874
0.15 -8.91863
0.18 -8.91851
0.21 -8.91839
0.24 -8.91827
0.27 -8.91816
0.3 -8.91804
0.33 -8.91792
0.36 -8.9178
0.39 -8.91768
0.42 -8.91757
0.45 -8.91745
0.48 -8.91733
0.51 -8.91721
0.54 -8.91709
0.57 -8.91697
0.6 -8.91685
0.63 -8.91673
0.66 -8.91661
0.69 -8.9165
0.72 -8.91638
0.75 -8.91626
0.78 -8.91614
0.81 -8.91602
0.84 -8.9159
0.87 -8.91578
0.9 -8.91566
0.93 -8.91554
0.96 -8.91542
0.99 -8.9153
1.02 -8.91518
1.05 -8.91506
1.08 -8.91494
1.11 -8.91481
1.14 -8.91469
1.17 -8.91457
1.2 -8.91445
1.23 -8.91433
1.26 -8.91421
1.29 -8.91409
1.32 -8.91397
1.35 -8.91385
1.38 -8.91372
1.41 -8.9136
1.44 -8.91348
1.47 -8.91336
1.5 -8.91324
1.53 -8.91311
1.56 -8.91299
1.59 -8.91287
1.62 -8.91275
1.65 -8.91262
1.68 -8.9125
1.71 -8.91238
1.74 -8.91226
1.77 -8.91213
1.8 -8.91201
1.83 -8.91189
1.86 -8.91176
1.89 -8.91164
1.92 -8.91151
1.95 -8.91139
1.98 -8.91127
2.01 -8.91114
2.04 -8.91102
2.07 -8.91089
2.1 -8.91077
2.13 -8.91065
2.16 -8.91052
2.19 -8.9104
2.22 -8.91027
2.25 -8.91015
2.28 -8.91002
2.31 -8.9099
2.34 -8.90977
2.37 -8.90965
2.4 -8.90952
2.43 -8.90939
2.46 -8.90927
2.49 -8.90914
2.52 -8.90902
2.55 -8.90889
2.58 -8.90876
2.61 -8.90864
2.64 -8.90851
2.67 -8.90838
2.7 -8.90826
2.73 -8.90813
2.76 -8.908
2.79 -8.90787
2.82 -8.90775
2.85 -8.90762
2.88 -8.90749
2.91 -8.90736
2.94 -8.90724
2.97 -8.90711
3 -8.90698
3.03 -8.90685
3.06 -8.90672
3.09 -8.90659
3.12 -8.90647
3.15 -8.90634
3.18 -8.90621
3.21 -8.90608
3.24 -8.90595
3.27 -8.90582
3.3 -8.90569
3.33 -8.90556
3.36 -8.90543
3.39 -8.9053
3.42 -8.90517
3.45 -8.90504
3.48 -8.90491
3.51 -8.90478
3.54 -8.90465
3.57 -8.90452
3.6 -8.90439
3.63 -8.90426
3.66 -8.90412
3.69 -8.90399
3.72 -8.90386
3.75 -8.90373
3.78 -8.9036
3.81 -8.90347
3.84 -8.90333
3.87 -8.9032
3.9 -8.90307
3.93 -8.90293
3.96 -8.9028
3.99 -8.90267
4.02 -8.90254
4.05 -8.9024
4.08 -8.90227
4.11 -8.90214
4.14 -8.902
4.17 -8.90187
4.2 -8.90173
4.23 -8.9016
4.26 -8.90146
4.29 -8.90133
4.32 -8.90119
4.35 -8.90106
4.38 -8.90092
4.41 -8.90079
4.44 -8.90065
4.47 -8.90052
4.5 -8.90038
4.53 -8.90025
4.56 -8.90011
4.59 -8.89997
4.62 -8.89984
4.65 -8.8997
4.68 -8.89956
4.71 -8.89943
4.74 -8.89929
4.77 -8.89915
4.8 -8.89901
4.83 -8.89888
4.86 -8.89874
4.89 -8.8986
4.92 -8.89846
4.95 -8.89832
4.98 -8.89818
5.01 -8.89804
5.04 -8.8979
5.07 -8.89777
5.1 -8.89763
5.13 -8.89749
5.16 -8.89735
5.19 -8.89721
5.22 -8.89707
5.25 -8.89692
5.28 -8.89678
5.31 -8.89664
5.34 -8.8965
5.37 -8.89636
5.4 -8.89622
5.43 -8.89608
5.46 -8.89594
5.49 -8.89579
5.52 -8.89565
5.55 -8.89551
5.58 -8.89537
5.61 -8.89522
5.64 -8.89508
5.67 -8.89494
5.7 -8.89479
5.73 -8.89465
5.76 -8.8945
5.79 -8.89436
5.82 -8.89421
5.85 -8.89407
5.88 -8.89392
5.91 -8.89378
5.94 -8.89363
5.97 -8.89349
6 -8.89334
6.03 -8.8932
6.06 -8.89305
6.09 -8.8929
6.12 -8.89276
6.15 -8.89261
6.18 -8.89246
6.21 -8.89231
6.24 -8.89217
6.27 -8.89202
6.3 -8.89187
6.33 -8.89172
6.36 -8.89157
6.39 -8.89142
6.42 -8.89127
6.45 -8.89113
6.48 -8.89098
6.51 -8.89083
6.54 -8.89068
6.57 -8.89052
6.6 -8.89037
6.63 -8.89022
6.66 -8.89007
6.69 -8.88992
6.72 -8.88977
6.75 -8.88962
6.78 -8.88946
6.81 -8.88931
6.84 -8.88916
6.87 -8.889
6.9 -8.88885
6.93 -8.8887
6.96 -8.88854
6.99 -8.88839
7.02 -8.88823
7.05 -8.88808
7.08 -8.88792
7.11 -8.88777
7.14 -8.88761
7.17 -8.88746
7.2 -8.8873
7.23 -8.88714
7.26 -8.88699
7.29 -8.88683
7.32 -8.88667
7.35 -8.88652
7.38 -8.88636
7.41 -8.8862
7.44 -8.88604
7.47 -8.88588
7.5 -8.88572
7.53 -8.88556
7.56 -8.8854
7.59 -8.88524
7.62 -8.88508
7.65 -8.88492
7.68 -8.88476
7.71 -8.8846
7.74 -8.88444
7.77 -8.88427
7.8 -8.88411
7.83 -8.88395
7.86 -8.88379
7.89 -8.88362
7.92 -8.88346
7.95 -8.88329
7.98 -8.88313
8.01 -8.88297
8.04 -8.8828
8.07 -8.88264
8.1 -8.88247
8.13 -8.8823
8.16 -8.88214
8.19 -8.88197
8.22 -8.8818
8.25 -8.88163
8.28 -8.88147
8.31 -8.8813
8.34 -8.88113
8.37 -8.88096
8.4 -8.88079
8.43 -8.88062
8.46 -8.88045
8.49 -8.88028
8.52 -8.88011
8.55 -8.87994
8.58 -8.87977
8.61 -8.87959
8.64 -8.87942
8.67 -8.87925
8.7 -8.87908
8.73 -8.8789
8.76 -8.87873
8.79 -8.87855
8.82 -8.87838
8.85 -8.8782
8.88 -8.87803
8.91 -8.87785
8.94 -8.87768
8.97 -8.8775
9 -8.87732
9.03 -8.87714
9.06 -8.87697
9.09 -8.87679
9.12 -8.87661
9.15 -8.87643
9.18 -8.87625
9.21 -8.87607
9.24 -8.87589
9.27 -8.87571
9.3 -8.87553
9.33 -8.87534
9.36 -8.87516
9.39 -8.87498
9.42 -8.87479
9.45 -8.87461
9.48 -8.87443
9.51 -8.87424
9.54 -8.87406
9.57 -8.87387
9.6 -8.87368
9.63 -8.8735
9.66 -8.87331
9.69 -8.87312
9.72 -8.87294
9.75 -8.87275
9.78 -8.87256
9.81 -8.87237
9.84 -8.87218
9.87 -8.87199
9.9 -8.8718
9.93 -8.8716
9.96 -8.87141
9.99 -8.87122
10.02 -8.87103
10.05 -8.87083
10.08 -8.87064
10.11 -8.87044
10.14 -8.87025
10.17 -8.87005
10.2 -8.86986
10.23 -8.86966
10.26 -8.86946
10.29 -8.86927
10.32 -8.86907
10.35 -8.86887
10.38 -8.86867
10.41 -8.86847
10.44 -8.86827
10.47 -8.86807
10.5 -8.86787
10.53 -8.86766
10.56 -8.86746
10.59 -8.86726
10.62 -8.86705
10.65 -8.86685
10.68 -8.86664
10.71 -8.86644
10.74 -8.86623
10.77 -8.86602
10.8 -8.86582
10.83 -8.86561
10.86 -8.8654
10.89 -8.86519
10.92 -8.86498
10.95 -8.86477
10.98 -8.86456
11.01 -8.86435
11.04 -8.86413
11.07 -8.86392
11.1 -8.86371
11.13 -8.86349
11.16 -8.86328
11.19 -8.86306
11.22 -8.86285
11.25 -8.86263
11.28 -8.86241
11.31 -8.86219
11.34 -8.86197
11.37 -8.86175
11.4 -8.86153
11.43 -8.86131
11.46 -8.86109
11.49 -8.86087
11.52 -8.86065
11.55 -8.86042
11.58 -8.8602
11.61 -8.85997
11.64 -8.85975
11.67 -8.85952
11.7 -8.85929
11.73 -8.85906
11.76 -8.85884
11.79 -8.85861
11.82 -8.85838
11.85 -8.85814
11.88 -8.85791
11.91 -8.85768
11.94 -8.85745
11.97 -8.85721
12 -8.85698
12.03 -8.85674
12.06 -8.85651
12.09 -8.85627
12.12 -8.85603
12.15 -8.85579
12.18 -8.85555
12.21 -8.85531
12.24 -8.85507
12.27 -8.85483
12.3 -8.85459
12.33 -8.85434
12.36 -8.8541
12.39 -8.85386
12.42 -8.85361
12.45 -8.85336
12.48 -8.85312
12.51 -8.85287
12.54 -8.85262
12.57 -8.85237
12.6 -8.85212
12.63 -8.85186
12.66 -8.85161
12.69 -8.85136
12.72 -8.8511
12.75 -8.85085
12.78 -8.85059
12.81 -8.85034
12.84 -8.85008
12.87 -8.84982
12.9 -8.84956
12.93 -8.8493
12.96 -8.84904
12.99 -8.84877
13.02 -8.84851
13.05 -8.84825
13.08 -8.84798
13.11 -8.84772
13.14 -8.84745
13.17 -8.84718
13.2 -8.84691
13.23 -8.84664
13.26 -8.84637
13.29 -8.8461
13.32 -8.84583
13.35 -8.84555
13.38 -8.84528
13.41 -8.845
13.44 -8.84472
13.47 -8.84445
13.5 -8.84417
13.53 -8.84389
13.56 -8.84361
13.59 -8.84332
13.62 -8.84304
13.65 -8.84276
13.68 -8.84247
13.71 -8.84219
13.74 -8.8419
13.77 -8.84161
13.8 -8.84132
13.83 -8.84103
13.86 -8.84074
13.89 -8.84045
13.92 -8.84015
13.95 -8.83986
13.98 -8.83956
14.01 -8.83927
14.04 -8.83897
14.07 -8.83867
14.1 -8.83837
14.13 -8.83807
14.16 -8.83776
14.19 -8.83746
14.22 -8.83716
14.25 -8.83685
14.28 -8.83654
14.31 -8.83624
14.34 -8.83593
14.37 -8.83562
14.4 -8.8353
14.43 -8.83499
14.46 -8.83468
14.49 -8.83436
14.52 -8.83405
14.55 -8.83373
14.58 -8.83341
14.61 -8.83309
14.64 -8.83277
14.67 -8.83244
14.7 -8.83212
14.73 -8.8318
14.76 -8.83147
14.79 -8.83114
14.82 -8.83081
14.85 -8.83048
14.88 -8.83015
14.91 -8.82982
14.94 -8.82949
14.97 -8.82915
15 -8.82881
15.03 -8.82848
15.06 -8.82814
15.09 -8.8278
15.12 -8.82746
15.15 -8.82711
15.18 -8.82677
15.21 -8.82642
15.24 -8.82608
15.27 -8.82573
15.3 -8.82538
15.33 -8.82503
15.36 -8.82467
15.39 -8.82432
15.42 -8.82397
15.45 -8.82361
15.48 -8.82325
15.51 -8.82289
15.54 -8.82253
15.57 -8.82217
15.6 -8.82181
15.63 -8.82144
15.66 -8.82108
15.69 -8.82071
15.72 -8.82034
15.75 -8.81997
15.78 -8.8196
15.81 -8.81922
15.84 -8.81885
15.87 -8.81847
15.9 -8.81809
15.93 -8.81772
15.96 -8.81734
15.99 -8.81695
16.02 -8.81657
16.05 -8.81618
16.08 -8.8158
16.11 -8.81541
16.14 -8.81502
16.17 -8.81463
16.2 -8.81424
16.23 -8.81384
16.26 -8.81345
16.29 -8.81305
16.32 -8.81265
16.35 -8.81225
16.38 -8.81185
16.41 -8.81145
16.44 -8.81104
16.47 -8.81064
16.5 -8.81023
16.53 -8.80982
16.56 -8.80941
16.59 -8.809
16.62 -8.80859
16.65 -8.80817
16.68 -8.80775
16.71 -8.80734
16.74 -8.80692
16.77 -8.80649
16.8 -8.80607
16.83 -8.80565
16.86 -8.80522
16.89 -8.80479
16.92 -8.80436
16.95 -8.80393
16.98 -8.8035
17.01 -8.80306
17.04 -8.80263
17.07 -8.80219
17.1 -8.80175
17.13 -8.80131
17.16 -8.80087
17.19 -8.80043
17.22 -8.79998
17.25 -8.79953
17.28 -8.79909
17.31 -8.79864
17.34 -8.79818
17.37 -8.79773
17.4 -8.79728
17.43 -8.79682
17.46 -8.79636
17.49 -8.7959
17.52 -8.79544
17.55 -8.79498
17.58 -8.79451
17.61 -8.79405
17.64 -8.79358
17.67 -8.79311
17.7 -8.79264
17.73 -8.79217
17.76 -8.79169
17.79 -8.79122
17.82 -8.79074
17.85 -8.79026
17.88 -8.78978
17.91 -8.7893
17.94 -8.78882
17.97 -8.78833
18 -8.78785
18.03 -8.78736
18.06 -8.78687
18.09 -8.78638
18.12 -8.78589
18.15 -8.78539
18.18 -8.7849
18.21 -8.7844
18.24 -8.7839
18.27 -8.7834
18.3 -8.7829
18.33 -8.78239
18.36 -8.78189
18.39 -8.78138
18.42 -8.78087
18.45 -8.78036
18.48 -8.77985
18.51 -8.77934
18.54 -8.77883
18.57 -8.77831
18.6 -8.7778
18.63 -8.77728
18.66 -8.77676
18.69 -8.77624
18.72 -8.77571
18.75 -8.77519
18.78 -8.77467
18.81 -8.77414
18.84 -8.77361
18.87 -8.77308
18.9 -8.77255
18.93 -8.77202
18.96 -8.77149
18.99 -8.77095
19.02 -8.77042
19.05 -8.76988
19.08 -8.76934
19.11 -8.7688
19.14 -8.76826
19.17 -8.76772
19.2 -8.76717
19.23 -8.76663
19.26 -8.76608
19.29 -8.76554
19.32 -8.76499
19.35 -8.76444
19.38 -8.76389
19.41 -8.76334
19.44 -8.76279
19.47 -8.76223
19.5 -8.76168
19.53 -8.76112
19.56 -8.76056
19.59 -8.76001
19.62 -8.75945
19.65 -8.75889
19.68 -8.75833
19.71 -8.75777
19.74 -8.7572
19.77 -8.75664
19.8 -8.75608
19.83 -8.75551
19.86 -8.75495
19.89 -8.75438
19.92 -8.75381
19.95 -8.75325
19.98 -8.75268
20.01 -8.75211
20.04 -8.75154
20.07 -8.75097
20.1 -8.7504
20.13 -8.74983
20.16 -8.74925
20.19 -8.74868
20.22 -8.74811
20.25 -8.74753
20.28 -8.74696
20.31 -8.74638
20.34 -8.74581
20.37 -8.74523
20.4 -8.74466
20.43 -8.74408
20.46 -8.74351
20.49 -8.74293
20.52 -8.74235
20.55 -8.74178
20.58 -8.7412
20.61 -8.74062
20.64 -8.74005
20.67 -8.73947
20.7 -8.73889
20.73 -8.73831
20.76 -8.73774
20.79 -8.73716
20.82 -8.73658
20.85 -8.73601
20.88 -8.73543
20.91 -8.73485
20.94 -8.73428
20.97 -8.7337
21 -8.73313
21.03 -8.73255
21.06 -8.73198
21.09 -8.7314
21.12 -8.73083
21.15 -8.73025
21.18 -8.72968
21.21 -8.72911
21.24 -8.72854
21.27 -8.72797
21.3 -8.7274
21.33 -8.72683
21.36 -8.72626
21.39 -8.72569
21.42 -8.72512
21.45 -8.72456
21.48 -8.72399
21.51 -8.72343
21.54 -8.72287
21.57 -8.7223
21.6 -8.72174
21.63 -8.72118
21.66 -8.72062
21.69 -8.72007
21.72 -8.71951
21.75 -8.71896
21.78 -8.7184
21.81 -8.71785
21.84 -8.7173
21.87 -8.71675
21.9 -8.7162
21.93 -8.71566
21.96 -8.71511
21.99 -8.71457
22.02 -8.71403
22.05 -8.71349
22.08 -8.71295
22.11 -8.71241
22.14 -8.71188
22.17 -8.71134
22.2 -8.71081
22.23 -8.71028
22.26 -8.70976
22.29 -8.70923
22.32 -8.70871
22.35 -8.70819
22.38 -8.70767
22.41 -8.70715
22.44 -8.70664
22.47 -8.70613
22.5 -8.70562
22.53 -8.70511
22.56 -8.70461
22.59 -8.7041
22.62 -8.7036
22.65 -8.70311
22.68 -8.70261
22.71 -8.70212
22.74 -8.70163
22.77 -8.70114
22.8 -8.70066
22.83 -8.70018
22.86 -8.6997
22.89 -8.69922
22.92 -8.69875
22.95 -8.69828
22.98 -8.69781
23.01 -8.69735
23.04 -8.69688
23.07 -8.69643
23.1 -8.69597
23.13 -8.69552
23.16 -8.69507
23.19 -8.69462
23.22 -8.69418
23.25 -8.69374
23.28 -8.6933
23.31 -8.69287
23.34 -8.69244
23.37 -8.69202
23.4 -8.69159
23.43 -8.69118
23.46 -8.69076
23.49 -8.69035
23.52 -8.68994
23.55 -8.68954
23.58 -8.68913
23.61 -8.68874
23.64 -8.68834
23.67 -8.68795
23.7 -8.68757
23.73 -8.68719
23.76 -8.68681
23.79 -8.68643
23.82 -8.68606
23.85 -8.6857
23.88 -8.68534
23.91 -8.68498
23.94 -8.68463
23.97 -8.68428
24 -8.68393
24.03 -8.68359
24.06 -8.68326
24.09 -8.68292
24.12 -8.6826
24.15 -8.68227
24.18 -8.68195
24.21 -8.68164
24.24 -8.68133
24.27 -8.68103
24.3 -8.68073
24.33 -8.68043
24.36 -8.68014
24.39 -8.67986
24.42 -8.67958
24.45 -8.6793
24.48 -8.67903
24.51 -8.67877
24.54 -8.67851
24.57 -8.67826
24.6 -8.67801
24.63 -8.67776
24.66 -8.67753
24.69 -8.67729
24.72 -8.67707
24.75 -8.67685
24.78 -8.67663
24.81 -8.67642
24.84 -8.67622
24.87 -8.67602
24.9 -8.67583
24.93 -8.67564
24.96 -8.67547
24.99 -8.67529
25.02 -8.67513
25.05 -8.67497
25.08 -8.67482
25.11 -8.67467
25.14 -8.67453
25.17 -8.6744
25.2 -8.67428
25.23 -8.67416
25.26 -8.67405
25.29 -8.67395
25.32 -8.67385
25.35 -8.67376
25.38 -8.67368
25.41 -8.67361
25.44 -8.67355
25.47 -8.67349
25.5 -8.67345
25.53 -8.67341
25.56 -8.67338
25.59 -8.67336
25.62 -8.67335
25.65 -8.67335
25.68 -8.67335
25.71 -8.67337
25.74 -8.6734
25.77 -8.67343
25.8 -8.67348
25.83 -8.67354
25.86 -8.6736
25.89 -8.67368
25.92 -8.67377
25.95 -8.67387
25.98 -8.67398
26.01 -8.6741
26.04 -8.67423
26.07 -8.67438
26.1 -8.67454
26.13 -8.67471
26.16 -8.67489
26.19 -8.67509
26.22 -8.67529
26.25 -8.67552
26.28 -8.67575
26.31 -8.676
26.34 -8.67626
26.37 -8.67654
26.4 -8.67683
26.43 -8.67714
26.46 -8.67746
26.49 -8.6778
26.52 -8.67815
26.55 -8.67852
26.58 -8.6789
26.61 -8.6793
26.64 -8.67972
26.67 -8.68016
26.7 -8.68061
26.73 -8.68108
26.76 -8.68157
26.79 -8.68207
26.82 -8.6826
26.85 -8.68314
26.88 -8.6837
26.91 -8.68428
26.94 -8.68488
26.97 -8.6855
27 -8.68614
27.03 -8.6868
27.06 -8.68748
27.09 -8.68818
27.12 -8.68891
27.15 -8.68965
27.18 -8.69042
27.21 -8.6912
27.24 -8.69201
27.27 -8.69285
27.3 -8.6937
27.33 -8.69458
27.36 -8.69548
27.39 -8.6964
27.42 -8.69735
27.45 -8.69832
27.48 -8.69932
27.51 -8.70034
27.54 -8.70138
27.57 -8.70245
27.6 -8.70354
27.63 -8.70466
27.66 -8.7058
27.69 -8.70696
27.72 -8.70815
27.75 -8.70937
27.78 -8.71061
27.81 -8.71187
27.84 -8.71316
27.87 -8.71448
27.9 -8.71581
27.93 -8.71718
27.96 -8.71857
27.99 -8.71998
28.02 -8.72142
28.05 -8.72288
28.08 -8.72437
28.11 -8.72588
28.14 -8.72741
28.17 -8.72897
28.2 -8.73055
28.23 -8.73216
28.26 -8.73379
28.29 -8.73544
28.32 -8.73711
28.35 -8.73881
28.38 -8.74052
28.41 -8.74226
28.44 -8.74402
28.47 -8.7458
28.5 -8.7476
28.53 -8.74942
28.56 -8.75126
28.59 -8.75312
28.62 -8.755
28.65 -8.7569
28.68 -8.75881
28.71 -8.76074
28.74 -8.76269
28.77 -8.76465
28.8 -8.76663
28.83 -8.76862
28.86 -8.77063
28.89 -8.77265
28.92 -8.77469
28.95 -8.77674
28.98 -8.7788
29.01 -8.78087
29.04 -8.78295
29.07 -8.78504
29.1 -8.78715
29.13 -8.78926
29.16 -8.79138
29.19 -8.79351
29.22 -8.79565
29.25 -8.79779
29.28 -8.79994
29.31 -8.80209
29.34 -8.80426
29.37 -8.80642
29.4 -8.80859
29.43 -8.81076
29.46 -8.81294
29.49 -8.81512
29.52 -8.8173
29.55 -8.81949
29.58 -8.82167
29.61 -8.82386
29.64 -8.82604
29.67 -8.82823
29.7 -8.83041
29.73 -8.83259
29.76 -8.83478
29.79 -8.83696
29.82 -8.83914
29.85 -8.84131
29.88 -8.84348
29.91 -8.84565
29.94 -8.84782
29.97 -8.84998
30 -8.85214
30.001 -10
