0 5
0.03 5.07512
0.06 5.07521
0.09 5.0753
0.12 5.0754
0.15 5.07549
0.18 5.07559
0.21 5.07568
0.24 5.07578
0.27 5.07587
0.3 5.07597
0.33 5.07606
0.36 5.07616
0.39 5.07626
0.42 5.07635
0.45 5.07645
0.48 5.07654
0.51 5.07664
0.54 5.07674
0.57 5.07683
0.6 5.07693
0.63 5.07703
0.66 5.07712
0.69 5.07722
0.72 5.07732
0.75 5.07741
0.78 5.07751
0.81 5.07761
0.84 5.07771
0.87 5.0778
0.9 5.0779
0.93 5.078
0.96 5.0781
0.99 5.0782
1.02 5.07829
1.05 5.07839
1.08 5.07849
1.11 5.07859
1.14 5.07869
1.17 5.07879
1.2 5.07889
1.23 5.07899
1.26 5.07909
1.29 5.07919
1.32 5.07929
1.35 5.07939
1.38 5.07949
1.41 5.07959
1.44 5.07969
1.47 5.07979
1.5 5.07989
1.53 5.07999
1.56 5.08009
1.59 5.08019
1.62 5.08029
1.65 5.08039
1.68 5.08049
1.71 5.0806
1.74 5.0807
1.77 5.0808
1.8 5.0809
1.83 5.081
1.86 5.08111
1.89 5.08121
1.92 5.08131
1.95 5.08142
1.98 5.08152
2.01 5.08162
2.04 5.08173
2.07 5.08183
2.1 5.08193
2.13 5.08204
2.16 5.08214
2.19 5.08225
2.22 5.08235
2.25 5.08246
2.28 5.08256
2.31 5.08267
2.34 5.08277
2.37 5.08288
2.4 5.08298
2.43 5.08309
2.46 5.08319
2.49 5.0833
2.52 5.08341
2.55 5.08351
2.58 5.08362
2.61 5.08373
2.64 5.08383
2.67 5.08394
2.7 5.08405
2.73 5.08416
2.76 5.08426
2.79 5.08437
2.82 5.08448
2.85 5.08459
2.88 5.0847
2.91 5.08481
2.94 5.08491
2.97 5.08502
3 5.08513
3.03 5.08524
3.06 5.08535
3.09 5.08546
3.12 5.08557
3.15 5.08568
3.18 5.08579
3.21 5.08591
3.24 5.08602
3.27 5.08613
3.3 5.08624
3.33 5.08635
3.36 5.08646
3.39 5.08658
3.42 5.08669
3.45 5.0868
3.48 5.08691
3.51 5.08703
3.54 5.08714
3.57 5.08725
3.6 5.08737
3.63 5.08748
3.66 5.08759
3.69 5.08771
3.72 5.08782
3.75 5.08794
3.78 5.08805
3.81 5.08817
3.84 5.08828
3.87 5.0884
3.9 5.08852
3.93 5.08863
3.96 5.08875
3.99 5.08887
4.02 5.08898
4.05 5.0891
4.08 5.08922
4.11 5.08934
4.14 5.08945
4.17 5.08957
4.2 5.08969
4.23 5.08981
4.26 5.08993
4.29 5.09005
4.32 5.09017
4.35 5.09029
4.38 5.09041
4.41 5.09053
4.44 5.09065
4.47 5.09077
4.5 5.09089
4.53 5.09101
4.56 5.09114
4.59 5.09126
4.62 5.09138
4.65 5.0915
4.68 5.09163
4.71 5.09175
4.74 5.09187
4.77 5.092
4.8 5.09212
4.83 5.09225
4.86 5.09237
4.89 5.0925
4.92 5.09262
4.95 5.09275
4.98 5.09287
5.01 5.093
5.04 5.09313
5.07 5.09325
5.1 5.09338
5.13 5.09351
5.16 5.09363
5.19 5.09376
5.22 5.09389
5.25 5.09402
5.28 5.09415
5.31 5.09428
5.34 5.09441
5.37 5.09454
5.4 5.09467
5.43 5.0948
5.46 5.09493
5.49 5.09506
5.52 5.09519
5.55 5.09533
5.58 5.09546
5.61 5.09559
5.64 5.09572
5.67 5.09586
5.7 5.09599
5.73 5.09613
5.76 5.09626
5.79 5.0964
5.82 5.09653
5.85 5.09667
5.88 5.0968
5.91 5.09694
5.94 5.09708
5.97 5.09721
6 5.09735
6.03 5.09749
6.06 5.09763
6.09 5.09777
6.12 5.09791
6.15 5.09805
6.18 5.09818
6.21 5.09833
6.24 5.09847
6.27 5.09861
6.3 5.09875
6.33 5.09889
6.36 5.09903
6.39 5.09918
6.42 5.09932
6.45 5.09946
6.48 5.09961
6.51 5.09975
6.54 5.0999
6.57 5.10004
6.6 5.10019
6.63 5.10033
6.66 5.10048
6.69 5.10063
6.72 5.10077
6.75 5.10092
6.78 5.10107
6.81 5.10122
6.84 5.10137
6.87 5.10152
6.9 5.10167
6.93 5.10182
6.96 5.10197
6.99 5.10212
7.02 5.10227
7.05 5.10243
7.08 5.10258
7.11 5.10273
7.14 5.10289
7.17 5.10304
7.2 5.10319
7.23 5.10335
7.26 5.10351
7.29 5.10366
7.32 5.10382
7.35 5.10398
7.38 5.10413
7.41 5.10429
7.44 5.10445
7.47 5.10461
7.5 5.10477
7.53 5.10493
7.56 5.10509
7.59 5.10525
7.62 5.10542
7.65 5.10558
7.68 5.10574
7.71 5.10591
7.74 5.10607
7.77 5.10623
7.8 5.1064
7.83 5.10657
7.86 5.10673
7.89 5.1069
7.92 5.10707
7.95 5.10723
7.98 5.1074
8.01 5.10757
8.04 5.10774
8.07 5.10791
8.1 5.10808
8.13 5.10826
8.16 5.10843
8.19 5.1086
8.22 5.10877
8.25 5.10895
8.28 5.10912
8.31 5.1093
8.34 5.10947
8.37 5.10965
8.4 5.10983
8.43 5.11
8.46 5.11018
8.49 5.11036
8.52 5.11054
8.55 5.11072
8.58 5.1109
8.61 5.11108
8.64 5.11127
8.67 5.11145
8.7 5.11163
8.73 5.11182
8.76 5.112
8.79 5.11219
8.82 5.11237
8.85 5.11256
8.88 5.11275
8.91 5.11294
8.94 5.11313
8.97 5.11332
9 5.11351
9.03 5.1137
9.06 5.11389
9.09 5.11408
9.12 5.11428
9.15 5.11447
9.18 5.11466
9.21 5.11486
9.24 5.11506
9.27 5.11525
9.3 5.11545
9.33 5.11565
9.36 5.11585
9.39 5.11605
9.42 5.11625
9.45 5.11645
9.48 5.11665
9.51 5.11686
9.54 5.11706
9.57 5.11726
9.6 5.11747
9.63 5.11768
9.66 5.11788
9.69 5.11809
9.72 5.1183
9.75 5.11851
9.78 5.11872
9.81 5.11893
9.84 5.11914
9.87 5.11935
9.9 5.11957
9.93 5.11978
9.96 5.12
9.99 5.12021
10.02 5.12043
10.05 5.12065
10.08 5.12087
10.11 5.12109
10.14 5.12131
10.17 5.12153
10.2 5.12175
10.23 5.12198
10.26 5.1222
10.29 5.12242
10.32 5.12265
10.35 5.12288
10.38 5.1231
10.41 5.12333
10.44 5.12356
10.47 5.12379
10.5 5.12403
10.53 5.12426
10.56 5.12449
10.59 5.12473
10.62 5.12496
10.65 5.1252
10.68 5.12543
10.71 5.12567
10.74 5.12591
10.77 5.12615
10.8 5.12639
10.83 5.12664
10.86 5.12688
10.89 5.12712
10.92 5.12737
10.95 5.12761
10.98 5.12786
11.01 5.12811
11.04 5.12836
11.07 5.12861
11.1 5.12886
11.13 5.12911
11.16 5.12937
11.19 5.12962
11.22 5.12988
11.25 5.13013
11.28 5.13039
11.31 5.13065
11.34 5.13091
11.37 5.13117
11.4 5.13143
11.43 5.1317
11.46 5.13196
11.49 5.13223
11.52 5.13249
11.55 5.13276
11.58 5.13303
11.61 5.1333
11.64 5.13357
11.67 5.13384
11.7 5.13412
11.73 5.13439
11.76 5.13467
11.79 5.13495
11.82 5.13522
11.85 5.1355
11.88 5.13578
11.91 5.13607
11.94 5.13635
11.97 5.13663
12 5.13692
12.03 5.13721
12.06 5.13749
12.09 5.13778
12.12 5.13807
12.15 5.13837
12.18 5.13866
12.21 5.13895
12.24 5.13925
12.27 5.13954
12.3 5.13984
12.33 5.14014
12.36 5.14044
12.39 5.14074
12.42 5.14105
12.45 5.14135
12.48 5.14166
12.51 5.14197
12.54 5.14227
12.57 5.14258
12.6 5.14289
12.63 5.14321
12.66 5.14352
12.69 5.14384
12.72 5.14415
12.75 5.14447
12.78 5.14479
12.81 5.14511
12.84 5.14543
12.87 5.14576
12.9 5.14608
12.93 5.14641
12.96 5.14674
12.99 5.14706
13.02 5.14739
13.05 5.14773
13.08 5.14806
13.11 5.14839
13.14 5.14873
13.17 5.14907
13.2 5.14941
13.23 5.14975
13.26 5.15009
13.29 5.15043
13.32 5.15078
13.35 5.15113
13.38 5.15147
13.41 5.15182
13.44 5.15217
13.47 5.15253
13.5 5.15288
13.53 5.15324
13.56 5.15359
13.59 5.15395
13.62 5.15431
13.65 5.15467
13.68 5.15504
13.71 5.1554
13.74 5.15577
13.77 5.15614
13.8 5.1565
13.83 5.15688
13.86 5.15725
13.89 5.15762
13.92 5.158
13.95 5.15838
13.98 5.15875
14.01 5.15913
14.04 5.15952
14.07 5.1599
14.1 5.16029
14.13 5.16067
14.16 5.16106
14.19 5.16145
14.22 5.16184
14.25 5.16224
14.28 5.16263
14.31 5.16303
14.34 5.16343
14.37 5.16383
14.4 5.16423
14.43 5.16463
14.46 5.16504
14.49 5.16544
14.52 5.16585
14.55 5.16626
14.58 5.16668
14.61 5.16709
14.64 5.1675
14.67 5.16792
14.7 5.16834
14.73 5.16876
14.76 5.16918
14.79 5.16961
14.82 5.17003
14.85 5.17046
14.88 5.17089
14.91 5.17132
14.94 5.17175
14.97 5.17219
15 5.17262
15.03 5.17306
15.06 5.1735
15.09 5.17394
15.12 5.17438
15.15 5.17483
15.18 5.17527
15.21 5.17572
15.24 5.17617
15.27 5.17662
15.3 5.17708
15.33 5.17753
15.36 5.17799
15.39 5.17845
15.42 5.17891
15.45 5.17937
15.48 5.17984
15.51 5.1803
15.54 5.18077
15.57 5.18124
15.6 5.18171
15.63 5.18219
15.66 5.18266
15.69 5.18314
15.72 5.18362
15.75 5.1841
15.78 5.18458
15.81 5.18507
15.84 5.18555
15.87 5.18604
15.9 5.18653
15.93 5.18702
15.96 5.18752
15.99 5.18801
16.02 5.18851
16.05 5.18901
16.08 5.18951
16.11 5.19001
16.14 5.19052
16.17 5.19103
16.2 5.19153
16.23 5.19205
16.26 5.19256
16.29 5.19307
16.32 5.19359
16.35 5.19411
16.38 5.19463
16.41 5.19515
16.44 5.19567
16.47 5.1962
16.5 5.19672
16.53 5.19725
16.56 5.19778
16.59 5.19832
16.62 5.19885
16.65 5.19939
16.68 5.19993
16.71 5.20047
16.74 5.20101
16.77 5.20156
16.8 5.2021
16.83 5.20265
16.86 5.2032
16.89 5.20375
16.92 5.20431
16.95 5.20486
16.98 5.20542
17.01 5.20598
17.04 5.20654
17.07 5.2071
17.1 5.20767
17.13 5.20824
17.16 5.2088
17.19 5.20938
17.22 5.20995
17.25 5.21052
17.28 5.2111
17.31 5.21168
17.34 5.21226
17.37 5.21284
17.4 5.21343
17.43 5.21401
17.46 5.2146
17.49 5.21519
17.52 5.21578
17.55 5.21638
17.58 5.21697
17.61 5.21757
17.64 5.21817
17.67 5.21877
17.7 5.21938
17.73 5.21998
17.76 5.22059
17.79 5.2212
17.82 5.22181
17.85 5.22243
17.88 5.22304
17.91 5.22366
17.94 5.22428
17.97 5.2249
18 5.22552
18.03 5.22615
18.06 5.22678
18.09 5.22741
18.12 5.22804
18.15 5.22867
18.18 5.22931
18.21 5.22994
18.24 5.23058
18.27 5.23123
18.3 5.23187
18.33 5.23251
18.36 5.23316
18.39 5.23381
18.42 5.23446
18.45 5.23512
18.48 5.23577
18.51 5.23643
18.54 5.23709
18.57 5.23775
18.6 5.23841
18.63 5.23908
18.66 5.23975
18.69 5.24042
18.72 5.24109
18.75 5.24176
18.78 5.24244
18.81 5.24312
18.84 5.2438
18.87 5.24448
18.9 5.24517
18.93 5.24585
18.96 5.24654
18.99 5.24723
19.02 5.24793
19.05 5.24862
19.08 5.24932
19.11 5.25002
19.14 5.25072
19.17 5.25143
19.2 5.25213
19.23 5.25284
19.26 5.25355
19.29 5.25427
19.32 5.25498
19.35 5.2557
19.38 5.25642
19.41 5.25714
19.44 5.25787
19.47 5.25859
19.5 5.25932
19.53 5.26005
19.56 5.26079
19.59 5.26153
19.62 5.26226
19.65 5.26301
19.68 5.26375
19.71 5.2645
19.74 5.26525
19.77 5.266
19.8 5.26675
19.83 5.26751
19.86 5.26827
19.89 5.26903
19.92 5.26979
19.95 5.27056
19.98 5.27133
20.01 5.2721
20.04 5.27288
20.07 5.27365
20.1 5.27443
20.13 5.27522
20.16 5.276
20.19 5.27679
20.22 5.27758
20.25 5.27838
20.28 5.27918
20.31 5.27998
20.34 5.28078
20.37 5.28158
20.4 5.28239
20.43 5.28321
20.46 5.28402
20.49 5.28484
20.52 5.28566
20.55 5.28648
20.58 5.28731
20.61 5.28814
20.64 5.28898
20.67 5.28981
20.7 5.29065
20.73 5.2915
20.76 5.29234
20.79 5.29319
20.82 5.29405
20.85 5.2949
20.88 5.29577
20.91 5.29663
20.94 5.2975
20.97 5.29837
21 5.29924
21.03 5.30012
21.06 5.301
21.09 5.30189
21.12 5.30278
21.15 5.30367
21.18 5.30457
21.21 5.30547
21.24 5.30638
21.27 5.30729
21.3 5.3082
21.33 5.30912
21.36 5.31004
21.39 5.31097
21.42 5.3119
21.45 5.31283
21.48 5.31377
21.51 5.31471
21.54 5.31566
21.57 5.31661
21.6 5.31756
21.63 5.31853
21.66 5.31949
21.69 5.32046
21.72 5.32143
21.75 5.32241
21.78 5.3234
21.81 5.32439
21.84 5.32538
21.87 5.32638
21.9 5.32738
21.93 5.32839
21.96 5.3294
21.99 5.33042
22.02 5.33144
22.05 5.33247
22.08 5.33351
22.11 5.33455
22.14 5.33559
22.17 5.33664
22.2 5.3377
22.23 5.33876
22.26 5.33982
22.29 5.3409
22.32 5.34197
22.35 5.34306
22.38 5.34415
22.41 5.34524
22.44 5.34634
22.47 5.34745
22.5 5.34856
22.53 5.34968
22.56 5.35081
22.59 5.35194
22.62 5.35308
22.65 5.35422
22.68 5.35537
22.71 5.35653
22.74 5.35769
22.77 5.35886
22.8 5.36003
22.83 5.36121
22.86 5.3624
22.89 5.3636
22.92 5.3648
22.95 5.36601
22.98 5.36723
23.01 5.36845
23.04 5.36968
23.07 5.37091
23.1 5.37216
23.13 5.37341
23.16 5.37466
23.19 5.37593
23.22 5.3772
23.25 5.37848
23.28 5.37976
23.31 5.38105
23.34 5.38236
23.37 5.38366
23.4 5.38498
23.43 5.3863
23.46 5.38763
23.49 5.38897
23.52 5.39031
23.55 5.39166
23.58 5.39302
23.61 5.39439
23.64 5.39576
23.67 5.39714
23.7 5.39853
23.73 5.39993
23.76 5.40133
23.79 5.40275
23.82 5.40417
23.85 5.40559
23.88 5.40703
23.91 5.40847
23.94 5.40992
23.97 5.41138
24 5.41284
24.03 5.41432
24.06 5.4158
24.09 5.41728
24.12 5.41878
24.15 5.42028
24.18 5.42179
24.21 5.42331
24.24 5.42484
24.27 5.42637
24.3 5.42791
24.33 5.42946
24.36 5.43101
24.39 5.43257
24.42 5.43414
24.45 5.43572
24.48 5.4373
24.51 5.43889
24.54 5.44049
24.57 5.4421
24.6 5.44371
24.63 5.44532
24.66 5.44695
24.69 5.44858
24.72 5.45022
24.75 5.45186
24.78 5.45351
24.81 5.45517
24.84 5.45683
24.87 5.4585
24.9 5.46018
24.93 5.46186
24.96 5.46355
24.99 5.46524
25.02 5.46694
25.05 5.46864
25.08 5.47035
25.11 5.47206
25.14 5.47378
25.17 5.4755
25.2 5.47723
25.23 5.47896
25.26 5.4807
25.29 5.48244
25.32 5.48419
25.35 5.48594
25.38 5.48769
25.41 5.48945
25.44 5.49121
25.47 5.49297
25.5 5.49474
25.53 5.49651
25.56 5.49828
25.59 5.50005
25.62 5.50183
25.65 5.50361
25.68 5.50539
25.71 5.50717
25.74 5.50895
25.77 5.51074
25.8 5.51252
25.83 5.51431
25.86 5.5161
25.89 5.51789
25.92 5.51968
25.95 5.52146
25.98 5.52325
26.01 5.52504
26.04 5.52683
26.07 5.52861
26.1 5.5304
26.13 5.53218
26.16 5.53396
26.19 5.53575
26.22 5.53752
26.25 5.5393
26.28 5.54107
26.31 5.54285
26.34 5.54461
26.37 5.54638
26.4 5.54814
26.43 5.5499
26.46 5.55165
26.49 5.5534
26.52 5.55515
26.55 5.55689
26.58 5.55863
26.61 5.56036
26.64 5.56209
26.67 5.56381
26.7 5.56553
26.73 5.56724
26.76 5.56894
26.79 5.57064
26.82 5.57233
26.85 5.57402
26.88 5.5757
26.91 5.57737
26.94 5.57903
26.97 5.58069
27 5.58234
27.03 5.58398
27.06 5.58561
27.09 5.58724
27.12 5.58886
27.15 5.59047
27.18 5.59207
27.21 5.59366
27.24 5.59524
27.27 5.59682
27.3 5.59838
27.33 5.59994
27.36 5.60149
27.39 5.60302
27.42 5.60455
27.45 5.60607
27.48 5.60757
27.51 5.60907
27.54 5.61056
27.57 5.61204
27.6 5.6135
27.63 5.61496
27.66 5.61641
27.69 5.61784
27.72 5.61927
27.75 5.62068
27.78 5.62208
27.81 5.62347
27.84 5.62485
27.87 5.62622
27.9 5.62758
27.93 5.62893
27.96 5.63027
27.99 5.63159
28.02 5.63291
28.05 5.63421
28.08 5.6355
28.11 5.63678
28.14 5.63805
28.17 5.63931
28.2 5.64055
28.23 5.64179
28.26 5.64301
28.29 5.64422
28.32 5.64542
28.35 5.64661
28.38 5.64779
28.41 5.64896
28.44 5.65011
28.47 5.65126
28.5 5.65239
28.53 5.65351
28.56 5.65462
28.59 5.65572
28.62 5.65681
28.65 5.65788
28.68 5.65895
28.71 5.66
28.74 5.66105
28.77 5.66208
28.8 5.6631
28.83 5.66411
28.86 5.66511
28.89 5.6661
28.92 5.66708
28.95 5.66805
28.98 5.669
29.01 5.66995
29.04 5.67089
29.07 5.67181
29.1 5.67273
29.13 5.67363
29.16 5.67453
29.19 5.67541
29.22 5.67629
29.25 5.67715
29.28 5.67801
29.31 5.67885
29.34 5.67969
29.37 5.68051
29.4 5.68133
29.43 5.68214
29.46 5.68293
29.49 5.68372
29.52 5.6845
29.55 5.68527
29.58 5.68603
29.61 5.68678
29.64 5.68752
29.67 5.68826
29.7 5.68898
29.73 5.6897
29.76 5.6904
29.79 5.6911
29.82 5.69179
29.85 5.69247
29.88 5.69315
29.91 5.69381
29.94 5.69447
29.97 5.69512
30 5.69576
30.001 5
