0 0
0.03 0.323468
0.06 0.324232
0.09 0.324997
0.12 0.325762
0.15 0.326528
0.18 0.327295
0.21 0.328062
0.24 0.32883
0.27 0.329598
0.3 0.330367
0.33 0.331136
0.36 0.331907
0.39 0.332678
0.42 0.333449
0.45 0.334221
0.48 0.334994
0.51 0.335767
0.54 0.336541
0.57 0.337316
0.6 0.338091
0.63 0.338867
0.66 0.339644
0.69 0.340421
0.72 0.341199
0.75 0.341978
0.78 0.342757
0.81 0.343538
0.84 0.344318
0.87 0.3451
0.9 0.345882
0.93 0.346665
0.96 0.347449
0.99 0.348233
1.02 0.349018
1.05 0.349804
1.08 0.35059
1.11 0.351378
1.14 0.352166
1.17 0.352954
1.2 0.353744
1.23 0.354534
1.26 0.355325
1.29 0.356117
1.32 0.35691
1.35 0.357703
1.38 0.358497
1.41 0.359292
1.44 0.360088
1.47 0.360884
1.5 0.361682
1.53 0.36248
1.56 0.363279
1.59 0.364079
1.62 0.364879
1.65 0.365681
1.68 0.366483
1.71 0.367286
1.74 0.36809
1.77 0.368895
1.8 0.369701
1.83 0.370508
1.86 0.371315
1.89 0.372124
1.92 0.372933
1.95 0.373743
1.98 0.374554
2.01 0.375366
2.04 0.376179
2.07 0.376993
2.1 0.377807
2.13 0.378623
2.16 0.37944
2.19 0.380257
2.22 0.381076
2.25 0.381895
2.28 0.382716
2.31 0.383537
2.34 0.384359
2.37 0.385183
2.4 0.386007
2.43 0.386832
2.46 0.387659
2.49 0.388486
2.52 0.389314
2.55 0.390144
2.58 0.390974
2.61 0.391806
2.64 0.392638
2.67 0.393472
2.7 0.394306
2.73 0.395142
2.76 0.395979
2.79 0.396817
2.82 0.397656
2.85 0.398496
2.88 0.399337
2.91 0.400179
2.94 0.401022
2.97 0.401867
3 0.402712
3.03 0.403559
3.06 0.404407
3.09 0.405256
3.12 0.406106
3.15 0.406958
3.18 0.40781
3.21 0.408664
3.24 0.409519
3.27 0.410375
3.3 0.411233
3.33 0.412091
3.36 0.412951
3.39 0.413812
3.42 0.414674
3.45 0.415538
3.48 0.416403
3.51 0.417269
3.54 0.418136
3.57 0.419005
3.6 0.419875
3.63 0.420746
3.66 0.421618
3.69 0.422492
3.72 0.423368
3.75 0.424244
3.78 0.425122
3.81 0.426001
3.84 0.426882
3.87 0.427764
3.9 0.428647
3.93 0.429532
3.96 0.430418
3.99 0.431306
4.02 0.432195
4.05 0.433085
4.08 0.433977
4.11 0.43487
4.14 0.435765
4.17 0.436661
4.2 0.437559
4.23 0.438458
4.26 0.439359
4.29 0.440261
4.32 0.441165
4.35 0.44207
4.38 0.442977
4.41 0.443885
4.44 0.444795
4.47 0.445706
4.5 0.446619
4.53 0.447534
4.56 0.44845
4.59 0.449368
4.62 0.450287
4.65 0.451208
4.68 0.452131
4.71 0.453055
4.74 0.453981
4.77 0.454909
4.8 0.455838
4.83 0.456769
4.86 0.457702
4.89 0.458636
4.92 0.459572
4.95 0.46051
4.98 0.46145
5.01 0.462391
5.04 0.463334
5.07 0.464279
5.1 0.465226
5.13 0.466174
5.16 0.467125
5.19 0.468077
5.22 0.469031
5.25 0.469987
5.28 0.470944
5.31 0.471904
5.34 0.472866
5.37 0.473829
5.4 0.474794
5.43 0.475761
5.46 0.47673
5.49 0.477701
5.52 0.478674
5.55 0.479649
5.58 0.480626
5.61 0.481605
5.64 0.482586
5.67 0.483569
5.7 0.484554
5.73 0.485541
5.76 0.48653
5.79 0.487521
5.82 0.488515
5.85 0.48951
5.88 0.490507
5.91 0.491507
5.94 0.492509
5.97 0.493512
6 0.494518
6.03 0.495526
6.06 0.496537
6.09 0.497549
6.12 0.498564
6.15 0.499581
6.18 0.5006
6.21 0.501622
6.24 0.502645
6.27 0.503671
6.3 0.5047
6.33 0.50573
6.36 0.506763
6.39 0.507798
6.42 0.508836
6.45 0.509876
6.48 0.510918
6.51 0.511963
6.54 0.51301
6.57 0.51406
6.6 0.515112
6.63 0.516166
6.66 0.517223
6.69 0.518282
6.72 0.519344
6.75 0.520409
6.78 0.521475
6.81 0.522545
6.84 0.523617
6.87 0.524691
6.9 0.525769
6.93 0.526848
6.96 0.527931
6.99 0.529016
7.02 0.530103
7.05 0.531194
7.08 0.532286
7.11 0.533382
7.14 0.53448
7.17 0.535582
7.2 0.536685
7.23 0.537792
7.26 0.538901
7.29 0.540013
7.32 0.541128
7.35 0.542246
7.38 0.543367
7.41 0.54449
7.44 0.545616
7.47 0.546745
7.5 0.547877
7.53 0.549012
7.56 0.55015
7.59 0.551291
7.62 0.552435
7.65 0.553582
7.68 0.554732
7.71 0.555884
7.74 0.55704
7.77 0.558199
7.8 0.559361
7.83 0.560526
7.86 0.561694
7.89 0.562866
7.92 0.56404
7.95 0.565218
7.98 0.566398
8.01 0.567582
8.04 0.568769
8.07 0.56996
8.1 0.571153
8.13 0.57235
8.16 0.57355
8.19 0.574754
8.22 0.57596
8.25 0.577171
8.28 0.578384
8.31 0.579601
8.34 0.580821
8.37 0.582044
8.4 0.583271
8.43 0.584502
8.46 0.585736
8.49 0.586973
8.52 0.588214
8.55 0.589458
8.58 0.590706
8.61 0.591958
8.64 0.593213
8.67 0.594471
8.7 0.595734
8.73 0.596999
8.76 0.598269
8.79 0.599542
8.82 0.600819
8.85 0.6021
8.88 0.603384
8.91 0.604672
8.94 0.605964
8.97 0.607259
9 0.608558
9.03 0.609862
9.06 0.611169
9.09 0.61248
9.12 0.613794
9.15 0.615113
9.18 0.616436
9.21 0.617762
9.24 0.619093
9.27 0.620427
9.3 0.621765
9.33 0.623108
9.36 0.624454
9.39 0.625805
9.42 0.62716
9.45 0.628518
9.48 0.629881
9.51 0.631248
9.54 0.632619
9.57 0.633995
9.6 0.635374
9.63 0.636758
9.66 0.638146
9.69 0.639538
9.72 0.640935
9.75 0.642336
9.78 0.643741
9.81 0.64515
9.84 0.646564
9.87 0.647982
9.9 0.649405
9.93 0.650832
9.96 0.652264
9.99 0.6537
10.02 0.65514
10.05 0.656585
10.08 0.658035
10.11 0.659489
10.14 0.660948
10.17 0.662411
10.2 0.663879
10.23 0.665351
10.26 0.666828
10.29 0.66831
10.32 0.669797
10.35 0.671288
10.38 0.672784
10.41 0.674285
10.44 0.67579
10.47 0.677301
10.5 0.678816
10.53 0.680336
10.56 0.681861
10.59 0.683391
10.62 0.684925
10.65 0.686465
10.68 0.68801
10.71 0.689559
10.74 0.691114
10.77 0.692673
10.8 0.694238
10.83 0.695808
10.86 0.697382
10.89 0.698962
10.92 0.700547
10.95 0.702137
10.98 0.703733
11.01 0.705333
11.04 0.706939
11.07 0.70855
11.1 0.710166
11.13 0.711788
11.16 0.713414
11.19 0.715046
11.22 0.716684
11.25 0.718327
11.28 0.719975
11.31 0.721628
11.34 0.723287
11.37 0.724952
11.4 0.726621
11.43 0.728297
11.46 0.729978
11.49 0.731664
11.52 0.733356
11.55 0.735053
11.58 0.736756
11.61 0.738465
11.64 0.740179
11.67 0.741899
11.7 0.743625
11.73 0.745356
11.76 0.747093
11.79 0.748836
11.82 0.750585
11.85 0.752339
11.88 0.754099
11.91 0.755865
11.94 0.757637
11.97 0.759414
12 0.761198
12.03 0.762987
12.06 0.764782
12.09 0.766583
12.12 0.768391
12.15 0.770204
12.18 0.772023
12.21 0.773848
12.24 0.775679
12.27 0.777516
12.3 0.77936
12.33 0.781209
12.36 0.783064
12.39 0.784926
12.42 0.786794
12.45 0.788668
12.48 0.790548
12.51 0.792434
12.54 0.794326
12.57 0.796225
12.6 0.79813
12.63 0.800041
12.66 0.801959
12.69 0.803883
12.72 0.805813
12.75 0.80775
12.78 0.809693
12.81 0.811642
12.84 0.813598
12.87 0.81556
12.9 0.817528
12.93 0.819503
12.96 0.821485
12.99 0.823473
13.02 0.825467
13.05 0.827468
13.08 0.829475
13.11 0.83149
13.14 0.83351
13.17 0.835537
13.2 0.837571
13.23 0.839612
13.26 0.841659
13.29 0.843712
13.32 0.845773
13.35 0.84784
13.38 0.849913
13.41 0.851994
13.44 0.854081
13.47 0.856175
13.5 0.858275
13.53 0.860383
13.56 0.862497
13.59 0.864618
13.62 0.866746
13.65 0.86888
13.68 0.871021
13.71 0.87317
13.74 0.875325
13.77 0.877487
13.8 0.879656
13.83 0.881831
13.86 0.884014
13.89 0.886204
13.92 0.8884
13.95 0.890603
13.98 0.892814
14.01 0.895031
14.04 0.897256
14.07 0.899487
14.1 0.901725
14.13 0.90397
14.16 0.906223
14.19 0.908482
14.22 0.910749
14.25 0.913022
14.28 0.915303
14.31 0.91759
14.34 0.919885
14.37 0.922187
14.4 0.924495
14.43 0.926811
14.46 0.929134
14.49 0.931465
14.52 0.933802
14.55 0.936146
14.58 0.938498
14.61 0.940857
14.64 0.943223
14.67 0.945596
14.7 0.947976
14.73 0.950363
14.76 0.952758
14.79 0.95516
14.82 0.957569
14.85 0.959985
14.88 0.962409
14.91 0.964839
14.94 0.967277
14.97 0.969722
15 0.972174
15.03 0.974634
15.06 0.977101
15.09 0.979575
15.12 0.982056
15.15 0.984545
15.18 0.987041
15.21 0.989544
15.24 0.992054
15.27 0.994572
15.3 0.997097
15.33 0.999629
15.36 1.00217
15.39 1.00471
15.42 1.00727
15.45 1.00983
15.48 1.0124
15.51 1.01497
15.54 1.01756
15.57 1.02015
15.6 1.02275
15.63 1.02535
15.66 1.02796
15.69 1.03058
15.72 1.03321
15.75 1.03584
15.78 1.03849
15.81 1.04114
15.84 1.04379
15.87 1.04646
15.9 1.04913
15.93 1.0518
15.96 1.05449
15.99 1.05718
16.02 1.05988
16.05 1.06259
16.08 1.06531
16.11 1.06803
16.14 1.07076
16.17 1.07349
16.2 1.07624
16.23 1.07899
16.26 1.08175
16.29 1.08451
16.32 1.08729
16.35 1.09007
16.38 1.09286
16.41 1.09565
16.44 1.09845
16.47 1.10126
16.5 1.10408
16.53 1.10691
16.56 1.10974
16.59 1.11258
16.62 1.11542
16.65 1.11828
16.68 1.12114
16.71 1.12401
16.74 1.12688
16.77 1.12977
16.8 1.13266
16.83 1.13556
16.86 1.13846
16.89 1.14138
16.92 1.1443
16.95 1.14722
16.98 1.15016
17.01 1.1531
17.04 1.15605
17.07 1.15901
17.1 1.16197
17.13 1.16494
17.16 1.16792
17.19 1.17091
17.22 1.1739
17.25 1.1769
17.28 1.17991
17.31 1.18293
17.34 1.18595
17.37 1.18898
17.4 1.19202
17.43 1.19507
17.46 1.19812
17.49 1.20118
17.52 1.20425
17.55 1.20733
17.58 1.21041
17.61 1.2135
17.64 1.2166
17.67 1.21971
17.7 1.22282
17.73 1.22594
17.76 1.22907
17.79 1.23221
17.82 1.23535
17.85 1.2385
17.88 1.24166
17.91 1.24483
17.94 1.24801
17.97 1.25119
18 1.25438
18.03 1.25758
18.06 1.26078
18.09 1.264
18.12 1.26722
18.15 1.27045
18.18 1.27368
18.21 1.27693
18.24 1.28018
18.27 1.28344
18.3 1.28671
18.33 1.28999
18.36 1.29327
18.39 1.29657
18.42 1.29987
18.45 1.30318
18.48 1.3065
18.51 1.30982
18.54 1.31316
18.57 1.3165
18.6 1.31985
18.63 1.32321
18.66 1.32658
18.69 1.32996
18.72 1.33334
18.75 1.33673
18.78 1.34014
18.81 1.34355
18.84 1.34697
18.87 1.35039
18.9 1.35383
18.93 1.35728
18.96 1.36073
18.99 1.3642
19.02 1.36767
19.05 1.37115
19.08 1.37464
19.11 1.37814
19.14 1.38165
19.17 1.38517
19.2 1.3887
19.23 1.39224
19.26 1.39579
19.29 1.39935
19.32 1.40291
19.35 1.40649
19.38 1.41008
19.41 1.41368
19.44 1.41728
19.47 1.4209
19.5 1.42453
19.53 1.42817
19.56 1.43182
19.59 1.43548
19.62 1.43914
19.65 1.44283
19.68 1.44652
19.71 1.45022
19.74 1.45393
19.77 1.45766
19.8 1.46139
19.83 1.46514
19.86 1.4689
19.89 1.47267
19.92 1.47645
19.95 1.48024
19.98 1.48404
20.01 1.48786
20.04 1.49169
20.07 1.49553
20.1 1.49939
20.13 1.50325
20.16 1.50713
20.19 1.51102
20.22 1.51493
20.25 1.51884
20.28 1.52277
20.31 1.52672
20.34 1.53068
20.37 1.53465
20.4 1.53863
20.43 1.54263
20.46 1.54664
20.49 1.55067
20.52 1.55471
20.55 1.55877
20.58 1.56284
20.61 1.56692
20.64 1.57102
20.67 1.57514
20.7 1.57927
20.73 1.58341
20.76 1.58757
20.79 1.59175
20.82 1.59595
20.85 1.60016
20.88 1.60438
20.91 1.60862
20.94 1.61288
20.97 1.61716
21 1.62145
21.03 1.62576
21.06 1.63009
21.09 1.63444
21.12 1.6388
21.15 1.64318
21.18 1.64759
21.21 1.652
21.24 1.65644
21.27 1.6609
21.3 1.66537
21.33 1.66987
21.36 1.67438
21.39 1.67892
21.42 1.68347
21.45 1.68805
21.48 1.69264
21.51 1.69726
21.54 1.7019
21.57 1.70655
21.6 1.71123
21.63 1.71593
21.66 1.72066
21.69 1.7254
21.72 1.73017
21.75 1.73496
21.78 1.73977
21.81 1.74461
21.84 1.74947
21.87 1.75435
21.9 1.75925
21.93 1.76419
21.96 1.76914
21.99 1.77412
22.02 1.77912
22.05 1.78415
22.08 1.78921
22.11 1.79428
22.14 1.79939
22.17 1.80452
22.2 1.80968
22.23 1.81486
22.26 1.82007
22.29 1.82531
22.32 1.83058
22.35 1.83587
22.38 1.84119
22.41 1.84654
22.44 1.85192
22.47 1.85732
22.5 1.86276
22.53 1.86822
22.56 1.87371
22.59 1.87923
22.62 1.88479
22.65 1.89037
22.68 1.89598
22.71 1.90162
22.74 1.9073
22.77 1.913
22.8 1.91874
22.83 1.92451
22.86 1.93031
22.89 1.93614
22.92 1.94201
22.95 1.9479
22.98 1.95383
23.01 1.95979
23.04 1.96579
23.07 1.97182
23.1 1.97788
23.13 1.98398
23.16 1.99011
23.19 1.99628
23.22 2.00248
23.25 2.00871
23.28 2.01498
23.31 2.02129
23.34 2.02763
23.37 2.034
23.4 2.04041
23.43 2.04686
23.46 2.05334
23.49 2.05986
23.52 2.06642
23.55 2.07301
23.58 2.07964
23.61 2.0863
23.64 2.09301
23.67 2.09974
23.7 2.10652
23.73 2.11333
23.76 2.12019
23.79 2.12707
23.82 2.134
23.85 2.14096
23.88 2.14796
23.91 2.155
23.94 2.16208
23.97 2.1692
24 2.17635
24.03 2.18354
24.06 2.19077
24.09 2.19803
24.12 2.20534
24.15 2.21268
24.18 2.22006
24.21 2.22747
24.24 2.23493
24.27 2.24242
24.3 2.24995
24.33 2.25752
24.36 2.26512
24.39 2.27276
24.42 2.28044
24.45 2.28816
24.48 2.29591
24.51 2.3037
24.54 2.31152
24.57 2.31939
24.6 2.32728
24.63 2.33522
24.66 2.34319
24.69 2.35119
24.72 2.35923
24.75 2.3673
24.78 2.37541
24.81 2.38355
24.84 2.39172
24.87 2.39993
24.9 2.40817
24.93 2.41645
24.96 2.42475
24.99 2.43309
25.02 2.44146
25.05 2.44986
25.08 2.45829
25.11 2.46675
25.14 2.47523
25.17 2.48375
25.2 2.4923
25.23 2.50087
25.26 2.50947
25.29 2.51809
25.32 2.52675
25.35 2.53542
25.38 2.54412
25.41 2.55285
25.44 2.5616
25.47 2.57037
25.5 2.57916
25.53 2.58797
25.56 2.59681
25.59 2.60566
25.62 2.61453
25.65 2.62342
25.68 2.63233
25.71 2.64125
25.74 2.65019
25.77 2.65914
25.8 2.66811
25.83 2.67709
25.86 2.68608
25.89 2.69509
25.92 2.7041
25.95 2.71312
25.98 2.72215
26.01 2.73119
26.04 2.74023
26.07 2.74928
26.1 2.75833
26.13 2.76739
26.16 2.77645
26.19 2.78551
26.22 2.79457
26.25 2.80363
26.28 2.81269
26.31 2.82175
26.34 2.8308
26.37 2.83985
26.4 2.84889
26.43 2.85792
26.46 2.86695
26.49 2.87597
26.52 2.88498
26.55 2.89397
26.58 2.90296
26.61 2.91193
26.64 2.92089
26.67 2.92983
26.7 2.93876
26.73 2.94766
26.76 2.95655
26.79 2.96542
26.82 2.97428
26.85 2.9831
26.88 2.99191
26.91 3.00069
26.94 3.00945
26.97 3.01819
27 3.02689
27.03 3.03557
27.06 3.04422
27.09 3.05284
27.12 3.06143
27.15 3.06999
27.18 3.07852
27.21 3.08702
27.24 3.09548
27.27 3.1039
27.3 3.1123
27.33 3.12065
27.36 3.12897
27.39 3.13725
27.42 3.14548
27.45 3.15368
27.48 3.16184
27.51 3.16996
27.54 3.17804
27.57 3.18607
27.6 3.19406
27.63 3.20201
27.66 3.20991
27.69 3.21777
27.72 3.22558
27.75 3.23334
27.78 3.24106
27.81 3.24873
27.84 3.25635
27.87 3.26392
27.9 3.27144
27.93 3.27892
27.96 3.28634
27.99 3.29371
28.02 3.30103
28.05 3.3083
28.08 3.31552
28.11 3.32268
28.14 3.3298
28.17 3.33686
28.2 3.34386
28.23 3.35081
28.26 3.35771
28.29 3.36456
28.32 3.37135
28.35 3.37809
28.38 3.38477
28.41 3.39139
28.44 3.39796
28.47 3.40448
28.5 3.41094
28.53 3.41735
28.56 3.4237
28.59 3.42999
28.62 3.43623
28.65 3.44241
28.68 3.44854
28.71 3.45461
28.74 3.46062
28.77 3.46658
28.8 3.47249
28.83 3.47834
28.86 3.48413
28.89 3.48987
28.92 3.49555
28.95 3.50118
28.98 3.50675
29.01 3.51226
29.04 3.51773
29.07 3.52313
29.1 3.52848
29.13 3.53378
29.16 3.53903
29.19 3.54422
29.22 3.54935
29.25 3.55443
29.28 3.55946
29.31 3.56444
29.34 3.56936
29.37 3.57423
29.4 3.57905
29.43 3.58382
29.46 3.58853
29.49 3.59319
29.52 3.5978
29.55 3.60236
29.58 3.60687
29.61 3.61133
29.64 3.61574
29.67 3.6201
29.7 3.62441
29.73 3.62868
29.76 3.63289
29.79 3.63705
29.82 3.64117
29.85 3.64524
29.88 3.64926
29.91 3.65324
29.94 3.65717
29.97 3.66105
30 3.66489
30.001 0
