0 -10
0.03 -8.83066
0.06 -8.83051
0.09 -8.83037
0.12 -8.83022
0.15 -8.83007
0.18 -8.82993
0.21 -8.82978
0.24 -8.82964
0.27 -8.82949
0.3 -8.82935
0.33 -8.8292
0.36 -8.82906
0.39 -8.82891
0.42 -8.82877
0.45 -8.82862
0.48 -8.82848
0.51 -8.82833
0.54 -8.82818
0.57 -8.82804
0.6 -8.82789
0.63 -8.82775
0.66 -8.8276
0.69 -8.82746
0.72 -8.82731
0.75 -8.82716
0.78 -8.82702
0.81 -8.82687
0.84 -8.82673
0.87 -8.82658
0.9 -8.82644
0.93 -8.82629
0.96 -8.82614
0.99 -8.826
1.02 -8.82585
1.05 -8.82571
1.08 -8.82556
1.11 -8.82541
1.14 -8.82527
1.17 -8.82512
1.2 -8.82497
1.23 -8.82483
1.26 -8.82468
1.29 -8.82454
1.32 -8.82439
1.35 -8.82424
1.38 -8.8241
1.41 -8.82395
1.44 -8.8238
1.47 -8.82366
1.5 -8.82351
1.53 -8.82336
1.56 -8.82322
1.59 -8.82307
1.62 -8.82292
1.65 -8.82277
1.68 -8.82263
1.71 -8.82248
1.74 -8.82233
1.77 -8.82219
1.8 -8.82204
1.83 -8.82189
1.86 -8.82174
1.89 -8.8216
1.92 -8.82145
1.95 -8.8213
1.98 -8.82115
2.01 -8.82101
2.04 -8.82086
2.07 -8.82071
2.1 -8.82056
2.13 -8.82042
2.16 -8.82027
2.19 -8.82012
2.22 -8.81997
2.25 -8.81982
2.28 -8.81968
2.31 -8.81953
2.34 -8.81938
2.37 -8.81923
2.4 -8.81908
2.43 -8.81893
2.46 -8.81879
2.49 -8.81864
2.52 -8.81849
2.55 -8.81834
2.58 -8.81819
2.61 -8.81804
2.64 -8.81789
2.67 -8.81774
2.7 -8.81759
2.73 -8.81745
2.76 -8.8173
2.79 -8.81715
2.82 -8.817
2.85 -8.81685
2.88 -8.8167
2.91 -8.81655
2.94 -8.8164
2.97 -8.81625
3 -8.8161
3.03 -8.81595
3.06 -8.8158
3.09 -8.81565
3.12 -8.8155
3.15 -8.81535
3.18 -8.8152
3.21 -8.81505
3.24 -8.81489
3.27 -8.81474
3.3 -8.81459
3.33 -8.81444
3.36 -8.81429
3.39 -8.81414
3.42 -8.81399
3.45 -8.81384
3.48 -8.81369
3.51 -8.81353
3.54 -8.81338
3.57 -8.81323
3.6 -8.81308
3.63 -8.81293
3.66 -8.81277
3.69 -8.81262
3.72 -8.81247
3.75 -8.81232
3.78 -8.81216
3.81 -8.81201
3.84 -8.81186
3.87 -8.81171
3.9 -8.81155
3.93 -8.8114
3.96 -8.81125
3.99 -8.81109
4.02 -8.81094
4.05 -8.81079
4.08 -8.81063
4.11 -8.81048
4.14 -8.81032
4.17 -8.81017
4.2 -8.81002
4.23 -8.80986
4.26 -8.80971
4.29 -8.80955
4.32 -8.8094
4.35 -8.80924
4.38 -8.80909
4.41 -8.80893
4.44 -8.80878
4.47 -8.80862
4.5 -8.80847
4.53 -8.80831
4.56 -8.80815
4.59 -8.808
4.62 -8.80784
4.65 -8.80769
4.68 -8.80753
4.71 -8.80737
4.74 -8.80722
4.77 -8.80706
4.8 -8.8069
4.83 -8.80675
4.86 -8.80659
4.89 -8.80643
4.92 -8.80627
4.95 -8.80612
4.98 -8.80596
5.01 -8.8058
5.04 -8.80564
5.07 -8.80548
5.1 -8.80532
5.13 -8.80517
5.16 -8.80501
5.19 -8.80485
5.22 -8.80469
5.25 -8.80453
5.28 -8.80437
5.31 -8.80421
5.34 -8.80405
5.37 -8.80389
5.4 -8.80373
5.43 -8.80357
5.46 -8.80341
5.49 -8.80325
5.52 -8.80309
5.55 -8.80293
5.58 -8.80277
5.61 -8.8026
5.64 -8.80244
5.67 -8.80228
5.7 -8.80212
5.73 -8.80196
5.76 -8.80179
5.79 -8.80163
5.82 -8.80147
5.85 -8.80131
5.88 -8.80114
5.91 -8.80098
5.94 -8.80082
5.97 -8.80065
6 -8.80049
6.03 -8.80032
6.06 -8.80016
6.09 -8.8
6.12 -8.79983
6.15 -8.79967
6.18 -8.7995
6.21 -8.79934
6.24 -8.79917
6.27 -8.79901
6.3 -8.79884
6.33 -8.79867
6.36 -8.79851
6.39 -8.79834
6.42 -8.79817
6.45 -8.79801
6.48 -8.79784
6.51 -8.79767
6.54 -8.79751
6.57 -8.79734
6.6 -8.79717
6.63 -8.797
6.66 -8.79683
6.69 -8.79666
6.72 -8.7965
6.75 -8.79633
6.78 -8.79616
6.81 -8.79599
6.84 -8.79582
6.87 -8.79565
6.9 -8.79548
6.93 -8.79531
6.96 -8.79514
6.99 -8.79497
7.02 -8.7948
7.05 -8.79462
7.08 -8.79445
7.11 -8.79428
7.14 -8.79411
7.17 -8.79394
7.2 -8.79376
7.23 -8.79359
7.26 -8.79342
7.29 -8.79325
7.32 -8.79307
7.35 -8.7929
7.38 -8.79272
7.41 -8.79255
7.44 -8.79238
7.47 -8.7922
7.5 -8.79203
7.53 -8.79185
7.56 -8.79168
7.59 -8.7915
7.62 -8.79132
7.65 -8.79115
7.68 -8.79097
7.71 -8.79079
7.74 -8.79062
7.77 -8.79044
7.8 -8.79026
7.83 -8.79009
7.86 -8.78991
7.89 -8.78973
7.92 -8.78955
7.95 -8.78937
7.98 -8.78919
8.01 -8.78901
8.04 -8.78883
8.07 -8.78865
8.1 -8.78847
8.13 -8.78829
8.16 -8.78811
8.19 -8.78793
8.22 -8.78775
8.25 -8.78757
8.28 -8.78739
8.31 -8.7872
8.34 -8.78702
8.37 -8.78684
8.4 -8.78666
8.43 -8.78647
8.46 -8.78629
8.49 -8.78611
8.52 -8.78592
8.55 -8.78574
8.58 -8.78555
8.61 -8.78537
8.64 -8.78518
8.67 -8.785
8.7 -8.78481
8.73 -8.78463
8.76 -8.78444
8.79 -8.78425
8.82 -8.78407
8.85 -8.78388
8.88 -8.78369
8.91 -8.78351
8.94 -8.78332
8.97 -8.78313
9 -8.78294
9.03 -8.78275
9.06 -8.78256
9.09 -8.78237
9.12 -8.78218
9.15 -8.78199
9.18 -8.7818
9.21 -8.78161
9.24 -8.78142
9.27 -8.78123
9.3 -8.78104
9.33 -8.78085
9.36 -8.78065
9.39 -8.78046
9.42 -8.78027
9.45 -8.78008
9.48 -8.77988
9.51 -8.77969
9.54 -8.77949
9.57 -8.7793
9.6 -8.77911
9.63 -8.77891
9.66 -8.77872
9.69 -8.77852
9.72 -8.77832
9.75 -8.77813
9.78 -8.77793
9.81 -8.77774
9.84 -8.77754
9.87 -8.77734
9.9 -8.77714
9.93 -8.77695
9.96 -8.77675
9.99 -8.77655
10.02 -8.77635
10.05 -8.77615
10.08 -8.77595
10.11 -8.77575
10.14 -8.77555
10.17 -8.77535
10.2 -8.77515
10.23 -8.77495
10.26 -8.77475
10.29 -8.77455
10.32 -8.77434
10.35 -8.77414
10.38 -8.77394
10.41 -8.77374
10.44 -8.77353
10.47 -8.77333
10.5 -8.77313
10.53 -8.77292
10.56 -8.77272
10.59 -8.77251
10.62 -8.77231
10.65 -8.7721
10.68 -8.7719
10.71 -8.77169
10.74 -8.77149
10.77 -8.77128
10.8 -8.77107
10.83 -8.77087
10.86 -8.77066
10.89 -8.77045
10.92 -8.77024
10.95 -8.77004
10.98 -8.76983
11.01 -8.76962
11.04 -8.76941
11.07 -8.7692
11.1 -8.76899
11.13 -8.76878
11.16 -8.76857
11.19 -8.76836
11.22 -8.76815
11.25 -8.76794
11.28 -8.76773
11.31 -8.76751
11.34 -8.7673
11.37 -8.76709
11.4 -8.76688
11.43 -8.76666
11.46 -8.76645
11.49 -8.76624
11.52 -8.76602
11.55 -8.76581
11.58 -8.7656
11.61 -8.76538
11.64 -8.76517
11.67 -8.76495
11.7 -8.76474
11.73 -8.76452
11.76 -8.76431
11.79 -8.76409
11.82 -8.76387
11.85 -8.76366
11.88 -8.76344
11.91 -8.76322
11.94 -8.76301
11.97 -8.76279
12 -8.76257
12.03 -8.76235
12.06 -8.76213
12.09 -8.76191
12.12 -8.7617
12.15 -8.76148
12.18 -8.76126
12.21 -8.76104
12.24 -8.76082
12.27 -8.7606
12.3 -8.76038
12.33 -8.76016
12.36 -8.75994
12.39 -8.75972
12.42 -8.75949
12.45 -8.75927
12.48 -8.75905
12.51 -8.75883
12.54 -8.75861
12.57 -8.75839
12.6 -8.75816
12.63 -8.75794
12.66 -8.75772
12.69 -8.7575
12.72 -8.75727
12.75 -8.75705
12.78 -8.75683
12.81 -8.7566
12.84 -8.75638
12.87 -8.75615
12.9 -8.75593
12.93 -8.7557
12.96 -8.75548
12.99 -8.75526
13.02 -8.75503
13.05 -8.75481
13.08 -8.75458
13.11 -8.75435
13.14 -8.75413
13.17 -8.7539
13.2 -8.75368
13.23 -8.75345
13.26 -8.75323
13.29 -8.753
13.32 -8.75277
13.35 -8.75255
13.38 -8.75232
13.41 -8.75209
13.44 -8.75187
13.47 -8.75164
13.5 -8.75141
13.53 -8.75118
13.56 -8.75096
13.59 -8.75073
13.62 -8.7505
13.65 -8.75028
13.68 -8.75005
13.71 -8.74982
13.74 -8.74959
13.77 -8.74936
13.8 -8.74914
13.83 -8.74891
13.86 -8.74868
13.89 -8.74845
13.92 -8.74822
13.95 -8.748
13.98 -8.74777
14.01 -8.74754
14.04 -8.74731
14.07 -8.74708
14.1 -8.74686
14.13 -8.74663
14.16 -8.7464
14.19 -8.74617
14.22 -8.74594
14.25 -8.74571
14.28 -8.74549
14.31 -8.74526
14.34 -8.74503
14.37 -8.7448
14.4 -8.74457
14.43 -8.74435
14.46 -8.74412
14.49 -8.74389
14.52 -8.74366
14.55 -8.74343
14.58 -8.74321
14.61 -8.74298
14.64 -8.74275
14.67 -8.74252
14.7 -8.7423
14.73 -8.74207
14.76 -8.74184
14.79 -8.74161
14.82 -8.74139
14.85 -8.74116
14.88 -8.74093
14.91 -8.74071
14.94 -8.74048
14.97 -8.74025
15 -8.74003
15.03 -8.7398
15.06 -8.73958
15.09 -8.73935
15.12 -8.73913
15.15 -8.7389
15.18 -8.73867
15.21 -8.73845
15.24 -8.73822
15.27 -8.738
15.3 -8.73778
15.33 -8.73755
15.36 -8.73733
15.39 -8.7371
15.42 -8.73688
15.45 -8.73666
15.48 -8.73643
15.51 -8.73621
15.54 -8.73599
15.57 -8.73577
15.6 -8.73554
15.63 -8.73532
15.66 -8.7351
15.69 -8.73488
15.72 -8.73466
15.75 -8.73444
15.78 -8.73422
15.81 -8.734
15.84 -8.73378
15.87 -8.73356
15.9 -8.73334
15.93 -8.73312
15.96 -8.7329
15.99 -8.73269
16.02 -8.73247
16.05 -8.73225
16.08 -8.73203
16.11 -8.73182
16.14 -8.7316
16.17 -8.73139
16.2 -8.73117
16.23 -8.73096
16.26 -8.73074
16.29 -8.73053
16.32 -8.73031
16.35 -8.7301
16.38 -8.72989
16.41 -8.72968
16.44 -8.72946
16.47 -8.72925
16.5 -8.72904
16.53 -8.72883
16.56 -8.72862
16.59 -8.72841
16.62 -8.7282
16.65 -8.72799
16.68 -8.72779
16.71 -8.72758
16.74 -8.72737
16.77 -8.72716
16.8 -8.72696
16.83 -8.72675
16.86 -8.72655
16.89 -8.72634
16.92 -8.72614
16.95 -8.72594
16.98 -8.72573
17.01 -8.72553
17.04 -8.72533
17.07 -8.72513
17.1 -8.72493
17.13 -8.72473
17.16 -8.72453
17.19 -8.72433
17.22 -8.72413
17.25 -8.72394
17.28 -8.72374
17.31 -8.72354
17.34 -8.72335
17.37 -8.72315
17.4 -8.72296
17.43 -8.72276
17.46 -8.72257
17.49 -8.72238
17.52 -8.72219
17.55 -8.722
17.58 -8.72181
17.61 -8.72162
17.64 -8.72143
17.67 -8.72124
17.7 -8.72105
17.73 -8.72086
17.76 -8.72068
17.79 -8.72049
17.82 -8.72031
17.85 -8.72012
17.88 -8.71994
17.91 -8.71976
17.94 -8.71958
17.97 -8.7194
18 -8.71922
18.03 -8.71904
18.06 -8.71886
18.09 -8.71868
18.12 -8.7185
18.15 -8.71833
18.18 -8.71815
18.21 -8.71798
18.24 -8.7178
18.27 -8.71763
18.3 -8.71746
18.33 -8.71729
18.36 -8.71712
18.39 -8.71695
18.42 -8.71678
18.45 -8.71661
18.48 -8.71644
18.51 -8.71627
18.54 -8.71611
18.57 -8.71594
18.6 -8.71578
18.63 -8.71562
18.66 -8.71545
18.69 -8.71529
18.72 -8.71513
18.75 -8.71497
18.78 -8.71481
18.81 -8.71466
18.84 -8.7145
18.87 -8.71434
18.9 -8.71419
18.93 -8.71403
18.96 -8.71388
18.99 -8.71373
19.02 -8.71358
19.05 -8.71343
19.08 -8.71328
19.11 -8.71313
19.14 -8.71298
19.17 -8.71284
19.2 -8.71269
19.23 -8.71254
19.26 -8.7124
19.29 -8.71226
19.32 -8.71212
19.35 -8.71198
19.38 -8.71184
19.41 -8.7117
19.44 -8.71156
19.47 -8.71142
19.5 -8.71129
19.53 -8.71115
19.56 -8.71102
19.59 -8.71089
19.62 -8.71075
19.65 -8.71062
19.68 -8.7105
19.71 -8.71037
19.74 -8.71024
19.77 -8.71011
19.8 -8.70999
19.83 -8.70986
19.86 -8.70974
19.89 -8.70962
19.92 -8.7095
19.95 -8.70938
19.98 -8.70926
20.01 -8.70914
20.04 -8.70903
20.07 -8.70891
20.1 -8.7088
20.13 -8.70869
20.16 -8.70857
20.19 -8.70846
20.22 -8.70835
20.25 -8.70825
20.28 -8.70814
20.31 -8.70803
20.34 -8.70793
20.37 -8.70783
20.4 -8.70773
20.43 -8.70763
20.46 -8.70753
20.49 -8.70743
20.52 -8.70733
20.55 -8.70724
20.58 -8.70714
20.61 -8.70705
20.64 -8.70696
20.67 -8.70687
20.7 -8.70678
20.73 -8.70669
20.76 -8.70661
20.79 -8.70652
20.82 -8.70644
20.85 -8.70636
20.88 -8.70628
20.91 -8.7062
20.94 -8.70612
20.97 -8.70604
21 -8.70597
21.03 -8.7059
21.06 -8.70583
21.09 -8.70576
21.12 -8.70569
21.15 -8.70562
21.18 -8.70556
21.21 -8.70549
21.24 -8.70543
21.27 -8.70537
21.3 -8.70531
21.33 -8.70525
21.36 -8.7052
21.39 -8.70515
21.42 -8.70509
21.45 -8.70504
21.48 -8.70499
21.51 -8.70495
21.54 -8.7049
21.57 -8.70486
21.6 -8.70482
21.63 -8.70478
21.66 -8.70474
21.69 -8.70471
21.72 -8.70467
21.75 -8.70464
21.78 -8.70461
21.81 -8.70458
21.84 -8.70456
21.87 -8.70453
21.9 -8.70451
21.93 -8.70449
21.96 -8.70448
21.99 -8.70446
22.02 -8.70445
22.05 -8.70444
22.08 -8.70443
22.11 -8.70442
22.14 -8.70442
22.17 -8.70442
22.2 -8.70442
22.23 -8.70442
22.26 -8.70442
22.29 -8.70443
22.32 -8.70444
22.35 -8.70445
22.38 -8.70447
22.41 -8.70449
22.44 -8.70451
22.47 -8.70453
22.5 -8.70456
22.53 -8.70459
22.56 -8.70462
22.59 -8.70465
22.62 -8.70469
22.65 -8.70473
22.68 -8.70477
22.71 -8.70481
22.74 -8.70486
22.77 -8.70491
22.8 -8.70497
22.83 -8.70502
22.86 -8.70508
22.89 -8.70515
22.92 -8.70521
22.95 -8.70528
22.98 -8.70536
23.01 -8.70543
23.04 -8.70551
23.07 -8.7056
23.1 -8.70568
23.13 -8.70577
23.16 -8.70586
23.19 -8.70596
23.22 -8.70606
23.25 -8.70617
23.28 -8.70627
23.31 -8.70638
23.34 -8.7065
23.37 -8.70662
23.4 -8.70674
23.43 -8.70687
23.46 -8.707
23.49 -8.70713
23.52 -8.70727
23.55 -8.70742
23.58 -8.70756
23.61 -8.70771
23.64 -8.70787
23.67 -8.70803
23.7 -8.70819
23.73 -8.70836
23.76 -8.70853
23.79 -8.70871
23.82 -8.70889
23.85 -8.70908
23.88 -8.70927
23.91 -8.70946
23.94 -8.70966
23.97 -8.70987
24 -8.71008
24.03 -8.71029
24.06 -8.71051
24.09 -8.71073
24.12 -8.71096
24.15 -8.71119
24.18 -8.71143
24.21 -8.71168
24.24 -8.71193
24.27 -8.71218
24.3 -8.71244
24.33 -8.7127
24.36 -8.71297
24.39 -8.71325
24.42 -8.71353
24.45 -8.71382
24.48 -8.71411
24.51 -8.7144
24.54 -8.71471
24.57 -8.71501
24.6 -8.71533
24.63 -8.71565
24.66 -8.71597
24.69 -8.7163
24.72 -8.71664
24.75 -8.71698
24.78 -8.71733
24.81 -8.71768
24.84 -8.71804
24.87 -8.71841
24.9 -8.71878
24.93 -8.71916
24.96 -8.71954
24.99 -8.71993
25.02 -8.72032
25.05 -8.72072
25.08 -8.72113
25.11 -8.72154
25.14 -8.72196
25.17 -8.72239
25.2 -8.72282
25.23 -8.72326
25.26 -8.7237
25.29 -8.72415
25.32 -8.72461
25.35 -8.72507
25.38 -8.72554
25.41 -8.72601
25.44 -8.72649
25.47 -8.72698
25.5 -8.72747
25.53 -8.72797
25.56 -8.72848
25.59 -8.72899
25.62 -8.7295
25.65 -8.73003
25.68 -8.73056
25.71 -8.73109
25.74 -8.73163
25.77 -8.73218
25.8 -8.73273
25.83 -8.73329
25.86 -8.73386
25.89 -8.73443
25.92 -8.73501
25.95 -8.73559
25.98 -8.73618
26.01 -8.73677
26.04 -8.73737
26.07 -8.73798
26.1 -8.73859
26.13 -8.73921
26.16 -8.73983
26.19 -8.74046
26.22 -8.74109
26.25 -8.74173
26.28 -8.74237
26.31 -8.74302
26.34 -8.74367
26.37 -8.74433
26.4 -8.745
26.43 -8.74567
26.46 -8.74634
26.49 -8.74702
26.52 -8.74771
26.55 -8.74839
26.58 -8.74909
26.61 -8.74979
26.64 -8.75049
26.67 -8.75119
26.7 -8.75191
26.73 -8.75262
26.76 -8.75334
26.79 -8.75406
26.82 -8.75479
26.85 -8.75552
26.88 -8.75626
26.91 -8.757
26.94 -8.75774
26.97 -8.75849
27 -8.75923
27.03 -8.75999
27.06 -8.76074
27.09 -8.7615
27.12 -8.76226
27.15 -8.76303
27.18 -8.7638
27.21 -8.76457
27.24 -8.76534
27.27 -8.76612
27.3 -8.76689
27.33 -8.76768
27.36 -8.76846
27.39 -8.76924
27.42 -8.77003
27.45 -8.77082
27.48 -8.77161
27.51 -8.7724
27.54 -8.7732
27.57 -8.77399
27.6 -8.77479
27.63 -8.77559
27.66 -8.77639
27.69 -8.77719
27.72 -8.77799
27.75 -8.77879
27.78 -8.7796
27.81 -8.7804
27.84 -8.78121
27.87 -8.78201
27.9 -8.78282
27.93 -8.78362
27.96 -8.78443
27.99 -8.78524
28.02 -8.78604
28.05 -8.78685
28.08 -8.78766
28.11 -8.78846
28.14 -8.78927
28.17 -8.79008
28.2 -8.79088
28.23 -8.79169
28.26 -8.79249
28.29 -8.7933
28.32 -8.7941
28.35 -8.79491
28.38 -8.79571
28.41 -8.79651
28.44 -8.79731
28.47 -8.79811
28.5 -8.79891
28.53 -8.7997
28.56 -8.8005
28.59 -8.80129
28.62 -8.80209
28.65 -8.80288
28.68 -8.80367
28.71 -8.80446
28.74 -8.80525
28.77 -8.80603
28.8 -8.80682
28.83 -8.8076
28.86 -8.80838
28.89 -8.80916
28.92 -8.80993
28.95 -8.81071
28.98 -8.81148
29.01 -8.81225
29.04 -8.81302
29.07 -8.81379
29.1 -8.81456
29.13 -8.81532
29.16 -8.81608
29.19 -8.81684
29.22 -8.8176
29.25 -8.81835
29.28 -8.8191
29.31 -8.81985
29.34 -8.8206
29.37 -8.82135
29.4 -8.82209
29.43 -8.82283
29.46 -8.82357
29.49 -8.82431
29.52 -8.82504
29.55 -8.82577
29.58 -8.8265
29.61 -8.82723
29.64 -8.82796
29.67 -8.82868
29.7 -8.8294
29.73 -8.83012
29.76 -8.83083
29.79 -8.83154
29.82 -8.83225
29.85 -8.83296
29.88 -8.83367
29.91 -8.83437
29.94 -8.83507
29.97 -8.83577
30 -8.83646
30.001 -10
