0 0
0.03 0.213734
0.06 0.214318
0.09 0.214903
0.12 0.215488
0.15 0.216073
0.18 0.21666
0.21 0.217247
0.24 0.217836
0.27 0.218424
0.3 0.219014
0.33 0.219604
0.36 0.220195
0.39 0.220787
0.42 0.22138
0.45 0.221973
0.48 0.222567
0.51 0.223162
0.54 0.223758
0.57 0.224354
0.6 0.224952
0.63 0.22555
0.66 0.226148
0.69 0.226748
0.72 0.227348
0.75 0.227949
0.78 0.228551
0.81 0.229154
0.84 0.229757
0.87 0.230361
0.9 0.230966
0.93 0.231572
0.96 0.232179
0.99 0.232786
1.02 0.233394
1.05 0.234003
1.08 0.234613
1.11 0.235224
1.14 0.235835
1.17 0.236448
1.2 0.237061
1.23 0.237675
1.26 0.238289
1.29 0.238905
1.32 0.239521
1.35 0.240138
1.38 0.240756
1.41 0.241375
1.44 0.241995
1.47 0.242615
1.5 0.243237
1.53 0.243859
1.56 0.244482
1.59 0.245106
1.62 0.245731
1.65 0.246356
1.68 0.246983
1.71 0.24761
1.74 0.248238
1.77 0.248867
1.8 0.249497
1.83 0.250128
1.86 0.250759
1.89 0.251392
1.92 0.252025
1.95 0.252659
1.98 0.253294
2.01 0.25393
2.04 0.254567
2.07 0.255205
2.1 0.255844
2.13 0.256483
2.16 0.257124
2.19 0.257765
2.22 0.258408
2.25 0.259051
2.28 0.259695
2.31 0.26034
2.34 0.260986
2.37 0.261633
2.4 0.26228
2.43 0.262929
2.46 0.263579
2.49 0.264229
2.52 0.264881
2.55 0.265533
2.58 0.266186
2.61 0.266841
2.64 0.267496
2.67 0.268152
2.7 0.268809
2.73 0.269467
2.76 0.270126
2.79 0.270786
2.82 0.271447
2.85 0.272109
2.88 0.272772
2.91 0.273436
2.94 0.274101
2.97 0.274767
3 0.275434
3.03 0.276102
3.06 0.27677
3.09 0.27744
3.12 0.278111
3.15 0.278783
3.18 0.279456
3.21 0.28013
3.24 0.280804
3.27 0.28148
3.3 0.282157
3.33 0.282835
3.36 0.283514
3.39 0.284194
3.42 0.284875
3.45 0.285557
3.48 0.28624
3.51 0.286924
3.54 0.287609
3.57 0.288296
3.6 0.288983
3.63 0.289671
3.66 0.290361
3.69 0.291051
3.72 0.291743
3.75 0.292435
3.78 0.293129
3.81 0.293824
3.84 0.29452
3.87 0.295217
3.9 0.295915
3.93 0.296614
3.96 0.297314
3.99 0.298016
4.02 0.298718
4.05 0.299422
4.08 0.300127
4.11 0.300833
4.14 0.30154
4.17 0.302248
4.2 0.302957
4.23 0.303667
4.26 0.304379
4.29 0.305092
4.32 0.305806
4.35 0.306521
4.38 0.307237
4.41 0.307954
4.44 0.308673
4.47 0.309392
4.5 0.310113
4.53 0.310835
4.56 0.311559
4.59 0.312283
4.62 0.313009
4.65 0.313736
4.68 0.314464
4.71 0.315193
4.74 0.315924
4.77 0.316655
4.8 0.317388
4.83 0.318123
4.86 0.318858
4.89 0.319595
4.92 0.320333
4.95 0.321072
4.98 0.321812
5.01 0.322554
5.04 0.323297
5.07 0.324041
5.1 0.324787
5.13 0.325534
5.16 0.326282
5.19 0.327031
5.22 0.327782
5.25 0.328534
5.28 0.329287
5.31 0.330042
5.34 0.330798
5.37 0.331555
5.4 0.332314
5.43 0.333074
5.46 0.333835
5.49 0.334598
5.52 0.335362
5.55 0.336127
5.58 0.336894
5.61 0.337662
5.64 0.338431
5.67 0.339202
5.7 0.339975
5.73 0.340748
5.76 0.341523
5.79 0.3423
5.82 0.343078
5.85 0.343857
5.88 0.344638
5.91 0.34542
5.94 0.346203
5.97 0.346988
6 0.347775
6.03 0.348563
6.06 0.349352
6.09 0.350143
6.12 0.350935
6.15 0.351729
6.18 0.352524
6.21 0.353321
6.24 0.354119
6.27 0.354919
6.3 0.35572
6.33 0.356523
6.36 0.357327
6.39 0.358133
6.42 0.35894
6.45 0.359749
6.48 0.36056
6.51 0.361372
6.54 0.362185
6.57 0.363
6.6 0.363817
6.63 0.364635
6.66 0.365455
6.69 0.366277
6.72 0.3671
6.75 0.367925
6.78 0.368751
6.81 0.369579
6.84 0.370408
6.87 0.37124
6.9 0.372072
6.93 0.372907
6.96 0.373743
6.99 0.374581
7.02 0.375421
7.05 0.376262
7.08 0.377105
7.11 0.377949
7.14 0.378795
7.17 0.379643
7.2 0.380493
7.23 0.381345
7.26 0.382198
7.29 0.383053
7.32 0.383909
7.35 0.384768
7.38 0.385628
7.41 0.38649
7.44 0.387354
7.47 0.388219
7.5 0.389087
7.53 0.389956
7.56 0.390827
7.59 0.3917
7.62 0.392574
7.65 0.393451
7.68 0.394329
7.71 0.395209
7.74 0.396091
7.77 0.396975
7.8 0.397861
7.83 0.398748
7.86 0.399638
7.89 0.40053
7.92 0.401423
7.95 0.402318
7.98 0.403215
8.01 0.404115
8.04 0.405016
8.07 0.405919
8.1 0.406824
8.13 0.407731
8.16 0.40864
8.19 0.409551
8.22 0.410464
8.25 0.411379
8.28 0.412296
8.31 0.413215
8.34 0.414137
8.37 0.41506
8.4 0.415985
8.43 0.416912
8.46 0.417842
8.49 0.418773
8.52 0.419707
8.55 0.420643
8.58 0.42158
8.61 0.42252
8.64 0.423462
8.67 0.424407
8.7 0.425353
8.73 0.426302
8.76 0.427253
8.79 0.428205
8.82 0.429161
8.85 0.430118
8.88 0.431078
8.91 0.432039
8.94 0.433003
8.97 0.43397
9 0.434938
9.03 0.435909
9.06 0.436882
9.09 0.437858
9.12 0.438835
9.15 0.439816
9.18 0.440798
9.21 0.441783
9.24 0.44277
9.27 0.443759
9.3 0.444751
9.33 0.445745
9.36 0.446742
9.39 0.447741
9.42 0.448742
9.45 0.449746
9.48 0.450752
9.51 0.451761
9.54 0.452772
9.57 0.453786
9.6 0.454802
9.63 0.45582
9.66 0.456841
9.69 0.457865
9.72 0.458891
9.75 0.45992
9.78 0.460951
9.81 0.461985
9.84 0.463022
9.87 0.464061
9.9 0.465102
9.93 0.466147
9.96 0.467194
9.99 0.468243
10.02 0.469295
10.05 0.47035
10.08 0.471408
10.11 0.472468
10.14 0.473531
10.17 0.474597
10.2 0.475665
10.23 0.476736
10.26 0.47781
10.29 0.478887
10.32 0.479967
10.35 0.481049
10.38 0.482134
10.41 0.483222
10.44 0.484313
10.47 0.485406
10.5 0.486503
10.53 0.487602
10.56 0.488705
10.59 0.48981
10.62 0.490918
10.65 0.492029
10.68 0.493143
10.71 0.49426
10.74 0.49538
10.77 0.496503
10.8 0.497629
10.83 0.498758
10.86 0.49989
10.89 0.501025
10.92 0.502163
10.95 0.503305
10.98 0.504449
11.01 0.505596
11.04 0.506747
11.07 0.507901
11.1 0.509058
11.13 0.510218
11.16 0.511381
11.19 0.512548
11.22 0.513717
11.25 0.51489
11.28 0.516066
11.31 0.517246
11.34 0.518429
11.37 0.519615
11.4 0.520804
11.43 0.521997
11.46 0.523193
11.49 0.524392
11.52 0.525595
11.55 0.526801
11.58 0.528011
11.61 0.529224
11.64 0.53044
11.67 0.53166
11.7 0.532884
11.73 0.534111
11.76 0.535341
11.79 0.536575
11.82 0.537813
11.85 0.539054
11.88 0.540299
11.91 0.541547
11.94 0.542799
11.97 0.544054
12 0.545313
12.03 0.546576
12.06 0.547843
12.09 0.549113
12.12 0.550387
12.15 0.551665
12.18 0.552946
12.21 0.554232
12.24 0.555521
12.27 0.556814
12.3 0.55811
12.33 0.559411
12.36 0.560715
12.39 0.562024
12.42 0.563336
12.45 0.564652
12.48 0.565972
12.51 0.567297
12.54 0.568625
12.57 0.569957
12.6 0.571293
12.63 0.572633
12.66 0.573977
12.69 0.575326
12.72 0.576678
12.75 0.578035
12.78 0.579395
12.81 0.58076
12.84 0.582129
12.87 0.583503
12.9 0.58488
12.93 0.586262
12.96 0.587648
12.99 0.589038
13.02 0.590433
13.05 0.591831
13.08 0.593235
13.11 0.594642
13.14 0.596054
13.17 0.597471
13.2 0.598892
13.23 0.600317
13.26 0.601747
13.29 0.603181
13.32 0.60462
13.35 0.606063
13.38 0.607511
13.41 0.608964
13.44 0.610421
13.47 0.611883
13.5 0.613349
13.53 0.61482
13.56 0.616296
13.59 0.617776
13.62 0.619262
13.65 0.620752
13.68 0.622246
13.71 0.623746
13.74 0.625251
13.77 0.62676
13.8 0.628274
13.83 0.629793
13.86 0.631317
13.89 0.632846
13.92 0.63438
13.95 0.635919
13.98 0.637463
14.01 0.639012
14.04 0.640566
14.07 0.642125
14.1 0.643689
14.13 0.645259
14.16 0.646833
14.19 0.648413
14.22 0.649998
14.25 0.651588
14.28 0.653184
14.31 0.654785
14.34 0.656391
14.37 0.658002
14.4 0.659619
14.43 0.661241
14.46 0.662869
14.49 0.664502
14.52 0.666141
14.55 0.667785
14.58 0.669434
14.61 0.671089
14.64 0.67275
14.67 0.674416
14.7 0.676088
14.73 0.677766
14.76 0.679449
14.79 0.681138
14.82 0.682833
14.85 0.684533
14.88 0.686239
14.91 0.687951
14.94 0.689669
14.97 0.691393
15 0.693123
15.03 0.694858
15.06 0.6966
15.09 0.698347
15.12 0.700101
15.15 0.70186
15.18 0.703626
15.21 0.705398
15.24 0.707175
15.27 0.708959
15.3 0.71075
15.33 0.712546
15.36 0.714348
15.39 0.716157
15.42 0.717972
15.45 0.719794
15.48 0.721622
15.51 0.723456
15.54 0.725297
15.57 0.727144
15.6 0.728997
15.63 0.730857
15.66 0.732724
15.69 0.734597
15.72 0.736477
15.75 0.738363
15.78 0.740256
15.81 0.742156
15.84 0.744062
15.87 0.745975
15.9 0.747895
15.93 0.749822
15.96 0.751755
15.99 0.753696
16.02 0.755643
16.05 0.757597
16.08 0.759558
16.11 0.761527
16.14 0.763502
16.17 0.765484
16.2 0.767474
16.23 0.76947
16.26 0.771474
16.29 0.773485
16.32 0.775503
16.35 0.777528
16.38 0.779561
16.41 0.781601
16.44 0.783648
16.47 0.785703
16.5 0.787765
16.53 0.789834
16.56 0.791912
16.59 0.793996
16.62 0.796088
16.65 0.798188
16.68 0.800296
16.71 0.802411
16.74 0.804533
16.77 0.806664
16.8 0.808802
16.83 0.810948
16.86 0.813102
16.89 0.815264
16.92 0.817434
16.95 0.819611
16.98 0.821797
17.01 0.823991
17.04 0.826193
17.07 0.828402
17.1 0.83062
17.13 0.832847
17.16 0.835081
17.19 0.837324
17.22 0.839574
17.25 0.841834
17.28 0.844101
17.31 0.846377
17.34 0.848662
17.37 0.850955
17.4 0.853256
17.43 0.855566
17.46 0.857885
17.49 0.860212
17.52 0.862548
17.55 0.864892
17.58 0.867246
17.61 0.869608
17.64 0.871979
17.67 0.874359
17.7 0.876748
17.73 0.879145
17.76 0.881552
17.79 0.883968
17.82 0.886393
17.85 0.888827
17.88 0.89127
17.91 0.893723
17.94 0.896185
17.97 0.898656
18 0.901136
18.03 0.903626
18.06 0.906125
18.09 0.908634
18.12 0.911152
18.15 0.91368
18.18 0.916218
18.21 0.918765
18.24 0.921322
18.27 0.923889
18.3 0.926465
18.33 0.929052
18.36 0.931648
18.39 0.934254
18.42 0.93687
18.45 0.939497
18.48 0.942133
18.51 0.94478
18.54 0.947437
18.57 0.950104
18.6 0.952782
18.63 0.95547
18.66 0.958168
18.69 0.960877
18.72 0.963596
18.75 0.966326
18.78 0.969067
18.81 0.971818
18.84 0.97458
18.87 0.977353
18.9 0.980137
18.93 0.982932
18.96 0.985738
18.99 0.988555
19.02 0.991383
19.05 0.994222
19.08 0.997073
19.11 0.999935
19.14 1.00281
19.17 1.00569
19.2 1.00859
19.23 1.0115
19.26 1.01442
19.29 1.01735
19.32 1.02029
19.35 1.02325
19.38 1.02621
19.41 1.02919
19.44 1.03218
19.47 1.03518
19.5 1.0382
19.53 1.04123
19.56 1.04427
19.59 1.04732
19.62 1.05039
19.65 1.05346
19.68 1.05655
19.71 1.05966
19.74 1.06277
19.77 1.0659
19.8 1.06904
19.83 1.0722
19.86 1.07537
19.89 1.07855
19.92 1.08174
19.95 1.08495
19.98 1.08818
20.01 1.09141
20.04 1.09466
20.07 1.09793
20.1 1.1012
20.13 1.1045
20.16 1.1078
20.19 1.11112
20.22 1.11446
20.25 1.11781
20.28 1.12117
20.31 1.12455
20.34 1.12795
20.37 1.13136
20.4 1.13478
20.43 1.13822
20.46 1.14168
20.49 1.14515
20.52 1.14864
20.55 1.15214
20.58 1.15566
20.61 1.15919
20.64 1.16274
20.67 1.16631
20.7 1.16989
20.73 1.1735
20.76 1.17711
20.79 1.18075
20.82 1.1844
20.85 1.18807
20.88 1.19176
20.91 1.19546
20.94 1.19919
20.97 1.20293
21 1.20669
21.03 1.21046
21.06 1.21426
21.09 1.21808
21.12 1.22191
21.15 1.22577
21.18 1.22964
21.21 1.23353
21.24 1.23745
21.27 1.24138
21.3 1.24533
21.33 1.24931
21.36 1.2533
21.39 1.25732
21.42 1.26136
21.45 1.26542
21.48 1.2695
21.51 1.2736
21.54 1.27773
21.57 1.28188
21.6 1.28605
21.63 1.29025
21.66 1.29447
21.69 1.29871
21.72 1.30298
21.75 1.30727
21.78 1.31159
21.81 1.31593
21.84 1.3203
21.87 1.32469
21.9 1.32912
21.93 1.33356
21.96 1.33804
21.99 1.34254
22.02 1.34707
22.05 1.35163
22.08 1.35621
22.11 1.36083
22.14 1.36548
22.17 1.37015
22.2 1.37486
22.23 1.37959
22.26 1.38436
22.29 1.38916
22.32 1.394
22.35 1.39886
22.38 1.40376
22.41 1.40869
22.44 1.41366
22.47 1.41866
22.5 1.4237
22.53 1.42877
22.56 1.43389
22.59 1.43903
22.62 1.44422
22.65 1.44945
22.68 1.45471
22.71 1.46001
22.74 1.46536
22.77 1.47075
22.8 1.47617
22.83 1.48164
22.86 1.48716
22.89 1.49272
22.92 1.49832
22.95 1.50397
22.98 1.50967
23.01 1.51541
23.04 1.5212
23.07 1.52705
23.1 1.53294
23.13 1.53888
23.16 1.54488
23.19 1.55092
23.22 1.55702
23.25 1.56318
23.28 1.56939
23.31 1.57566
23.34 1.58199
23.37 1.58837
23.4 1.59482
23.43 1.60133
23.46 1.60789
23.49 1.61453
23.52 1.62122
23.55 1.62799
23.58 1.63482
23.61 1.64172
23.64 1.64868
23.67 1.65572
23.7 1.66284
23.73 1.67002
23.76 1.67728
23.79 1.68462
23.82 1.69203
23.85 1.69953
23.88 1.7071
23.91 1.71476
23.94 1.7225
23.97 1.73033
24 1.73824
24.03 1.74624
24.06 1.75434
24.09 1.76252
24.12 1.7708
24.15 1.77917
24.18 1.78764
24.21 1.79621
24.24 1.80489
24.27 1.81366
24.3 1.82254
24.33 1.83152
24.36 1.84061
24.39 1.84982
24.42 1.85913
24.45 1.86856
24.48 1.8781
24.51 1.88777
24.54 1.89755
24.57 1.90745
24.6 1.91748
24.63 1.92764
24.66 1.93792
24.69 1.94833
24.72 1.95888
24.75 1.96955
24.78 1.98037
24.81 1.99132
24.84 2.00241
24.87 2.01365
24.9 2.02502
24.93 2.03655
24.96 2.04822
24.99 2.06004
25.02 2.07201
25.05 2.08414
25.08 2.09642
25.11 2.10885
25.14 2.12145
25.17 2.1342
25.2 2.14712
25.23 2.1602
25.26 2.17344
25.29 2.18684
25.32 2.20042
25.35 2.21415
25.38 2.22806
25.41 2.24214
25.44 2.25638
25.47 2.27079
25.5 2.28537
25.53 2.30012
25.56 2.31504
25.59 2.33013
25.62 2.34539
25.65 2.36081
25.68 2.3764
25.71 2.39215
25.74 2.40807
25.77 2.42415
25.8 2.44039
25.83 2.45679
25.86 2.47334
25.89 2.49004
25.92 2.5069
25.95 2.5239
25.98 2.54104
26.01 2.55831
26.04 2.57572
26.07 2.59326
26.1 2.61092
26.13 2.6287
26.16 2.6466
26.19 2.6646
26.22 2.68269
26.25 2.70089
26.28 2.71916
26.31 2.73752
26.34 2.75595
26.37 2.77444
26.4 2.79299
26.43 2.81159
26.46 2.83022
26.49 2.84888
26.52 2.86757
26.55 2.88627
26.58 2.90497
26.61 2.92366
26.64 2.94234
26.67 2.96099
26.7 2.9796
26.73 2.99817
26.76 3.01669
26.79 3.03514
26.82 3.05351
26.85 3.0718
26.88 3.09
26.91 3.10809
26.94 3.12607
26.97 3.14393
27 3.16166
27.03 3.17925
27.06 3.19669
27.09 3.21398
27.12 3.2311
27.15 3.24804
27.18 3.26481
27.21 3.2814
27.24 3.29779
27.27 3.31398
27.3 3.32997
27.33 3.34574
27.36 3.3613
27.39 3.37664
27.42 3.39175
27.45 3.40664
27.48 3.42129
27.51 3.4357
27.54 3.44987
27.57 3.46381
27.6 3.47749
27.63 3.49093
27.66 3.50413
27.69 3.51707
27.72 3.52976
27.75 3.54221
27.78 3.5544
27.81 3.56634
27.84 3.57803
27.87 3.58948
27.9 3.60067
27.93 3.61162
27.96 3.62232
27.99 3.63278
28.02 3.64299
28.05 3.65297
28.08 3.66271
28.11 3.67221
28.14 3.68148
28.17 3.69052
28.2 3.69933
28.23 3.70792
28.26 3.71629
28.29 3.72444
28.32 3.73238
28.35 3.74011
28.38 3.74763
28.41 3.75495
28.44 3.76206
28.47 3.76898
28.5 3.77571
28.53 3.78225
28.56 3.7886
28.59 3.79478
28.62 3.80077
28.65 3.8066
28.68 3.81225
28.71 3.81774
28.74 3.82306
28.77 3.82823
28.8 3.83324
28.83 3.8381
28.86 3.84281
28.89 3.84738
28.92 3.85181
28.95 3.8561
28.98 3.86026
29.01 3.86428
29.04 3.86819
29.07 3.87196
29.1 3.87562
29.13 3.87916
29.16 3.88259
29.19 3.88591
29.22 3.88912
29.25 3.89222
29.28 3.89523
29.31 3.89813
29.34 3.90094
29.37 3.90366
29.4 3.90628
29.43 3.90882
29.46 3.91127
29.49 3.91364
29.52 3.91592
29.55 3.91813
29.58 3.92027
29.61 3.92233
29.64 3.92432
29.67 3.92624
29.7 3.92809
29.73 3.92988
29.76 3.9316
29.79 3.93326
29.82 3.93487
29.85 3.93642
29.88 3.93791
29.91 3.93934
29.94 3.94073
29.97 3.94206
30 3.94335
30.001 0
