0 -10
0.03 -8.66985
0.06 -8.6697
0.09 -8.66955
0.12 -8.6694
0.15 -8.66926
0.18 -8.66911
0.21 -8.66896
0.24 -8.66881
0.27 -8.66866
0.3 -8.66851
0.33 -8.66836
0.36 -8.66821
0.39 -8.66806
0.42 -8.66792
0.45 -8.66777
0.48 -8.66762
0.51 -8.66747
0.54 -8.66732
0.57 -8.66717
0.6 -8.66702
0.63 -8.66687
0.66 -8.66672
0.69 -8.66657
0.72 -8.66642
0.75 -8.66627
0.78 -8.66612
0.81 -8.66596
0.84 -8.66581
0.87 -8.66566
0.9 -8.66551
0.93 -8.66536
0.96 -8.66521
0.99 -8.66506
1.02 -8.66491
1.05 -8.66476
1.08 -8.66461
1.11 -8.66445
1.14 -8.6643
1.17 -8.66415
1.2 -8.664
1.23 -8.66385
1.26 -8.6637
1.29 -8.66354
1.32 -8.66339
1.35 -8.66324
1.38 -8.66309
1.41 -8.66293
1.44 -8.66278
1.47 -8.66263
1.5 -8.66248
1.53 -8.66232
1.56 -8.66217
1.59 -8.66202
1.62 -8.66186
1.65 -8.66171
1.68 -8.66156
1.71 -8.66141
1.74 -8.66125
1.77 -8.6611
1.8 -8.66094
1.83 -8.66079
1.86 -8.66064
1.89 -8.66048
1.92 -8.66033
1.95 -8.66017
1.98 -8.66002
2.01 -8.65987
2.04 -8.65971
2.07 -8.65956
2.1 -8.6594
2.13 -8.65925
2.16 -8.65909
2.19 -8.65894
2.22 -8.65878
2.25 -8.65863
2.28 -8.65847
2.31 -8.65832
2.34 -8.65816
2.37 -8.65801
2.4 -8.65785
2.43 -8.65769
2.46 -8.65754
2.49 -8.65738
2.52 -8.65723
2.55 -8.65707
2.58 -8.65691
2.61 -8.65676
2.64 -8.6566
2.67 -8.65644
2.7 -8.65629
2.73 -8.65613
2.76 -8.65597
2.79 -8.65582
2.82 -8.65566
2.85 -8.6555
2.88 -8.65534
2.91 -8.65519
2.94 -8.65503
2.97 -8.65487
3 -8.65471
3.03 -8.65456
3.06 -8.6544
3.09 -8.65424
3.12 -8.65408
3.15 -8.65392
3.18 -8.65376
3.21 -8.65361
3.24 -8.65345
3.27 -8.65329
3.3 -8.65313
3.33 -8.65297
3.36 -8.65281
3.39 -8.65265
3.42 -8.65249
3.45 -8.65233
3.48 -8.65217
3.51 -8.65201
3.54 -8.65185
3.57 -8.65169
3.6 -8.65153
3.63 -8.65137
3.66 -8.65121
3.69 -8.65105
3.72 -8.65089
3.75 -8.65073
3.78 -8.65057
3.81 -8.65041
3.84 -8.65025
3.87 -8.65009
3.9 -8.64993
3.93 -8.64977
3.96 -8.6496
3.99 -8.64944
4.02 -8.64928
4.05 -8.64912
4.08 -8.64896
4.11 -8.64879
4.14 -8.64863
4.17 -8.64847
4.2 -8.64831
4.23 -8.64815
4.26 -8.64798
4.29 -8.64782
4.32 -8.64766
4.35 -8.64749
4.38 -8.64733
4.41 -8.64717
4.44 -8.647
4.47 -8.64684
4.5 -8.64668
4.53 -8.64651
4.56 -8.64635
4.59 -8.64618
4.62 -8.64602
4.65 -8.64586
4.68 -8.64569
4.71 -8.64553
4.74 -8.64536
4.77 -8.6452
4.8 -8.64503
4.83 -8.64487
4.86 -8.6447
4.89 -8.64454
4.92 -8.64437
4.95 -8.6442
4.98 -8.64404
5.01 -8.64387
5.04 -8.64371
5.07 -8.64354
5.1 -8.64337
5.13 -8.64321
5.16 -8.64304
5.19 -8.64287
5.22 -8.64271
5.25 -8.64254
5.28 -8.64237
5.31 -8.6422
5.34 -8.64204
5.37 -8.64187
5.4 -8.6417
5.43 -8.64153
5.46 -8.64137
5.49 -8.6412
5.52 -8.64103
5.55 -8.64086
5.58 -8.64069
5.61 -8.64052
5.64 -8.64035
5.67 -8.64018
5.7 -8.64002
5.73 -8.63985
5.76 -8.63968
5.79 -8.63951
5.82 -8.63934
5.85 -8.63917
5.88 -8.639
5.91 -8.63883
5.94 -8.63866
5.97 -8.63849
6 -8.63831
6.03 -8.63814
6.06 -8.63797
6.09 -8.6378
6.12 -8.63763
6.15 -8.63746
6.18 -8.63729
6.21 -8.63712
6.24 -8.63694
6.27 -8.63677
6.3 -8.6366
6.33 -8.63643
6.36 -8.63625
6.39 -8.63608
6.42 -8.63591
6.45 -8.63573
6.48 -8.63556
6.51 -8.63539
6.54 -8.63521
6.57 -8.63504
6.6 -8.63487
6.63 -8.63469
6.66 -8.63452
6.69 -8.63434
6.72 -8.63417
6.75 -8.63399
6.78 -8.63382
6.81 -8.63364
6.84 -8.63347
6.87 -8.63329
6.9 -8.63312
6.93 -8.63294
6.96 -8.63277
6.99 -8.63259
7.02 -8.63241
7.05 -8.63224
7.08 -8.63206
7.11 -8.63188
7.14 -8.63171
7.17 -8.63153
7.2 -8.63135
7.23 -8.63118
7.26 -8.631
7.29 -8.63082
7.32 -8.63064
7.35 -8.63046
7.38 -8.63028
7.41 -8.63011
7.44 -8.62993
7.47 -8.62975
7.5 -8.62957
7.53 -8.62939
7.56 -8.62921
7.59 -8.62903
7.62 -8.62885
7.65 -8.62867
7.68 -8.62849
7.71 -8.62831
7.74 -8.62813
7.77 -8.62795
7.8 -8.62777
7.83 -8.62759
7.86 -8.62741
7.89 -8.62722
7.92 -8.62704
7.95 -8.62686
7.98 -8.62668
8.01 -8.6265
8.04 -8.62631
8.07 -8.62613
8.1 -8.62595
8.13 -8.62576
8.16 -8.62558
8.19 -8.6254
8.22 -8.62521
8.25 -8.62503
8.28 -8.62485
8.31 -8.62466
8.34 -8.62448
8.37 -8.62429
8.4 -8.62411
8.43 -8.62392
8.46 -8.62374
8.49 -8.62355
8.52 -8.62337
8.55 -8.62318
8.58 -8.623
8.61 -8.62281
8.64 -8.62262
8.67 -8.62244
8.7 -8.62225
8.73 -8.62206
8.76 -8.62187
8.79 -8.62169
8.82 -8.6215
8.85 -8.62131
8.88 -8.62112
8.91 -8.62093
8.94 -8.62075
8.97 -8.62056
9 -8.62037
9.03 -8.62018
9.06 -8.61999
9.09 -8.6198
9.12 -8.61961
9.15 -8.61942
9.18 -8.61923
9.21 -8.61904
9.24 -8.61885
9.27 -8.61866
9.3 -8.61847
9.33 -8.61828
9.36 -8.61808
9.39 -8.61789
9.42 -8.6177
9.45 -8.61751
9.48 -8.61731
9.51 -8.61712
9.54 -8.61693
9.57 -8.61674
9.6 -8.61654
9.63 -8.61635
9.66 -8.61616
9.69 -8.61596
9.72 -8.61577
9.75 -8.61557
9.78 -8.61538
9.81 -8.61518
9.84 -8.61499
9.87 -8.61479
9.9 -8.6146
9.93 -8.6144
9.96 -8.6142
9.99 -8.61401
10.02 -8.61381
10.05 -8.61361
10.08 -8.61342
10.11 -8.61322
10.14 -8.61302
10.17 -8.61282
10.2 -8.61263
10.23 -8.61243
10.26 -8.61223
10.29 -8.61203
10.32 -8.61183
10.35 -8.61163
10.38 -8.61143
10.41 -8.61123
10.44 -8.61103
10.47 -8.61083
10.5 -8.61063
10.53 -8.61043
10.56 -8.61023
10.59 -8.61003
10.62 -8.60983
10.65 -8.60963
10.68 -8.60943
10.71 -8.60922
10.74 -8.60902
10.77 -8.60882
10.8 -8.60862
10.83 -8.60841
10.86 -8.60821
10.89 -8.60801
10.92 -8.6078
10.95 -8.6076
10.98 -8.60739
11.01 -8.60719
11.04 -8.60698
11.07 -8.60678
11.1 -8.60657
11.13 -8.60637
11.16 -8.60616
11.19 -8.60596
11.22 -8.60575
11.25 -8.60554
11.28 -8.60534
11.31 -8.60513
11.34 -8.60492
11.37 -8.60471
11.4 -8.60451
11.43 -8.6043
11.46 -8.60409
11.49 -8.60388
11.52 -8.60367
11.55 -8.60346
11.58 -8.60325
11.61 -8.60304
11.64 -8.60283
11.67 -8.60262
11.7 -8.60241
11.73 -8.6022
11.76 -8.60199
11.79 -8.60178
11.82 -8.60157
11.85 -8.60136
11.88 -8.60114
11.91 -8.60093
11.94 -8.60072
11.97 -8.60051
12 -8.60029
12.03 -8.60008
12.06 -8.59987
12.09 -8.59965
12.12 -8.59944
12.15 -8.59922
12.18 -8.59901
12.21 -8.59879
12.24 -8.59858
12.27 -8.59836
12.3 -8.59815
12.33 -8.59793
12.36 -8.59772
12.39 -8.5975
12.42 -8.59728
12.45 -8.59706
12.48 -8.59685
12.51 -8.59663
12.54 -8.59641
12.57 -8.59619
12.6 -8.59598
12.63 -8.59576
12.66 -8.59554
12.69 -8.59532
12.72 -8.5951
12.75 -8.59488
12.78 -8.59466
12.81 -8.59444
12.84 -8.59422
12.87 -8.594
12.9 -8.59378
12.93 -8.59356
12.96 -8.59334
12.99 -8.59311
13.02 -8.59289
13.05 -8.59267
13.08 -8.59245
13.11 -8.59222
13.14 -8.592
13.17 -8.59178
13.2 -8.59155
13.23 -8.59133
13.26 -8.59111
13.29 -8.59088
13.32 -8.59066
13.35 -8.59043
13.38 -8.59021
13.41 -8.58998
13.44 -8.58976
13.47 -8.58953
13.5 -8.58931
13.53 -8.58908
13.56 -8.58885
13.59 -8.58863
13.62 -8.5884
13.65 -8.58817
13.68 -8.58794
13.71 -8.58772
13.74 -8.58749
13.77 -8.58726
13.8 -8.58703
13.83 -8.5868
13.86 -8.58657
13.89 -8.58634
13.92 -8.58612
13.95 -8.58589
13.98 -8.58566
14.01 -8.58543
14.04 -8.5852
14.07 -8.58496
14.1 -8.58473
14.13 -8.5845
14.16 -8.58427
14.19 -8.58404
14.22 -8.58381
14.25 -8.58358
14.28 -8.58334
14.31 -8.58311
14.34 -8.58288
14.37 -8.58265
14.4 -8.58241
14.43 -8.58218
14.46 -8.58195
14.49 -8.58171
14.52 -8.58148
14.55 -8.58124
14.58 -8.58101
14.61 -8.58077
14.64 -8.58054
14.67 -8.5803
14.7 -8.58007
14.73 -8.57983
14.76 -8.5796
14.79 -8.57936
14.82 -8.57913
14.85 -8.57889
14.88 -8.57865
14.91 -8.57842
14.94 -8.57818
14.97 -8.57794
15 -8.57771
15.03 -8.57747
15.06 -8.57723
15.09 -8.57699
15.12 -8.57675
15.15 -8.57652
15.18 -8.57628
15.21 -8.57604
15.24 -8.5758
15.27 -8.57556
15.3 -8.57532
15.33 -8.57508
15.36 -8.57484
15.39 -8.5746
15.42 -8.57437
15.45 -8.57413
15.48 -8.57389
15.51 -8.57365
15.54 -8.57341
15.57 -8.57317
15.6 -8.57292
15.63 -8.57268
15.66 -8.57244
15.69 -8.5722
15.72 -8.57196
15.75 -8.57172
15.78 -8.57148
15.81 -8.57124
15.84 -8.571
15.87 -8.57075
15.9 -8.57051
15.93 -8.57027
15.96 -8.57003
15.99 -8.56979
16.02 -8.56955
16.05 -8.5693
16.08 -8.56906
16.11 -8.56882
16.14 -8.56858
16.17 -8.56833
16.2 -8.56809
16.23 -8.56785
16.26 -8.56761
16.29 -8.56736
16.32 -8.56712
16.35 -8.56688
16.38 -8.56663
16.41 -8.56639
16.44 -8.56615
16.47 -8.56591
16.5 -8.56566
16.53 -8.56542
16.56 -8.56518
16.59 -8.56493
16.62 -8.56469
16.65 -8.56445
16.68 -8.5642
16.71 -8.56396
16.74 -8.56372
16.77 -8.56347
16.8 -8.56323
16.83 -8.56299
16.86 -8.56274
16.89 -8.5625
16.92 -8.56226
16.95 -8.56202
16.98 -8.56177
17.01 -8.56153
17.04 -8.56129
17.07 -8.56104
17.1 -8.5608
17.13 -8.56056
17.16 -8.56032
17.19 -8.56007
17.22 -8.55983
17.25 -8.55959
17.28 -8.55935
17.31 -8.5591
17.34 -8.55886
17.37 -8.55862
17.4 -8.55838
17.43 -8.55814
17.46 -8.5579
17.49 -8.55766
17.52 -8.55741
17.55 -8.55717
17.58 -8.55693
17.61 -8.55669
17.64 -8.55645
17.67 -8.55621
17.7 -8.55597
17.73 -8.55573
17.76 -8.55549
17.79 -8.55525
17.82 -8.55501
17.85 -8.55477
17.88 -8.55453
17.91 -8.5543
17.94 -8.55406
17.97 -8.55382
18 -8.55358
18.03 -8.55334
18.06 -8.55311
18.09 -8.55287
18.12 -8.55263
18.15 -8.5524
18.18 -8.55216
18.21 -8.55193
18.24 -8.55169
18.27 -8.55146
18.3 -8.55122
18.33 -8.55099
18.36 -8.55075
18.39 -8.55052
18.42 -8.55029
18.45 -8.55005
18.48 -8.54982
18.51 -8.54959
18.54 -8.54936
18.57 -8.54913
18.6 -8.54889
18.63 -8.54866
18.66 -8.54843
18.69 -8.5482
18.72 -8.54798
18.75 -8.54775
18.78 -8.54752
18.81 -8.54729
18.84 -8.54707
18.87 -8.54684
18.9 -8.54661
18.93 -8.54639
18.96 -8.54616
18.99 -8.54594
19.02 -8.54571
19.05 -8.54549
19.08 -8.54527
19.11 -8.54505
19.14 -8.54483
19.17 -8.5446
19.2 -8.54438
19.23 -8.54417
19.26 -8.54395
19.29 -8.54373
19.32 -8.54351
19.35 -8.54329
19.38 -8.54308
19.41 -8.54286
19.44 -8.54265
19.47 -8.54243
19.5 -8.54222
19.53 -8.54201
19.56 -8.5418
19.59 -8.54159
19.62 -8.54138
19.65 -8.54117
19.68 -8.54096
19.71 -8.54075
19.74 -8.54055
19.77 -8.54034
19.8 -8.54014
19.83 -8.53993
19.86 -8.53973
19.89 -8.53953
19.92 -8.53933
19.95 -8.53913
19.98 -8.53893
20.01 -8.53873
20.04 -8.53853
20.07 -8.53833
20.1 -8.53814
20.13 -8.53795
20.16 -8.53775
20.19 -8.53756
20.22 -8.53737
20.25 -8.53718
20.28 -8.53699
20.31 -8.5368
20.34 -8.53662
20.37 -8.53643
20.4 -8.53625
20.43 -8.53607
20.46 -8.53588
20.49 -8.5357
20.52 -8.53553
20.55 -8.53535
20.58 -8.53517
20.61 -8.535
20.64 -8.53482
20.67 -8.53465
20.7 -8.53448
20.73 -8.53431
20.76 -8.53414
20.79 -8.53397
20.82 -8.53381
20.85 -8.53365
20.88 -8.53348
20.91 -8.53332
20.94 -8.53316
20.97 -8.53301
21 -8.53285
21.03 -8.5327
21.06 -8.53254
21.09 -8.53239
21.12 -8.53224
21.15 -8.5321
21.18 -8.53195
21.21 -8.53181
21.24 -8.53166
21.27 -8.53152
21.3 -8.53138
21.33 -8.53125
21.36 -8.53111
21.39 -8.53098
21.42 -8.53085
21.45 -8.53072
21.48 -8.53059
21.51 -8.53047
21.54 -8.53035
21.57 -8.53023
21.6 -8.53011
21.63 -8.52999
21.66 -8.52988
21.69 -8.52977
21.72 -8.52966
21.75 -8.52955
21.78 -8.52944
21.81 -8.52934
21.84 -8.52924
21.87 -8.52915
21.9 -8.52905
21.93 -8.52896
21.96 -8.52887
21.99 -8.52878
22.02 -8.5287
22.05 -8.52862
22.08 -8.52854
22.11 -8.52846
22.14 -8.52839
22.17 -8.52832
22.2 -8.52825
22.23 -8.52819
22.26 -8.52813
22.29 -8.52807
22.32 -8.52802
22.35 -8.52797
22.38 -8.52792
22.41 -8.52787
22.44 -8.52783
22.47 -8.5278
22.5 -8.52776
22.53 -8.52773
22.56 -8.52771
22.59 -8.52768
22.62 -8.52766
22.65 -8.52765
22.68 -8.52764
22.71 -8.52763
22.74 -8.52763
22.77 -8.52763
22.8 -8.52764
22.83 -8.52765
22.86 -8.52767
22.89 -8.52769
22.92 -8.52771
22.95 -8.52774
22.98 -8.52777
23.01 -8.52781
23.04 -8.52786
23.07 -8.52791
23.1 -8.52796
23.13 -8.52802
23.16 -8.52809
23.19 -8.52816
23.22 -8.52824
23.25 -8.52832
23.28 -8.52841
23.31 -8.52851
23.34 -8.52861
23.37 -8.52872
23.4 -8.52884
23.43 -8.52896
23.46 -8.52909
23.49 -8.52922
23.52 -8.52937
23.55 -8.52952
23.58 -8.52968
23.61 -8.52984
23.64 -8.53002
23.67 -8.5302
23.7 -8.53039
23.73 -8.53059
23.76 -8.5308
23.79 -8.53101
23.82 -8.53124
23.85 -8.53147
23.88 -8.53172
23.91 -8.53197
23.94 -8.53224
23.97 -8.53251
24 -8.5328
24.03 -8.53309
24.06 -8.5334
24.09 -8.53372
24.12 -8.53405
24.15 -8.53439
24.18 -8.53474
24.21 -8.53511
24.24 -8.53548
24.27 -8.53587
24.3 -8.53628
24.33 -8.5367
24.36 -8.53713
24.39 -8.53757
24.42 -8.53804
24.45 -8.53851
24.48 -8.539
24.51 -8.53951
24.54 -8.54003
24.57 -8.54057
24.6 -8.54113
24.63 -8.5417
24.66 -8.54229
24.69 -8.5429
24.72 -8.54353
24.75 -8.54417
24.78 -8.54484
24.81 -8.54552
24.84 -8.54623
24.87 -8.54695
24.9 -8.5477
24.93 -8.54847
24.96 -8.54926
24.99 -8.55008
25.02 -8.55091
25.05 -8.55177
25.08 -8.55266
25.11 -8.55357
25.14 -8.55451
25.17 -8.55547
25.2 -8.55646
25.23 -8.55747
25.26 -8.55851
25.29 -8.55958
25.32 -8.56068
25.35 -8.56181
25.38 -8.56297
25.41 -8.56416
25.44 -8.56539
25.47 -8.56664
25.5 -8.56792
25.53 -8.56924
25.56 -8.5706
25.59 -8.57198
25.62 -8.57341
25.65 -8.57486
25.68 -8.57636
25.71 -8.57789
25.74 -8.57946
25.77 -8.58107
25.8 -8.58271
25.83 -8.5844
25.86 -8.58612
25.89 -8.58789
25.92 -8.5897
25.95 -8.59154
25.98 -8.59343
26.01 -8.59537
26.04 -8.59734
26.07 -8.59936
26.1 -8.60143
26.13 -8.60354
26.16 -8.60569
26.19 -8.60789
26.22 -8.61013
26.25 -8.61242
26.28 -8.61476
26.31 -8.61714
26.34 -8.61957
26.37 -8.62205
26.4 -8.62457
26.43 -8.62714
26.46 -8.62976
26.49 -8.63242
26.52 -8.63513
26.55 -8.63788
26.58 -8.64068
26.61 -8.64353
26.64 -8.64642
26.67 -8.64936
26.7 -8.65234
26.73 -8.65537
26.76 -8.65844
26.79 -8.66155
26.82 -8.6647
26.85 -8.66789
26.88 -8.67112
26.91 -8.6744
26.94 -8.67771
26.97 -8.68105
27 -8.68444
27.03 -8.68785
27.06 -8.6913
27.09 -8.69478
27.12 -8.6983
27.15 -8.70184
27.18 -8.70541
27.21 -8.709
27.24 -8.71262
27.27 -8.71627
27.3 -8.71993
27.33 -8.72361
27.36 -8.72732
27.39 -8.73103
27.42 -8.73477
27.45 -8.73851
27.48 -8.74227
27.51 -8.74604
27.54 -8.74982
27.57 -8.7536
27.6 -8.75738
27.63 -8.76117
27.66 -8.76497
27.69 -8.76876
27.72 -8.77255
27.75 -8.77633
27.78 -8.78012
27.81 -8.78389
27.84 -8.78766
27.87 -8.79142
27.9 -8.79517
27.93 -8.7989
27.96 -8.80263
27.99 -8.80634
28.02 -8.81003
28.05 -8.81371
28.08 -8.81737
28.11 -8.82102
28.14 -8.82464
28.17 -8.82824
28.2 -8.83183
28.23 -8.83539
28.26 -8.83892
28.29 -8.84244
28.32 -8.84593
28.35 -8.84939
28.38 -8.85283
28.41 -8.85624
28.44 -8.85963
28.47 -8.86299
28.5 -8.86632
28.53 -8.86963
28.56 -8.87291
28.59 -8.87616
28.62 -8.87938
28.65 -8.88257
28.68 -8.88573
28.71 -8.88886
28.74 -8.89196
28.77 -8.89504
28.8 -8.89808
28.83 -8.9011
28.86 -8.90408
28.89 -8.90703
28.92 -8.90996
28.95 -8.91285
28.98 -8.91572
29.01 -8.91855
29.04 -8.92136
29.07 -8.92413
29.1 -8.92688
29.13 -8.92959
29.16 -8.93228
29.19 -8.93493
29.22 -8.93756
29.25 -8.94016
29.28 -8.94273
29.31 -8.94527
29.34 -8.94778
29.37 -8.95027
29.4 -8.95272
29.43 -8.95515
29.46 -8.95755
29.49 -8.95992
29.52 -8.96226
29.55 -8.96458
29.58 -8.96687
29.61 -8.96914
29.64 -8.97137
29.67 -8.97358
29.7 -8.97577
29.73 -8.97792
29.76 -8.98006
29.79 -8.98216
29.82 -8.98425
29.85 -8.9863
29.88 -8.98834
29.91 -8.99034
29.94 -8.99233
29.97 -8.99429
30 -8.99622
30.001 -10
