0 -10
0.03 -8.71775
0.06 -8.71766
0.09 -8.71758
0.12 -8.7175
0.15 -8.71741
0.18 -8.71733
0.21 -8.71724
0.24 -8.71716
0.27 -8.71707
0.3 -8.71699
0.33 -8.7169
0.36 -8.71682
0.39 -8.71673
0.42 -8.71665
0.45 -8.71656
0.48 -8.71648
0.51 -8.71639
0.54 -8.71631
0.57 -8.71622
0.6 -8.71614
0.63 -8.71606
0.66 -8.71597
0.69 -8.71589
0.72 -8.7158
0.75 -8.71572
0.78 -8.71563
0.81 -8.71555
0.84 -8.71546
0.87 -8.71538
0.9 -8.7153
0.93 -8.71521
0.96 -8.71513
0.99 -8.71504
1.02 -8.71496
1.05 -8.71488
1.08 -8.71479
1.11 -8.71471
1.14 -8.71462
1.17 -8.71454
1.2 -8.71445
1.23 -8.71437
1.26 -8.71429
1.29 -8.7142
1.32 -8.71412
1.35 -8.71404
1.38 -8.71395
1.41 -8.71387
1.44 -8.71378
1.47 -8.7137
1.5 -8.71362
1.53 -8.71353
1.56 -8.71345
1.59 -8.71336
1.62 -8.71328
1.65 -8.7132
1.68 -8.71311
1.71 -8.71303
1.74 -8.71295
1.77 -8.71286
1.8 -8.71278
1.83 -8.7127
1.86 -8.71261
1.89 -8.71253
1.92 -8.71245
1.95 -8.71236
1.98 -8.71228
2.01 -8.7122
2.04 -8.71211
2.07 -8.71203
2.1 -8.71195
2.13 -8.71186
2.16 -8.71178
2.19 -8.7117
2.22 -8.71161
2.25 -8.71153
2.28 -8.71145
2.31 -8.71136
2.34 -8.71128
2.37 -8.7112
2.4 -8.71111
2.43 -8.71103
2.46 -8.71095
2.49 -8.71087
2.52 -8.71078
2.55 -8.7107
2.58 -8.71062
2.61 -8.71053
2.64 -8.71045
2.67 -8.71037
2.7 -8.71029
2.73 -8.7102
2.76 -8.71012
2.79 -8.71004
2.82 -8.70996
2.85 -8.70987
2.88 -8.70979
2.91 -8.70971
2.94 -8.70963
2.97 -8.70954
3 -8.70946
3.03 -8.70938
3.06 -8.7093
3.09 -8.70921
3.12 -8.70913
3.15 -8.70905
3.18 -8.70897
3.21 -8.70888
3.24 -8.7088
3.27 -8.70872
3.3 -8.70864
3.33 -8.70856
3.36 -8.70847
3.39 -8.70839
3.42 -8.70831
3.45 -8.70823
3.48 -8.70814
3.51 -8.70806
3.54 -8.70798
3.57 -8.7079
3.6 -8.70782
3.63 -8.70774
3.66 -8.70765
3.69 -8.70757
3.72 -8.70749
3.75 -8.70741
3.78 -8.70733
3.81 -8.70724
3.84 -8.70716
3.87 -8.70708
3.9 -8.707
3.93 -8.70692
3.96 -8.70684
3.99 -8.70675
4.02 -8.70667
4.05 -8.70659
4.08 -8.70651
4.11 -8.70643
4.14 -8.70635
4.17 -8.70627
4.2 -8.70618
4.23 -8.7061
4.26 -8.70602
4.29 -8.70594
4.32 -8.70586
4.35 -8.70578
4.38 -8.7057
4.41 -8.70562
4.44 -8.70553
4.47 -8.70545
4.5 -8.70537
4.53 -8.70529
4.56 -8.70521
4.59 -8.70513
4.62 -8.70505
4.65 -8.70497
4.68 -8.70489
4.71 -8.7048
4.74 -8.70472
4.77 -8.70464
4.8 -8.70456
4.83 -8.70448
4.86 -8.7044
4.89 -8.70432
4.92 -8.70424
4.95 -8.70416
4.98 -8.70408
5.01 -8.704
5.04 -8.70392
5.07 -8.70384
5.1 -8.70375
5.13 -8.70367
5.16 -8.70359
5.19 -8.70351
5.22 -8.70343
5.25 -8.70335
5.28 -8.70327
5.31 -8.70319
5.34 -8.70311
5.37 -8.70303
5.4 -8.70295
5.43 -8.70287
5.46 -8.70279
5.49 -8.70271
5.52 -8.70263
5.55 -8.70255
5.58 -8.70247
5.61 -8.70239
5.64 -8.70231
5.67 -8.70223
5.7 -8.70215
5.73 -8.70207
5.76 -8.70199
5.79 -8.70191
5.82 -8.70183
5.85 -8.70175
5.88 -8.70167
5.91 -8.70159
5.94 -8.70151
5.97 -8.70143
6 -8.70135
6.03 -8.70127
6.06 -8.70119
6.09 -8.70111
6.12 -8.70103
6.15 -8.70095
6.18 -8.70087
6.21 -8.70079
6.24 -8.70071
6.27 -8.70063
6.3 -8.70055
6.33 -8.70047
6.36 -8.70039
6.39 -8.70031
6.42 -8.70023
6.45 -8.70015
6.48 -8.70007
6.51 -8.69999
6.54 -8.69991
6.57 -8.69983
6.6 -8.69975
6.63 -8.69967
6.66 -8.69959
6.69 -8.69951
6.72 -8.69943
6.75 -8.69936
6.78 -8.69928
6.81 -8.6992
6.84 -8.69912
6.87 -8.69904
6.9 -8.69896
6.93 -8.69888
6.96 -8.6988
6.99 -8.69872
7.02 -8.69864
7.05 -8.69856
7.08 -8.69848
7.11 -8.6984
7.14 -8.69832
7.17 -8.69825
7.2 -8.69817
7.23 -8.69809
7.26 -8.69801
7.29 -8.69793
7.32 -8.69785
7.35 -8.69777
7.38 -8.69769
7.41 -8.69761
7.44 -8.69753
7.47 -8.69745
7.5 -8.69738
7.53 -8.6973
7.56 -8.69722
7.59 -8.69714
7.62 -8.69706
7.65 -8.69698
7.68 -8.6969
7.71 -8.69682
7.74 -8.69674
7.77 -8.69666
7.8 -8.69659
7.83 -8.69651
7.86 -8.69643
7.89 -8.69635
7.92 -8.69627
7.95 -8.69619
7.98 -8.69611
8.01 -8.69603
8.04 -8.69596
8.07 -8.69588
8.1 -8.6958
8.13 -8.69572
8.16 -8.69564
8.19 -8.69556
8.22 -8.69548
8.25 -8.6954
8.28 -8.69533
8.31 -8.69525
8.34 -8.69517
8.37 -8.69509
8.4 -8.69501
8.43 -8.69493
8.46 -8.69485
8.49 -8.69477
8.52 -8.6947
8.55 -8.69462
8.58 -8.69454
8.61 -8.69446
8.64 -8.69438
8.67 -8.6943
8.7 -8.69422
8.73 -8.69415
8.76 -8.69407
8.79 -8.69399
8.82 -8.69391
8.85 -8.69383
8.88 -8.69375
8.91 -8.69367
8.94 -8.6936
8.97 -8.69352
9 -8.69344
9.03 -8.69336
9.06 -8.69328
9.09 -8.6932
9.12 -8.69312
9.15 -8.69305
9.18 -8.69297
9.21 -8.69289
9.24 -8.69281
9.27 -8.69273
9.3 -8.69265
9.33 -8.69257
9.36 -8.6925
9.39 -8.69242
9.42 -8.69234
9.45 -8.69226
9.48 -8.69218
9.51 -8.6921
9.54 -8.69202
9.57 -8.69195
9.6 -8.69187
9.63 -8.69179
9.66 -8.69171
9.69 -8.69163
9.72 -8.69155
9.75 -8.69147
9.78 -8.6914
9.81 -8.69132
9.84 -8.69124
9.87 -8.69116
9.9 -8.69108
9.93 -8.691
9.96 -8.69092
9.99 -8.69084
10.02 -8.69077
10.05 -8.69069
10.08 -8.69061
10.11 -8.69053
10.14 -8.69045
10.17 -8.69037
10.2 -8.69029
10.23 -8.69022
10.26 -8.69014
10.29 -8.69006
10.32 -8.68998
10.35 -8.6899
10.38 -8.68982
10.41 -8.68974
10.44 -8.68966
10.47 -8.68959
10.5 -8.68951
10.53 -8.68943
10.56 -8.68935
10.59 -8.68927
10.62 -8.68919
10.65 -8.68911
10.68 -8.68903
10.71 -8.68895
10.74 -8.68888
10.77 -8.6888
10.8 -8.68872
10.83 -8.68864
10.86 -8.68856
10.89 -8.68848
10.92 -8.6884
10.95 -8.68832
10.98 -8.68824
11.01 -8.68816
11.04 -8.68809
11.07 -8.68801
11.1 -8.68793
11.13 -8.68785
11.16 -8.68777
11.19 -8.68769
11.22 -8.68761
11.25 -8.68753
11.28 -8.68745
11.31 -8.68737
11.34 -8.68729
11.37 -8.68721
11.4 -8.68714
11.43 -8.68706
11.46 -8.68698
11.49 -8.6869
11.52 -8.68682
11.55 -8.68674
11.58 -8.68666
11.61 -8.68658
11.64 -8.6865
11.67 -8.68642
11.7 -8.68634
11.73 -8.68626
11.76 -8.68618
11.79 -8.6861
11.82 -8.68602
11.85 -8.68594
11.88 -8.68586
11.91 -8.68578
11.94 -8.6857
11.97 -8.68562
12 -8.68554
12.03 -8.68546
12.06 -8.68538
12.09 -8.6853
12.12 -8.68522
12.15 -8.68514
12.18 -8.68506
12.21 -8.68498
12.24 -8.6849
12.27 -8.68482
12.3 -8.68474
12.33 -8.68466
12.36 -8.68458
12.39 -8.6845
12.42 -8.68442
12.45 -8.68434
12.48 -8.68426
12.51 -8.68418
12.54 -8.6841
12.57 -8.68402
12.6 -8.68394
12.63 -8.68386
12.66 -8.68378
12.69 -8.6837
12.72 -8.68362
12.75 -8.68354
12.78 -8.68346
12.81 -8.68338
12.84 -8.6833
12.87 -8.68322
12.9 -8.68313
12.93 -8.68305
12.96 -8.68297
12.99 -8.68289
13.02 -8.68281
13.05 -8.68273
13.08 -8.68265
13.11 -8.68257
13.14 -8.68249
13.17 -8.68241
13.2 -8.68232
13.23 -8.68224
13.26 -8.68216
13.29 -8.68208
13.32 -8.682
13.35 -8.68192
13.38 -8.68184
13.41 -8.68176
13.44 -8.68167
13.47 -8.68159
13.5 -8.68151
13.53 -8.68143
13.56 -8.68135
13.59 -8.68127
13.62 -8.68118
13.65 -8.6811
13.68 -8.68102
13.71 -8.68094
13.74 -8.68086
13.77 -8.68077
13.8 -8.68069
13.83 -8.68061
13.86 -8.68053
13.89 -8.68045
13.92 -8.68036
13.95 -8.68028
13.98 -8.6802
14.01 -8.68012
14.04 -8.68003
14.07 -8.67995
14.1 -8.67987
14.13 -8.67979
14.16 -8.67971
14.19 -8.67962
14.22 -8.67954
14.25 -8.67946
14.28 -8.67937
14.31 -8.67929
14.34 -8.67921
14.37 -8.67913
14.4 -8.67904
14.43 -8.67896
14.46 -8.67888
14.49 -8.67879
14.52 -8.67871
14.55 -8.67863
14.58 -8.67855
14.61 -8.67846
14.64 -8.67838
14.67 -8.6783
14.7 -8.67821
14.73 -8.67813
14.76 -8.67805
14.79 -8.67796
14.82 -8.67788
14.85 -8.6778
14.88 -8.67771
14.91 -8.67763
14.94 -8.67755
14.97 -8.67746
15 -8.67738
15.03 -8.67729
15.06 -8.67721
15.09 -8.67713
15.12 -8.67704
15.15 -8.67696
15.18 -8.67688
15.21 -8.67679
15.24 -8.67671
15.27 -8.67662
15.3 -8.67654
15.33 -8.67646
15.36 -8.67637
15.39 -8.67629
15.42 -8.6762
15.45 -8.67612
15.48 -8.67604
15.51 -8.67595
15.54 -8.67587
15.57 -8.67578
15.6 -8.6757
15.63 -8.67561
15.66 -8.67553
15.69 -8.67545
15.72 -8.67536
15.75 -8.67528
15.78 -8.67519
15.81 -8.67511
15.84 -8.67502
15.87 -8.67494
15.9 -8.67485
15.93 -8.67477
15.96 -8.67469
15.99 -8.6746
16.02 -8.67452
16.05 -8.67443
16.08 -8.67435
16.11 -8.67426
16.14 -8.67418
16.17 -8.67409
16.2 -8.67401
16.23 -8.67392
16.26 -8.67384
16.29 -8.67376
16.32 -8.67367
16.35 -8.67359
16.38 -8.6735
16.41 -8.67342
16.44 -8.67333
16.47 -8.67325
16.5 -8.67316
16.53 -8.67308
16.56 -8.67299
16.59 -8.67291
16.62 -8.67283
16.65 -8.67274
16.68 -8.67266
16.71 -8.67257
16.74 -8.67249
16.77 -8.6724
16.8 -8.67232
16.83 -8.67223
16.86 -8.67215
16.89 -8.67207
16.92 -8.67198
16.95 -8.6719
16.98 -8.67181
17.01 -8.67173
17.04 -8.67164
17.07 -8.67156
17.1 -8.67148
17.13 -8.67139
17.16 -8.67131
17.19 -8.67123
17.22 -8.67114
17.25 -8.67106
17.28 -8.67097
17.31 -8.67089
17.34 -8.67081
17.37 -8.67072
17.4 -8.67064
17.43 -8.67056
17.46 -8.67047
17.49 -8.67039
17.52 -8.67031
17.55 -8.67023
17.58 -8.67014
17.61 -8.67006
17.64 -8.66998
17.67 -8.66989
17.7 -8.66981
17.73 -8.66973
17.76 -8.66965
17.79 -8.66957
17.82 -8.66948
17.85 -8.6694
17.88 -8.66932
17.91 -8.66924
17.94 -8.66916
17.97 -8.66908
18 -8.669
18.03 -8.66891
18.06 -8.66883
18.09 -8.66875
18.12 -8.66867
18.15 -8.66859
18.18 -8.66851
18.21 -8.66843
18.24 -8.66835
18.27 -8.66827
18.3 -8.66819
18.33 -8.66811
18.36 -8.66804
18.39 -8.66796
18.42 -8.66788
18.45 -8.6678
18.48 -8.66772
18.51 -8.66764
18.54 -8.66757
18.57 -8.66749
18.6 -8.66741
18.63 -8.66734
18.66 -8.66726
18.69 -8.66718
18.72 -8.66711
18.75 -8.66703
18.78 -8.66695
18.81 -8.66688
18.84 -8.6668
18.87 -8.66673
18.9 -8.66666
18.93 -8.66658
18.96 -8.66651
18.99 -8.66644
19.02 -8.66636
19.05 -8.66629
19.08 -8.66622
19.11 -8.66615
19.14 -8.66607
19.17 -8.666
19.2 -8.66593
19.23 -8.66586
19.26 -8.66579
19.29 -8.66572
19.32 -8.66565
19.35 -8.66559
19.38 -8.66552
19.41 -8.66545
19.44 -8.66538
19.47 -8.66532
19.5 -8.66525
19.53 -8.66518
19.56 -8.66512
19.59 -8.66505
19.62 -8.66499
19.65 -8.66493
19.68 -8.66486
19.71 -8.6648
19.74 -8.66474
19.77 -8.66468
19.8 -8.66462
19.83 -8.66456
19.86 -8.6645
19.89 -8.66444
19.92 -8.66438
19.95 -8.66432
19.98 -8.66426
20.01 -8.66421
20.04 -8.66415
20.07 -8.6641
20.1 -8.66404
20.13 -8.66399
20.16 -8.66394
20.19 -8.66388
20.22 -8.66383
20.25 -8.66378
20.28 -8.66373
20.31 -8.66368
20.34 -8.66363
20.37 -8.66359
20.4 -8.66354
20.43 -8.6635
20.46 -8.66345
20.49 -8.66341
20.52 -8.66336
20.55 -8.66332
20.58 -8.66328
20.61 -8.66324
20.64 -8.6632
20.67 -8.66316
20.7 -8.66313
20.73 -8.66309
20.76 -8.66306
20.79 -8.66302
20.82 -8.66299
20.85 -8.66296
20.88 -8.66293
20.91 -8.6629
20.94 -8.66287
20.97 -8.66284
21 -8.66282
21.03 -8.66279
21.06 -8.66277
21.09 -8.66275
21.12 -8.66273
21.15 -8.66271
21.18 -8.66269
21.21 -8.66267
21.24 -8.66266
21.27 -8.66265
21.3 -8.66263
21.33 -8.66262
21.36 -8.66262
21.39 -8.66261
21.42 -8.6626
21.45 -8.6626
21.48 -8.6626
21.51 -8.66259
21.54 -8.6626
21.57 -8.6626
21.6 -8.6626
21.63 -8.66261
21.66 -8.66262
21.69 -8.66263
21.72 -8.66264
21.75 -8.66265
21.78 -8.66267
21.81 -8.66269
21.84 -8.6627
21.87 -8.66273
21.9 -8.66275
21.93 -8.66278
21.96 -8.66281
21.99 -8.66284
22.02 -8.66287
22.05 -8.6629
22.08 -8.66294
22.11 -8.66298
22.14 -8.66302
22.17 -8.66307
22.2 -8.66312
22.23 -8.66317
22.26 -8.66322
22.29 -8.66328
22.32 -8.66334
22.35 -8.6634
22.38 -8.66346
22.41 -8.66353
22.44 -8.6636
22.47 -8.66367
22.5 -8.66375
22.53 -8.66383
22.56 -8.66391
22.59 -8.664
22.62 -8.66409
22.65 -8.66418
22.68 -8.66428
22.71 -8.66438
22.74 -8.66448
22.77 -8.66459
22.8 -8.6647
22.83 -8.66482
22.86 -8.66494
22.89 -8.66506
22.92 -8.66519
22.95 -8.66532
22.98 -8.66546
23.01 -8.6656
23.04 -8.66574
23.07 -8.66589
23.1 -8.66605
23.13 -8.66621
23.16 -8.66637
23.19 -8.66654
23.22 -8.66672
23.25 -8.6669
23.28 -8.66708
23.31 -8.66727
23.34 -8.66747
23.37 -8.66767
23.4 -8.66788
23.43 -8.6681
23.46 -8.66832
23.49 -8.66855
23.52 -8.66878
23.55 -8.66902
23.58 -8.66927
23.61 -8.66952
23.64 -8.66978
23.67 -8.67005
23.7 -8.67032
23.73 -8.67061
23.76 -8.6709
23.79 -8.6712
23.82 -8.6715
23.85 -8.67182
23.88 -8.67214
23.91 -8.67247
23.94 -8.67281
23.97 -8.67316
24 -8.67352
24.03 -8.67389
24.06 -8.67427
24.09 -8.67466
24.12 -8.67506
24.15 -8.67547
24.18 -8.67589
24.21 -8.67632
24.24 -8.67676
24.27 -8.67721
24.3 -8.67768
24.33 -8.67815
24.36 -8.67864
24.39 -8.67914
24.42 -8.67966
24.45 -8.68019
24.48 -8.68073
24.51 -8.68128
24.54 -8.68185
24.57 -8.68243
24.6 -8.68303
24.63 -8.68364
24.66 -8.68427
24.69 -8.68492
24.72 -8.68557
24.75 -8.68625
24.78 -8.68694
24.81 -8.68765
24.84 -8.68838
24.87 -8.68913
24.9 -8.68989
24.93 -8.69067
24.96 -8.69147
24.99 -8.69229
25.02 -8.69313
25.05 -8.694
25.08 -8.69488
25.11 -8.69578
25.14 -8.6967
25.17 -8.69765
25.2 -8.69861
25.23 -8.6996
25.26 -8.70062
25.29 -8.70165
25.32 -8.70271
25.35 -8.7038
25.38 -8.70491
25.41 -8.70604
25.44 -8.7072
25.47 -8.70839
25.5 -8.7096
25.53 -8.71084
25.56 -8.7121
25.59 -8.7134
25.62 -8.71471
25.65 -8.71606
25.68 -8.71744
25.71 -8.71884
25.74 -8.72028
25.77 -8.72174
25.8 -8.72323
25.83 -8.72475
25.86 -8.7263
25.89 -8.72788
25.92 -8.72949
25.95 -8.73113
25.98 -8.7328
26.01 -8.7345
26.04 -8.73624
26.07 -8.738
26.1 -8.73979
26.13 -8.74161
26.16 -8.74346
26.19 -8.74535
26.22 -8.74726
26.25 -8.7492
26.28 -8.75117
26.31 -8.75317
26.34 -8.7552
26.37 -8.75725
26.4 -8.75934
26.43 -8.76145
26.46 -8.76359
26.49 -8.76575
26.52 -8.76795
26.55 -8.77016
26.58 -8.7724
26.61 -8.77466
26.64 -8.77695
26.67 -8.77926
26.7 -8.78159
26.73 -8.78394
26.76 -8.7863
26.79 -8.78869
26.82 -8.79109
26.85 -8.79351
26.88 -8.79595
26.91 -8.7984
26.94 -8.80086
26.97 -8.80333
27 -8.80581
27.03 -8.80831
27.06 -8.81081
27.09 -8.81331
27.12 -8.81583
27.15 -8.81834
27.18 -8.82086
27.21 -8.82339
27.24 -8.82591
27.27 -8.82843
27.3 -8.83095
27.33 -8.83347
27.36 -8.83598
27.39 -8.83848
27.42 -8.84098
27.45 -8.84347
27.48 -8.84596
27.51 -8.84843
27.54 -8.85089
27.57 -8.85334
27.6 -8.85577
27.63 -8.85819
27.66 -8.8606
27.69 -8.86299
27.72 -8.86536
27.75 -8.86771
27.78 -8.87005
27.81 -8.87237
27.84 -8.87466
27.87 -8.87694
27.9 -8.87919
27.93 -8.88142
27.96 -8.88363
27.99 -8.88582
28.02 -8.88798
28.05 -8.89012
28.08 -8.89223
28.11 -8.89432
28.14 -8.89638
28.17 -8.89842
28.2 -8.90044
28.23 -8.90242
28.26 -8.90439
28.29 -8.90632
28.32 -8.90823
28.35 -8.91011
28.38 -8.91197
28.41 -8.9138
28.44 -8.9156
28.47 -8.91738
28.5 -8.91913
28.53 -8.92085
28.56 -8.92255
28.59 -8.92422
28.62 -8.92587
28.65 -8.92749
28.68 -8.92909
28.71 -8.93066
28.74 -8.9322
28.77 -8.93372
28.8 -8.93522
28.83 -8.93669
28.86 -8.93813
28.89 -8.93956
28.92 -8.94095
28.95 -8.94233
28.98 -8.94368
29.01 -8.94501
29.04 -8.94632
29.07 -8.9476
29.1 -8.94887
29.13 -8.95011
29.16 -8.95133
29.19 -8.95253
29.22 -8.9537
29.25 -8.95486
29.28 -8.956
29.31 -8.95712
29.34 -8.95822
29.37 -8.9593
29.4 -8.96036
29.43 -8.9614
29.46 -8.96243
29.49 -8.96344
29.52 -8.96443
29.55 -8.9654
29.58 -8.96635
29.61 -8.96729
29.64 -8.96822
29.67 -8.96913
29.7 -8.97002
29.73 -8.9709
29.76 -8.97176
29.79 -8.97261
29.82 -8.97344
29.85 -8.97426
29.88 -8.97506
29.91 -8.97586
29.94 -8.97663
29.97 -8.9774
30 -8.97815
30.001 -10
