0 5
0.03 4.90606
0.06 4.90614
0.09 4.90623
0.12 4.90631
0.15 4.9064
0.18 4.90648
0.21 4.90657
0.24 4.90665
0.27 4.90674
0.3 4.90682
0.33 4.90691
0.36 4.90699
0.39 4.90708
0.42 4.90716
0.45 4.90725
0.48 4.90733
0.51 4.90742
0.54 4.9075
0.57 4.90759
0.6 4.90768
0.63 4.90776
0.66 4.90785
0.69 4.90793
0.72 4.90802
0.75 4.90811
0.78 4.90819
0.81 4.90828
0.84 4.90837
0.87 4.90845
0.9 4.90854
0.93 4.90863
0.96 4.90871
0.99 4.9088
1.02 4.90889
1.05 4.90897
1.08 4.90906
1.11 4.90915
1.14 4.90924
1.17 4.90932
1.2 4.90941
1.23 4.9095
1.26 4.90959
1.29 4.90967
1.32 4.90976
1.35 4.90985
1.38 4.90994
1.41 4.91003
1.44 4.91012
1.47 4.9102
1.5 4.91029
1.53 4.91038
1.56 4.91047
1.59 4.91056
1.62 4.91065
1.65 4.91074
1.68 4.91083
1.71 4.91092
1.74 4.911
1.77 4.91109
1.8 4.91118
1.83 4.91127
1.86 4.91136
1.89 4.91145
1.92 4.91154
1.95 4.91163
1.98 4.91172
2.01 4.91181
2.04 4.9119
2.07 4.91199
2.1 4.91208
2.13 4.91218
2.16 4.91227
2.19 4.91236
2.22 4.91245
2.25 4.91254
2.28 4.91263
2.31 4.91272
2.34 4.91281
2.37 4.9129
2.4 4.913
2.43 4.91309
2.46 4.91318
2.49 4.91327
2.52 4.91336
2.55 4.91345
2.58 4.91355
2.61 4.91364
2.64 4.91373
2.67 4.91382
2.7 4.91392
2.73 4.91401
2.76 4.9141
2.79 4.91419
2.82 4.91429
2.85 4.91438
2.88 4.91447
2.91 4.91457
2.94 4.91466
2.97 4.91475
3 4.91485
3.03 4.91494
3.06 4.91503
3.09 4.91513
3.12 4.91522
3.15 4.91531
3.18 4.91541
3.21 4.9155
3.24 4.9156
3.27 4.91569
3.3 4.91579
3.33 4.91588
3.36 4.91598
3.39 4.91607
3.42 4.91617
3.45 4.91626
3.48 4.91636
3.51 4.91645
3.54 4.91655
3.57 4.91664
3.6 4.91674
3.63 4.91683
3.66 4.91693
3.69 4.91702
3.72 4.91712
3.75 4.91722
3.78 4.91731
3.81 4.91741
3.84 4.91751
3.87 4.9176
3.9 4.9177
3.93 4.9178
3.96 4.91789
3.99 4.91799
4.02 4.91809
4.05 4.91818
4.08 4.91828
4.11 4.91838
4.14 4.91848
4.17 4.91857
4.2 4.91867
4.23 4.91877
4.26 4.91887
4.29 4.91896
4.32 4.91906
4.35 4.91916
4.38 4.91926
4.41 4.91936
4.44 4.91946
4.47 4.91956
4.5 4.91965
4.53 4.91975
4.56 4.91985
4.59 4.91995
4.62 4.92005
4.65 4.92015
4.68 4.92025
4.71 4.92035
4.74 4.92045
4.77 4.92055
4.8 4.92065
4.83 4.92075
4.86 4.92085
4.89 4.92095
4.92 4.92105
4.95 4.92115
4.98 4.92125
5.01 4.92135
5.04 4.92145
5.07 4.92155
5.1 4.92165
5.13 4.92176
5.16 4.92186
5.19 4.92196
5.22 4.92206
5.25 4.92216
5.28 4.92226
5.31 4.92237
5.34 4.92247
5.37 4.92257
5.4 4.92267
5.43 4.92278
5.46 4.92288
5.49 4.92298
5.52 4.92308
5.55 4.92319
5.58 4.92329
5.61 4.92339
5.64 4.9235
5.67 4.9236
5.7 4.9237
5.73 4.92381
5.76 4.92391
5.79 4.92401
5.82 4.92412
5.85 4.92422
5.88 4.92433
5.91 4.92443
5.94 4.92454
5.97 4.92464
6 4.92475
6.03 4.92485
6.06 4.92496
6.09 4.92506
6.12 4.92517
6.15 4.92527
6.18 4.92538
6.21 4.92548
6.24 4.92559
6.27 4.9257
6.3 4.9258
6.33 4.92591
6.36 4.92602
6.39 4.92612
6.42 4.92623
6.45 4.92634
6.48 4.92644
6.51 4.92655
6.54 4.92666
6.57 4.92676
6.6 4.92687
6.63 4.92698
6.66 4.92709
6.69 4.9272
6.72 4.9273
6.75 4.92741
6.78 4.92752
6.81 4.92763
6.84 4.92774
6.87 4.92785
6.9 4.92796
6.93 4.92807
6.96 4.92817
6.99 4.92828
7.02 4.92839
7.05 4.9285
7.08 4.92861
7.11 4.92872
7.14 4.92883
7.17 4.92894
7.2 4.92906
7.23 4.92917
7.26 4.92928
7.29 4.92939
7.32 4.9295
7.35 4.92961
7.38 4.92972
7.41 4.92983
7.44 4.92995
7.47 4.93006
7.5 4.93017
7.53 4.93028
7.56 4.93039
7.59 4.93051
7.62 4.93062
7.65 4.93073
7.68 4.93085
7.71 4.93096
7.74 4.93107
7.77 4.93119
7.8 4.9313
7.83 4.93141
7.86 4.93153
7.89 4.93164
7.92 4.93176
7.95 4.93187
7.98 4.93199
8.01 4.9321
8.04 4.93222
8.07 4.93233
8.1 4.93245
8.13 4.93256
8.16 4.93268
8.19 4.93279
8.22 4.93291
8.25 4.93303
8.28 4.93314
8.31 4.93326
8.34 4.93338
8.37 4.93349
8.4 4.93361
8.43 4.93373
8.46 4.93385
8.49 4.93396
8.52 4.93408
8.55 4.9342
8.58 4.93432
8.61 4.93444
8.64 4.93456
8.67 4.93467
8.7 4.93479
8.73 4.93491
8.76 4.93503
8.79 4.93515
8.82 4.93527
8.85 4.93539
8.88 4.93551
8.91 4.93563
8.94 4.93575
8.97 4.93587
9 4.936
9.03 4.93612
9.06 4.93624
9.09 4.93636
9.12 4.93648
9.15 4.9366
9.18 4.93673
9.21 4.93685
9.24 4.93697
9.27 4.9371
9.3 4.93722
9.33 4.93734
9.36 4.93747
9.39 4.93759
9.42 4.93771
9.45 4.93784
9.48 4.93796
9.51 4.93809
9.54 4.93821
9.57 4.93834
9.6 4.93846
9.63 4.93859
9.66 4.93872
9.69 4.93884
9.72 4.93897
9.75 4.93909
9.78 4.93922
9.81 4.93935
9.84 4.93948
9.87 4.9396
9.9 4.93973
9.93 4.93986
9.96 4.93999
9.99 4.94012
10.02 4.94024
10.05 4.94037
10.08 4.9405
10.11 4.94063
10.14 4.94076
10.17 4.94089
10.2 4.94102
10.23 4.94115
10.26 4.94128
10.29 4.94142
10.32 4.94155
10.35 4.94168
10.38 4.94181
10.41 4.94194
10.44 4.94207
10.47 4.94221
10.5 4.94234
10.53 4.94247
10.56 4.94261
10.59 4.94274
10.62 4.94288
10.65 4.94301
10.68 4.94314
10.71 4.94328
10.74 4.94341
10.77 4.94355
10.8 4.94369
10.83 4.94382
10.86 4.94396
10.89 4.9441
10.92 4.94423
10.95 4.94437
10.98 4.94451
11.01 4.94464
11.04 4.94478
11.07 4.94492
11.1 4.94506
11.13 4.9452
11.16 4.94534
11.19 4.94548
11.22 4.94562
11.25 4.94576
11.28 4.9459
11.31 4.94604
11.34 4.94618
11.37 4.94632
11.4 4.94647
11.43 4.94661
11.46 4.94675
11.49 4.94689
11.52 4.94704
11.55 4.94718
11.58 4.94733
11.61 4.94747
11.64 4.94761
11.67 4.94776
11.7 4.9479
11.73 4.94805
11.76 4.9482
11.79 4.94834
11.82 4.94849
11.85 4.94864
11.88 4.94878
11.91 4.94893
11.94 4.94908
11.97 4.94923
12 4.94938
12.03 4.94953
12.06 4.94968
12.09 4.94983
12.12 4.94998
12.15 4.95013
12.18 4.95028
12.21 4.95043
12.24 4.95059
12.27 4.95074
12.3 4.95089
12.33 4.95104
12.36 4.9512
12.39 4.95135
12.42 4.95151
12.45 4.95166
12.48 4.95182
12.51 4.95197
12.54 4.95213
12.57 4.95229
12.6 4.95244
12.63 4.9526
12.66 4.95276
12.69 4.95292
12.72 4.95308
12.75 4.95324
12.78 4.9534
12.81 4.95356
12.84 4.95372
12.87 4.95388
12.9 4.95404
12.93 4.9542
12.96 4.95437
12.99 4.95453
13.02 4.95469
13.05 4.95486
13.08 4.95502
13.11 4.95519
13.14 4.95535
13.17 4.95552
13.2 4.95568
13.23 4.95585
13.26 4.95602
13.29 4.95619
13.32 4.95635
13.35 4.95652
13.38 4.95669
13.41 4.95686
13.44 4.95703
13.47 4.95721
13.5 4.95738
13.53 4.95755
13.56 4.95772
13.59 4.9579
13.62 4.95807
13.65 4.95824
13.68 4.95842
13.71 4.95859
13.74 4.95877
13.77 4.95895
13.8 4.95912
13.83 4.9593
13.86 4.95948
13.89 4.95966
13.92 4.95984
13.95 4.96002
13.98 4.9602
14.01 4.96038
14.04 4.96056
14.07 4.96074
14.1 4.96093
14.13 4.96111
14.16 4.9613
14.19 4.96148
14.22 4.96167
14.25 4.96185
14.28 4.96204
14.31 4.96223
14.34 4.96242
14.37 4.9626
14.4 4.96279
14.43 4.96298
14.46 4.96318
14.49 4.96337
14.52 4.96356
14.55 4.96375
14.58 4.96395
14.61 4.96414
14.64 4.96434
14.67 4.96453
14.7 4.96473
14.73 4.96492
14.76 4.96512
14.79 4.96532
14.82 4.96552
14.85 4.96572
14.88 4.96592
14.91 4.96612
14.94 4.96632
14.97 4.96653
15 4.96673
15.03 4.96694
15.06 4.96714
15.09 4.96735
15.12 4.96755
15.15 4.96776
15.18 4.96797
15.21 4.96818
15.24 4.96839
15.27 4.9686
15.3 4.96881
15.33 4.96903
15.36 4.96924
15.39 4.96945
15.42 4.96967
15.45 4.96988
15.48 4.9701
15.51 4.97032
15.54 4.97054
15.57 4.97076
15.6 4.97098
15.63 4.9712
15.66 4.97142
15.69 4.97164
15.72 4.97187
15.75 4.97209
15.78 4.97232
15.81 4.97255
15.84 4.97277
15.87 4.973
15.9 4.97323
15.93 4.97346
15.96 4.97369
15.99 4.97393
16.02 4.97416
16.05 4.97439
16.08 4.97463
16.11 4.97486
16.14 4.9751
16.17 4.97534
16.2 4.97558
16.23 4.97582
16.26 4.97606
16.29 4.9763
16.32 4.97655
16.35 4.97679
16.38 4.97704
16.41 4.97729
16.44 4.97753
16.47 4.97778
16.5 4.97803
16.53 4.97828
16.56 4.97854
16.59 4.97879
16.62 4.97904
16.65 4.9793
16.68 4.97956
16.71 4.97981
16.74 4.98007
16.77 4.98033
16.8 4.9806
16.83 4.98086
16.86 4.98112
16.89 4.98139
16.92 4.98165
16.95 4.98192
16.98 4.98219
17.01 4.98246
17.04 4.98273
17.07 4.983
17.1 4.98328
17.13 4.98355
17.16 4.98383
17.19 4.98411
17.22 4.98439
17.25 4.98467
17.28 4.98495
17.31 4.98523
17.34 4.98552
17.37 4.9858
17.4 4.98609
17.43 4.98638
17.46 4.98667
17.49 4.98696
17.52 4.98725
17.55 4.98755
17.58 4.98784
17.61 4.98814
17.64 4.98844
17.67 4.98874
17.7 4.98904
17.73 4.98934
17.76 4.98964
17.79 4.98995
17.82 4.99026
17.85 4.99057
17.88 4.99088
17.91 4.99119
17.94 4.9915
17.97 4.99182
18 4.99213
18.03 4.99245
18.06 4.99277
18.09 4.99309
18.12 4.99342
18.15 4.99374
18.18 4.99407
18.21 4.9944
18.24 4.99473
18.27 4.99506
18.3 4.99539
18.33 4.99573
18.36 4.99606
18.39 4.9964
18.42 4.99674
18.45 4.99708
18.48 4.99743
18.51 4.99777
18.54 4.99812
18.57 4.99847
18.6 4.99882
18.63 4.99917
18.66 4.99953
18.69 4.99989
18.72 5.00024
18.75 5.0006
18.78 5.00097
18.81 5.00133
18.84 5.0017
18.87 5.00207
18.9 5.00244
18.93 5.00281
18.96 5.00318
18.99 5.00356
19.02 5.00394
19.05 5.00432
19.08 5.0047
19.11 5.00508
19.14 5.00547
19.17 5.00586
19.2 5.00625
19.23 5.00664
19.26 5.00704
19.29 5.00744
19.32 5.00784
19.35 5.00824
19.38 5.00864
19.41 5.00905
19.44 5.00946
19.47 5.00987
19.5 5.01028
19.53 5.0107
19.56 5.01111
19.59 5.01153
19.62 5.01196
19.65 5.01238
19.68 5.01281
19.71 5.01324
19.74 5.01367
19.77 5.01411
19.8 5.01454
19.83 5.01498
19.86 5.01543
19.89 5.01587
19.92 5.01632
19.95 5.01677
19.98 5.01722
20.01 5.01768
20.04 5.01813
20.07 5.01859
20.1 5.01906
20.13 5.01952
20.16 5.01999
20.19 5.02047
20.22 5.02094
20.25 5.02142
20.28 5.0219
20.31 5.02238
20.34 5.02287
20.37 5.02336
20.4 5.02385
20.43 5.02434
20.46 5.02484
20.49 5.02534
20.52 5.02585
20.55 5.02635
20.58 5.02686
20.61 5.02738
20.64 5.02789
20.67 5.02841
20.7 5.02894
20.73 5.02946
20.76 5.02999
20.79 5.03053
20.82 5.03106
20.85 5.0316
20.88 5.03215
20.91 5.03269
20.94 5.03324
20.97 5.0338
21 5.03435
21.03 5.03491
21.06 5.03548
21.09 5.03605
21.12 5.03662
21.15 5.0372
21.18 5.03778
21.21 5.03836
21.24 5.03895
21.27 5.03954
21.3 5.04013
21.33 5.04073
21.36 5.04134
21.39 5.04194
21.42 5.04256
21.45 5.04317
21.48 5.04379
21.51 5.04442
21.54 5.04505
21.57 5.04568
21.6 5.04632
21.63 5.04696
21.66 5.04761
21.69 5.04826
21.72 5.04891
21.75 5.04958
21.78 5.05024
21.81 5.05091
21.84 5.05159
21.87 5.05227
21.9 5.05295
21.93 5.05364
21.96 5.05434
21.99 5.05504
22.02 5.05575
22.05 5.05646
22.08 5.05718
22.11 5.0579
22.14 5.05863
22.17 5.05936
22.2 5.0601
22.23 5.06085
22.26 5.0616
22.29 5.06236
22.32 5.06313
22.35 5.0639
22.38 5.06467
22.41 5.06546
22.44 5.06625
22.47 5.06704
22.5 5.06784
22.53 5.06865
22.56 5.06947
22.59 5.07029
22.62 5.07113
22.65 5.07196
22.68 5.07281
22.71 5.07366
22.74 5.07452
22.77 5.07539
22.8 5.07627
22.83 5.07715
22.86 5.07804
22.89 5.07894
22.92 5.07985
22.95 5.08077
22.98 5.08169
23.01 5.08263
23.04 5.08357
23.07 5.08452
23.1 5.08549
23.13 5.08646
23.16 5.08744
23.19 5.08843
23.22 5.08943
23.25 5.09044
23.28 5.09146
23.31 5.09249
23.34 5.09353
23.37 5.09458
23.4 5.09564
23.43 5.09672
23.46 5.0978
23.49 5.0989
23.52 5.10001
23.55 5.10113
23.58 5.10226
23.61 5.10341
23.64 5.10457
23.67 5.10574
23.7 5.10692
23.73 5.10812
23.76 5.10933
23.79 5.11055
23.82 5.11179
23.85 5.11304
23.88 5.11431
23.91 5.11559
23.94 5.11688
23.97 5.11819
24 5.11952
24.03 5.12086
24.06 5.12222
24.09 5.1236
24.12 5.12499
24.15 5.12639
24.18 5.12782
24.21 5.12926
24.24 5.13072
24.27 5.1322
24.3 5.13369
24.33 5.13521
24.36 5.13674
24.39 5.13829
24.42 5.13987
24.45 5.14146
24.48 5.14307
24.51 5.1447
24.54 5.14635
24.57 5.14802
24.6 5.14971
24.63 5.15143
24.66 5.15316
24.69 5.15492
24.72 5.1567
24.75 5.1585
24.78 5.16033
24.81 5.16217
24.84 5.16404
24.87 5.16594
24.9 5.16785
24.93 5.16979
24.96 5.17176
24.99 5.17375
25.02 5.17576
25.05 5.17779
25.08 5.17986
25.11 5.18194
25.14 5.18405
25.17 5.18619
25.2 5.18835
25.23 5.19053
25.26 5.19274
25.29 5.19498
25.32 5.19724
25.35 5.19952
25.38 5.20183
25.41 5.20417
25.44 5.20653
25.47 5.20891
25.5 5.21132
25.53 5.21375
25.56 5.21621
25.59 5.21869
25.62 5.22119
25.65 5.22371
25.68 5.22626
25.71 5.22883
25.74 5.23142
25.77 5.23403
25.8 5.23666
25.83 5.23931
25.86 5.24199
25.89 5.24468
25.92 5.24738
25.95 5.25011
25.98 5.25285
26.01 5.2556
26.04 5.25837
26.07 5.26116
26.1 5.26396
26.13 5.26676
26.16 5.26958
26.19 5.27241
26.22 5.27525
26.25 5.2781
26.28 5.28095
26.31 5.2838
26.34 5.28666
26.37 5.28953
26.4 5.29239
26.43 5.29526
26.46 5.29812
26.49 5.30099
26.52 5.30385
26.55 5.3067
26.58 5.30955
26.61 5.31239
26.64 5.31523
26.67 5.31805
26.7 5.32087
26.73 5.32367
26.76 5.32646
26.79 5.32924
26.82 5.332
26.85 5.33474
26.88 5.33747
26.91 5.34018
26.94 5.34287
26.97 5.34554
27 5.34819
27.03 5.35082
27.06 5.35343
27.09 5.35601
27.12 5.35857
27.15 5.3611
27.18 5.36361
27.21 5.3661
27.24 5.36856
27.27 5.37099
27.3 5.3734
27.33 5.37578
27.36 5.37813
27.39 5.38046
27.42 5.38276
27.45 5.38503
27.48 5.38728
27.51 5.38949
27.54 5.39168
27.57 5.39384
27.6 5.39598
27.63 5.39808
27.66 5.40016
27.69 5.40222
27.72 5.40424
27.75 5.40624
27.78 5.40821
27.81 5.41016
27.84 5.41208
27.87 5.41398
27.9 5.41585
27.93 5.41769
27.96 5.41952
27.99 5.42131
28.02 5.42309
28.05 5.42484
28.08 5.42657
28.11 5.42827
28.14 5.42995
28.17 5.43161
28.2 5.43325
28.23 5.43487
28.26 5.43647
28.29 5.43805
28.32 5.4396
28.35 5.44114
28.38 5.44266
28.41 5.44416
28.44 5.44564
28.47 5.4471
28.5 5.44854
28.53 5.44996
28.56 5.45137
28.59 5.45276
28.62 5.45414
28.65 5.45549
28.68 5.45683
28.71 5.45816
28.74 5.45947
28.77 5.46076
28.8 5.46204
28.83 5.4633
28.86 5.46455
28.89 5.46578
28.92 5.467
28.95 5.4682
28.98 5.46939
29.01 5.47057
29.04 5.47173
29.07 5.47288
29.1 5.47401
29.13 5.47514
29.16 5.47624
29.19 5.47734
29.22 5.47842
29.25 5.47949
29.28 5.48055
29.31 5.4816
29.34 5.48263
29.37 5.48365
29.4 5.48466
29.43 5.48566
29.46 5.48664
29.49 5.48762
29.52 5.48858
29.55 5.48953
29.58 5.49047
29.61 5.4914
29.64 5.49232
29.67 5.49323
29.7 5.49413
29.73 5.49501
29.76 5.49589
29.79 5.49675
29.82 5.49761
29.85 5.49845
29.88 5.49929
29.91 5.50011
29.94 5.50093
29.97 5.50173
30 5.50253
30.001 5
