0 0
0.03 0.802328
0.06 0.802918
0.09 0.803508
0.12 0.804099
0.15 0.80469
0.18 0.805281
0.21 0.805872
0.24 0.806464
0.27 0.807056
0.3 0.807648
0.33 0.808241
0.36 0.808834
0.39 0.809427
0.42 0.810021
0.45 0.810615
0.48 0.811209
0.51 0.811804
0.54 0.812398
0.57 0.812993
0.6 0.813589
0.63 0.814185
0.66 0.814781
0.69 0.815377
0.72 0.815973
0.75 0.81657
0.78 0.817168
0.81 0.817765
0.84 0.818363
0.87 0.818961
0.9 0.819559
0.93 0.820158
0.96 0.820757
0.99 0.821356
1.02 0.821956
1.05 0.822556
1.08 0.823156
1.11 0.823757
1.14 0.824358
1.17 0.824959
1.2 0.82556
1.23 0.826162
1.26 0.826764
1.29 0.827366
1.32 0.827969
1.35 0.828572
1.38 0.829175
1.41 0.829779
1.44 0.830383
1.47 0.830987
1.5 0.831591
1.53 0.832196
1.56 0.832801
1.59 0.833407
1.62 0.834013
1.65 0.834619
1.68 0.835225
1.71 0.835832
1.74 0.836439
1.77 0.837046
1.8 0.837654
1.83 0.838262
1.86 0.83887
1.89 0.839478
1.92 0.840087
1.95 0.840697
1.98 0.841306
2.01 0.841916
2.04 0.842526
2.07 0.843137
2.1 0.843747
2.13 0.844358
2.16 0.84497
2.19 0.845582
2.22 0.846194
2.25 0.846806
2.28 0.847419
2.31 0.848032
2.34 0.848645
2.37 0.849259
2.4 0.849873
2.43 0.850487
2.46 0.851102
2.49 0.851716
2.52 0.852332
2.55 0.852947
2.58 0.853563
2.61 0.85418
2.64 0.854796
2.67 0.855413
2.7 0.85603
2.73 0.856648
2.76 0.857266
2.79 0.857884
2.82 0.858502
2.85 0.859121
2.88 0.859741
2.91 0.86036
2.94 0.86098
2.97 0.8616
3 0.862221
3.03 0.862842
3.06 0.863463
3.09 0.864085
3.12 0.864706
3.15 0.865329
3.18 0.865951
3.21 0.866574
3.24 0.867198
3.27 0.867821
3.3 0.868445
3.33 0.869069
3.36 0.869694
3.39 0.870319
3.42 0.870944
3.45 0.87157
3.48 0.872196
3.51 0.872823
3.54 0.873449
3.57 0.874076
3.6 0.874704
3.63 0.875332
3.66 0.87596
3.69 0.876588
3.72 0.877217
3.75 0.877847
3.78 0.878476
3.81 0.879106
3.84 0.879736
3.87 0.880367
3.9 0.880998
3.93 0.88163
3.96 0.882261
3.99 0.882894
4.02 0.883526
4.05 0.884159
4.08 0.884792
4.11 0.885426
4.14 0.88606
4.17 0.886694
4.2 0.887329
4.23 0.887964
4.26 0.8886
4.29 0.889235
4.32 0.889872
4.35 0.890508
4.38 0.891145
4.41 0.891783
4.44 0.892421
4.47 0.893059
4.5 0.893697
4.53 0.894336
4.56 0.894976
4.59 0.895615
4.62 0.896256
4.65 0.896896
4.68 0.897537
4.71 0.898178
4.74 0.89882
4.77 0.899462
4.8 0.900105
4.83 0.900748
4.86 0.901391
4.89 0.902035
4.92 0.902679
4.95 0.903324
4.98 0.903969
5.01 0.904614
5.04 0.90526
5.07 0.905906
5.1 0.906553
5.13 0.9072
5.16 0.907848
5.19 0.908495
5.22 0.909144
5.25 0.909793
5.28 0.910442
5.31 0.911092
5.34 0.911742
5.37 0.912392
5.4 0.913043
5.43 0.913695
5.46 0.914346
5.49 0.914999
5.52 0.915651
5.55 0.916305
5.58 0.916958
5.61 0.917612
5.64 0.918267
5.67 0.918922
5.7 0.919577
5.73 0.920233
5.76 0.92089
5.79 0.921546
5.82 0.922204
5.85 0.922862
5.88 0.92352
5.91 0.924178
5.94 0.924838
5.97 0.925497
6 0.926157
6.03 0.926818
6.06 0.927479
6.09 0.928141
6.12 0.928803
6.15 0.929466
6.18 0.930129
6.21 0.930792
6.24 0.931456
6.27 0.932121
6.3 0.932786
6.33 0.933451
6.36 0.934118
6.39 0.934784
6.42 0.935451
6.45 0.936119
6.48 0.936787
6.51 0.937456
6.54 0.938125
6.57 0.938795
6.6 0.939465
6.63 0.940136
6.66 0.940807
6.69 0.941479
6.72 0.942151
6.75 0.942824
6.78 0.943498
6.81 0.944172
6.84 0.944846
6.87 0.945522
6.9 0.946197
6.93 0.946874
6.96 0.94755
6.99 0.948228
7.02 0.948906
7.05 0.949584
7.08 0.950263
7.11 0.950943
7.14 0.951623
7.17 0.952304
7.2 0.952986
7.23 0.953668
7.26 0.954351
7.29 0.955034
7.32 0.955718
7.35 0.956402
7.38 0.957087
7.41 0.957773
7.44 0.958459
7.47 0.959146
7.5 0.959834
7.53 0.960522
7.56 0.961211
7.59 0.9619
7.62 0.962591
7.65 0.963281
7.68 0.963973
7.71 0.964665
7.74 0.965357
7.77 0.966051
7.8 0.966745
7.83 0.96744
7.86 0.968135
7.89 0.968831
7.92 0.969528
7.95 0.970225
7.98 0.970923
8.01 0.971622
8.04 0.972322
8.07 0.973022
8.1 0.973723
8.13 0.974424
8.16 0.975127
8.19 0.97583
8.22 0.976533
8.25 0.977238
8.28 0.977943
8.31 0.978649
8.34 0.979356
8.37 0.980063
8.4 0.980771
8.43 0.98148
8.46 0.98219
8.49 0.9829
8.52 0.983612
8.55 0.984324
8.58 0.985036
8.61 0.98575
8.64 0.986464
8.67 0.987179
8.7 0.987895
8.73 0.988612
8.76 0.98933
8.79 0.990048
8.82 0.990767
8.85 0.991487
8.88 0.992208
8.91 0.99293
8.94 0.993652
8.97 0.994376
9 0.9951
9.03 0.995825
9.06 0.996551
9.09 0.997278
9.12 0.998005
9.15 0.998734
9.18 0.999463
9.21 1.00019
9.24 1.00092
9.27 1.00166
9.3 1.00239
9.33 1.00312
9.36 1.00386
9.39 1.00459
9.42 1.00533
9.45 1.00607
9.48 1.00681
9.51 1.00755
9.54 1.00829
9.57 1.00903
9.6 1.00977
9.63 1.01051
9.66 1.01126
9.69 1.012
9.72 1.01275
9.75 1.0135
9.78 1.01425
9.81 1.015
9.84 1.01575
9.87 1.0165
9.9 1.01725
9.93 1.018
9.96 1.01876
9.99 1.01951
10.02 1.02027
10.05 1.02103
10.08 1.02179
10.11 1.02255
10.14 1.02331
10.17 1.02407
10.2 1.02483
10.23 1.0256
10.26 1.02636
10.29 1.02713
10.32 1.0279
10.35 1.02867
10.38 1.02944
10.41 1.03021
10.44 1.03098
10.47 1.03176
10.5 1.03253
10.53 1.03331
10.56 1.03408
10.59 1.03486
10.62 1.03564
10.65 1.03642
10.68 1.0372
10.71 1.03799
10.74 1.03877
10.77 1.03956
10.8 1.04035
10.83 1.04113
10.86 1.04192
10.89 1.04271
10.92 1.04351
10.95 1.0443
10.98 1.0451
11.01 1.04589
11.04 1.04669
11.07 1.04749
11.1 1.04829
11.13 1.04909
11.16 1.04989
11.19 1.0507
11.22 1.0515
11.25 1.05231
11.28 1.05312
11.31 1.05393
11.34 1.05474
11.37 1.05556
11.4 1.05637
11.43 1.05719
11.46 1.058
11.49 1.05882
11.52 1.05964
11.55 1.06047
11.58 1.06129
11.61 1.06211
11.64 1.06294
11.67 1.06377
11.7 1.0646
11.73 1.06543
11.76 1.06626
11.79 1.0671
11.82 1.06793
11.85 1.06877
11.88 1.06961
11.91 1.07045
11.94 1.0713
11.97 1.07214
12 1.07299
12.03 1.07383
12.06 1.07468
12.09 1.07553
12.12 1.07639
12.15 1.07724
12.18 1.0781
12.21 1.07896
12.24 1.07982
12.27 1.08068
12.3 1.08154
12.33 1.08241
12.36 1.08327
12.39 1.08414
12.42 1.08502
12.45 1.08589
12.48 1.08676
12.51 1.08764
12.54 1.08852
12.57 1.0894
12.6 1.09028
12.63 1.09117
12.66 1.09205
12.69 1.09294
12.72 1.09383
12.75 1.09472
12.78 1.09562
12.81 1.09651
12.84 1.09741
12.87 1.09831
12.9 1.09922
12.93 1.10012
12.96 1.10103
12.99 1.10194
13.02 1.10285
13.05 1.10376
13.08 1.10468
13.11 1.10559
13.14 1.10651
13.17 1.10743
13.2 1.10836
13.23 1.10929
13.26 1.11021
13.29 1.11115
13.32 1.11208
13.35 1.11301
13.38 1.11395
13.41 1.11489
13.44 1.11584
13.47 1.11678
13.5 1.11773
13.53 1.11868
13.56 1.11963
13.59 1.12059
13.62 1.12154
13.65 1.1225
13.68 1.12346
13.71 1.12443
13.74 1.1254
13.77 1.12637
13.8 1.12734
13.83 1.12831
13.86 1.12929
13.89 1.13027
13.92 1.13126
13.95 1.13224
13.98 1.13323
14.01 1.13422
14.04 1.13521
14.07 1.13621
14.1 1.13721
14.13 1.13821
14.16 1.13922
14.19 1.14022
14.22 1.14123
14.25 1.14225
14.28 1.14326
14.31 1.14428
14.34 1.14531
14.37 1.14633
14.4 1.14736
14.43 1.14839
14.46 1.14942
14.49 1.15046
14.52 1.1515
14.55 1.15254
14.58 1.15359
14.61 1.15464
14.64 1.15569
14.67 1.15675
14.7 1.15781
14.73 1.15887
14.76 1.15993
14.79 1.161
14.82 1.16207
14.85 1.16315
14.88 1.16423
14.91 1.16531
14.94 1.16639
14.97 1.16748
15 1.16857
15.03 1.16967
15.06 1.17077
15.09 1.17187
15.12 1.17298
15.15 1.17408
15.18 1.1752
15.21 1.17631
15.24 1.17743
15.27 1.17856
15.3 1.17968
15.33 1.18082
15.36 1.18195
15.39 1.18309
15.42 1.18423
15.45 1.18538
15.48 1.18653
15.51 1.18768
15.54 1.18884
15.57 1.19
15.6 1.19116
15.63 1.19233
15.66 1.19351
15.69 1.19468
15.72 1.19587
15.75 1.19705
15.78 1.19824
15.81 1.19943
15.84 1.20063
15.87 1.20183
15.9 1.20304
15.93 1.20425
15.96 1.20546
15.99 1.20668
16.02 1.2079
16.05 1.20913
16.08 1.21036
16.11 1.2116
16.14 1.21284
16.17 1.21409
16.2 1.21534
16.23 1.21659
16.26 1.21785
16.29 1.21911
16.32 1.22038
16.35 1.22165
16.38 1.22293
16.41 1.22421
16.44 1.2255
16.47 1.22679
16.5 1.22809
16.53 1.22939
16.56 1.23069
16.59 1.232
16.62 1.23332
16.65 1.23464
16.68 1.23597
16.71 1.2373
16.74 1.23863
16.77 1.23997
16.8 1.24132
16.83 1.24267
16.86 1.24403
16.89 1.24539
16.92 1.24676
16.95 1.24813
16.98 1.24951
17.01 1.25089
17.04 1.25228
17.07 1.25367
17.1 1.25507
17.13 1.25648
17.16 1.25789
17.19 1.25931
17.22 1.26073
17.25 1.26216
17.28 1.26359
17.31 1.26503
17.34 1.26648
17.37 1.26793
17.4 1.26938
17.43 1.27085
17.46 1.27232
17.49 1.27379
17.52 1.27527
17.55 1.27676
17.58 1.27825
17.61 1.27975
17.64 1.28126
17.67 1.28277
17.7 1.28429
17.73 1.28581
17.76 1.28734
17.79 1.28888
17.82 1.29042
17.85 1.29197
17.88 1.29353
17.91 1.2951
17.94 1.29667
17.97 1.29824
18 1.29983
18.03 1.30142
18.06 1.30301
18.09 1.30462
18.12 1.30623
18.15 1.30785
18.18 1.30947
18.21 1.31111
18.24 1.31275
18.27 1.31439
18.3 1.31605
18.33 1.31771
18.36 1.31938
18.39 1.32105
18.42 1.32274
18.45 1.32443
18.48 1.32613
18.51 1.32783
18.54 1.32954
18.57 1.33127
18.6 1.333
18.63 1.33473
18.66 1.33648
18.69 1.33823
18.72 1.33999
18.75 1.34176
18.78 1.34354
18.81 1.34532
18.84 1.34711
18.87 1.34891
18.9 1.35072
18.93 1.35254
18.96 1.35437
18.99 1.3562
19.02 1.35805
19.05 1.3599
19.08 1.36176
19.11 1.36363
19.14 1.36551
19.17 1.36739
19.2 1.36929
19.23 1.3712
19.26 1.37311
19.29 1.37503
19.32 1.37696
19.35 1.37891
19.38 1.38086
19.41 1.38282
19.44 1.38479
19.47 1.38677
19.5 1.38876
19.53 1.39075
19.56 1.39276
19.59 1.39478
19.62 1.39681
19.65 1.39885
19.68 1.40089
19.71 1.40295
19.74 1.40502
19.77 1.4071
19.8 1.40919
19.83 1.41129
19.86 1.4134
19.89 1.41552
19.92 1.41765
19.95 1.41979
19.98 1.42195
20.01 1.42411
20.04 1.42629
20.07 1.42847
20.1 1.43067
20.13 1.43288
20.16 1.4351
20.19 1.43733
20.22 1.43957
20.25 1.44183
20.28 1.44409
20.31 1.44637
20.34 1.44866
20.37 1.45097
20.4 1.45328
20.43 1.45561
20.46 1.45795
20.49 1.4603
20.52 1.46267
20.55 1.46505
20.58 1.46744
20.61 1.46984
20.64 1.47226
20.67 1.47469
20.7 1.47713
20.73 1.47959
20.76 1.48206
20.79 1.48455
20.82 1.48705
20.85 1.48956
20.88 1.49209
20.91 1.49463
20.94 1.49718
20.97 1.49975
21 1.50234
21.03 1.50494
21.06 1.50756
21.09 1.51019
21.12 1.51283
21.15 1.5155
21.18 1.51817
21.21 1.52087
21.24 1.52358
21.27 1.5263
21.3 1.52905
21.33 1.53181
21.36 1.53458
21.39 1.53738
21.42 1.54019
21.45 1.54302
21.48 1.54586
21.51 1.54873
21.54 1.55161
21.57 1.55451
21.6 1.55743
21.63 1.56036
21.66 1.56332
21.69 1.5663
21.72 1.56929
21.75 1.57231
21.78 1.57534
21.81 1.5784
21.84 1.58147
21.87 1.58457
21.9 1.58769
21.93 1.59083
21.96 1.59399
21.99 1.59717
22.02 1.60038
22.05 1.6036
22.08 1.60686
22.11 1.61013
22.14 1.61343
22.17 1.61675
22.2 1.62009
22.23 1.62346
22.26 1.62686
22.29 1.63028
22.32 1.63373
22.35 1.6372
22.38 1.6407
22.41 1.64422
22.44 1.64778
22.47 1.65136
22.5 1.65496
22.53 1.6586
22.56 1.66227
22.59 1.66596
22.62 1.66969
22.65 1.67345
22.68 1.67723
22.71 1.68105
22.74 1.6849
22.77 1.68879
22.8 1.6927
22.83 1.69665
22.86 1.70064
22.89 1.70466
22.92 1.70871
22.95 1.7128
22.98 1.71693
23.01 1.72109
23.04 1.72529
23.07 1.72953
23.1 1.73381
23.13 1.73813
23.16 1.74249
23.19 1.74689
23.22 1.75134
23.25 1.75582
23.28 1.76035
23.31 1.76492
23.34 1.76954
23.37 1.77421
23.4 1.77892
23.43 1.78368
23.46 1.78848
23.49 1.79334
23.52 1.79824
23.55 1.8032
23.58 1.80821
23.61 1.81327
23.64 1.81839
23.67 1.82356
23.7 1.82878
23.73 1.83407
23.76 1.83941
23.79 1.84481
23.82 1.85027
23.85 1.85579
23.88 1.86137
23.91 1.86702
23.94 1.87273
23.97 1.87851
24 1.88435
24.03 1.89026
24.06 1.89624
24.09 1.90229
24.12 1.90842
24.15 1.91461
24.18 1.92088
24.21 1.92723
24.24 1.93365
24.27 1.94015
24.3 1.94673
24.33 1.95339
24.36 1.96014
24.39 1.96696
24.42 1.97387
24.45 1.98087
24.48 1.98796
24.51 1.99513
24.54 2.0024
24.57 2.00975
24.6 2.0172
24.63 2.02475
24.66 2.03239
24.69 2.04013
24.72 2.04797
24.75 2.0559
24.78 2.06394
24.81 2.07209
24.84 2.08033
24.87 2.08869
24.9 2.09714
24.93 2.10571
24.96 2.11439
24.99 2.12318
25.02 2.13208
25.05 2.14109
25.08 2.15022
25.11 2.15946
25.14 2.16882
25.17 2.1783
25.2 2.18789
25.23 2.19761
25.26 2.20744
25.29 2.21739
25.32 2.22747
25.35 2.23767
25.38 2.24798
25.41 2.25843
25.44 2.26899
25.47 2.27968
25.5 2.29049
25.53 2.30142
25.56 2.31247
25.59 2.32365
25.62 2.33495
25.65 2.34637
25.68 2.35791
25.71 2.36957
25.74 2.38134
25.77 2.39324
25.8 2.40525
25.83 2.41738
25.86 2.42961
25.89 2.44196
25.92 2.45442
25.95 2.46698
25.98 2.47965
26.01 2.49242
26.04 2.50529
26.07 2.51826
26.1 2.53131
26.13 2.54446
26.16 2.55769
26.19 2.57101
26.22 2.5844
26.25 2.59787
26.28 2.6114
26.31 2.62501
26.34 2.63867
26.37 2.65239
26.4 2.66616
26.43 2.67997
26.46 2.69383
26.49 2.70772
26.52 2.72164
26.55 2.73559
26.58 2.74955
26.61 2.76353
26.64 2.77752
26.67 2.7915
26.7 2.80549
26.73 2.81946
26.76 2.83341
26.79 2.84734
26.82 2.86125
26.85 2.87512
26.88 2.88894
26.91 2.90272
26.94 2.91645
26.97 2.93012
27 2.94373
27.03 2.95726
27.06 2.97072
27.09 2.9841
27.12 2.9974
27.15 3.0106
27.18 3.02371
27.21 3.03671
27.24 3.04961
27.27 3.0624
27.3 3.07508
27.33 3.08764
27.36 3.10007
27.39 3.11239
27.42 3.12457
27.45 3.13662
27.48 3.14853
27.51 3.16031
27.54 3.17195
27.57 3.18344
27.6 3.19479
27.63 3.20599
27.66 3.21705
27.69 3.22795
27.72 3.23871
27.75 3.24931
27.78 3.25976
27.81 3.27005
27.84 3.2802
27.87 3.29018
27.9 3.30002
27.93 3.3097
27.96 3.31922
27.99 3.3286
28.02 3.33782
28.05 3.34688
28.08 3.3558
28.11 3.36457
28.14 3.37318
28.17 3.38165
28.2 3.38997
28.23 3.39815
28.26 3.40618
28.29 3.41407
28.32 3.42182
28.35 3.42943
28.38 3.43691
28.41 3.44425
28.44 3.45145
28.47 3.45852
28.5 3.46546
28.53 3.47228
28.56 3.47897
28.59 3.48553
28.62 3.49198
28.65 3.4983
28.68 3.5045
28.71 3.51059
28.74 3.51657
28.77 3.52243
28.8 3.52818
28.83 3.53383
28.86 3.53937
28.89 3.5448
28.92 3.55014
28.95 3.55537
28.98 3.56051
29.01 3.56555
29.04 3.57049
29.07 3.57535
29.1 3.58011
29.13 3.58478
29.16 3.58937
29.19 3.59387
29.22 3.59829
29.25 3.60263
29.28 3.60688
29.31 3.61106
29.34 3.61516
29.37 3.61919
29.4 3.62314
29.43 3.62702
29.46 3.63083
29.49 3.63456
29.52 3.63823
29.55 3.64184
29.58 3.64538
29.61 3.64885
29.64 3.65226
29.67 3.65561
29.7 3.6589
29.73 3.66213
29.76 3.66531
29.79 3.66842
29.82 3.67148
29.85 3.67449
29.88 3.67744
29.91 3.68034
29.94 3.68319
29.97 3.68599
30 3.68874
30.001 0
