0 0
0.03 0.625433
0.06 0.626563
0.09 0.627694
0.12 0.628826
0.15 0.629958
0.18 0.63109
0.21 0.632223
0.24 0.633356
0.27 0.63449
0.3 0.635624
0.33 0.636759
0.36 0.637894
0.39 0.639029
0.42 0.640165
0.45 0.641301
0.48 0.642438
0.51 0.643575
0.54 0.644713
0.57 0.645851
0.6 0.646989
0.63 0.648128
0.66 0.649267
0.69 0.650407
0.72 0.651547
0.75 0.652688
0.78 0.653829
0.81 0.65497
0.84 0.656112
0.87 0.657254
0.9 0.658397
0.93 0.65954
0.96 0.660683
0.99 0.661827
1.02 0.662971
1.05 0.664116
1.08 0.665261
1.11 0.666407
1.14 0.667553
1.17 0.668699
1.2 0.669846
1.23 0.670993
1.26 0.67214
1.29 0.673288
1.32 0.674437
1.35 0.675585
1.38 0.676735
1.41 0.677884
1.44 0.679034
1.47 0.680184
1.5 0.681335
1.53 0.682486
1.56 0.683638
1.59 0.68479
1.62 0.685942
1.65 0.687095
1.68 0.688248
1.71 0.689402
1.74 0.690556
1.77 0.69171
1.8 0.692865
1.83 0.69402
1.86 0.695175
1.89 0.696331
1.92 0.697488
1.95 0.698644
1.98 0.699802
2.01 0.700959
2.04 0.702117
2.07 0.703275
2.1 0.704434
2.13 0.705593
2.16 0.706752
2.19 0.707912
2.22 0.709073
2.25 0.710233
2.28 0.711394
2.31 0.712556
2.34 0.713718
2.37 0.71488
2.4 0.716042
2.43 0.717205
2.46 0.718369
2.49 0.719533
2.52 0.720697
2.55 0.721861
2.58 0.723026
2.61 0.724192
2.64 0.725357
2.67 0.726524
2.7 0.72769
2.73 0.728857
2.76 0.730024
2.79 0.731192
2.82 0.73236
2.85 0.733529
2.88 0.734698
2.91 0.735867
2.94 0.737037
2.97 0.738207
3 0.739377
3.03 0.740548
3.06 0.74172
3.09 0.742891
3.12 0.744064
3.15 0.745236
3.18 0.746409
3.21 0.747582
3.24 0.748756
3.27 0.74993
3.3 0.751105
3.33 0.75228
3.36 0.753455
3.39 0.754631
3.42 0.755807
3.45 0.756984
3.48 0.758161
3.51 0.759338
3.54 0.760516
3.57 0.761694
3.6 0.762873
3.63 0.764052
3.66 0.765232
3.69 0.766412
3.72 0.767592
3.75 0.768773
3.78 0.769954
3.81 0.771136
3.84 0.772318
3.87 0.7735
3.9 0.774683
3.93 0.775866
3.96 0.77705
3.99 0.778234
4.02 0.779419
4.05 0.780604
4.08 0.78179
4.11 0.782976
4.14 0.784162
4.17 0.785349
4.2 0.786536
4.23 0.787724
4.26 0.788912
4.29 0.790101
4.32 0.79129
4.35 0.79248
4.38 0.79367
4.41 0.79486
4.44 0.796051
4.47 0.797243
4.5 0.798435
4.53 0.799627
4.56 0.80082
4.59 0.802013
4.62 0.803207
4.65 0.804401
4.68 0.805596
4.71 0.806792
4.74 0.807987
4.77 0.809184
4.8 0.81038
4.83 0.811577
4.86 0.812775
4.89 0.813973
4.92 0.815172
4.95 0.816371
4.98 0.817571
5.01 0.818771
5.04 0.819972
5.07 0.821173
5.1 0.822375
5.13 0.823578
5.16 0.82478
5.19 0.825984
5.22 0.827188
5.25 0.828392
5.28 0.829597
5.31 0.830803
5.34 0.832009
5.37 0.833215
5.4 0.834423
5.43 0.83563
5.46 0.836839
5.49 0.838047
5.52 0.839257
5.55 0.840467
5.58 0.841677
5.61 0.842889
5.64 0.8441
5.67 0.845313
5.7 0.846525
5.73 0.847739
5.76 0.848953
5.79 0.850168
5.82 0.851383
5.85 0.852599
5.88 0.853815
5.91 0.855033
5.94 0.85625
5.97 0.857469
6 0.858688
6.03 0.859907
6.06 0.861128
6.09 0.862348
6.12 0.86357
6.15 0.864792
6.18 0.866015
6.21 0.867239
6.24 0.868463
6.27 0.869688
6.3 0.870913
6.33 0.872139
6.36 0.873366
6.39 0.874594
6.42 0.875822
6.45 0.877051
6.48 0.878281
6.51 0.879511
6.54 0.880742
6.57 0.881974
6.6 0.883207
6.63 0.88444
6.66 0.885674
6.69 0.886909
6.72 0.888144
6.75 0.889381
6.78 0.890618
6.81 0.891855
6.84 0.893094
6.87 0.894333
6.9 0.895573
6.93 0.896814
6.96 0.898056
6.99 0.899298
7.02 0.900542
7.05 0.901786
7.08 0.903031
7.11 0.904276
7.14 0.905523
7.17 0.90677
7.2 0.908019
7.23 0.909268
7.26 0.910518
7.29 0.911769
7.32 0.91302
7.35 0.914273
7.38 0.915526
7.41 0.916781
7.44 0.918036
7.47 0.919292
7.5 0.920549
7.53 0.921807
7.56 0.923066
7.59 0.924325
7.62 0.925586
7.65 0.926848
7.68 0.92811
7.71 0.929374
7.74 0.930639
7.77 0.931904
7.8 0.933171
7.83 0.934438
7.86 0.935706
7.89 0.936976
7.92 0.938246
7.95 0.939518
7.98 0.94079
8.01 0.942064
8.04 0.943339
8.07 0.944614
8.1 0.945891
8.13 0.947169
8.16 0.948448
8.19 0.949728
8.22 0.951009
8.25 0.952291
8.28 0.953574
8.31 0.954858
8.34 0.956144
8.37 0.957431
8.4 0.958718
8.43 0.960007
8.46 0.961297
8.49 0.962588
8.52 0.963881
8.55 0.965175
8.58 0.966469
8.61 0.967765
8.64 0.969063
8.67 0.970361
8.7 0.971661
8.73 0.972962
8.76 0.974264
8.79 0.975567
8.82 0.976872
8.85 0.978178
8.88 0.979485
8.91 0.980794
8.94 0.982104
8.97 0.983415
9 0.984728
9.03 0.986042
9.06 0.987357
9.09 0.988673
9.12 0.989991
9.15 0.991311
9.18 0.992632
9.21 0.993954
9.24 0.995277
9.27 0.996602
9.3 0.997929
9.33 0.999257
9.36 1.00059
9.39 1.00192
9.42 1.00325
9.45 1.00458
9.48 1.00592
9.51 1.00726
9.54 1.00859
9.57 1.00993
9.6 1.01127
9.63 1.01262
9.66 1.01396
9.69 1.01531
9.72 1.01666
9.75 1.01801
9.78 1.01936
9.81 1.02071
9.84 1.02206
9.87 1.02342
9.9 1.02478
9.93 1.02614
9.96 1.0275
9.99 1.02886
10.02 1.03022
10.05 1.03159
10.08 1.03296
10.11 1.03433
10.14 1.0357
10.17 1.03707
10.2 1.03845
10.23 1.03982
10.26 1.0412
10.29 1.04258
10.32 1.04396
10.35 1.04535
10.38 1.04674
10.41 1.04812
10.44 1.04951
10.47 1.0509
10.5 1.0523
10.53 1.05369
10.56 1.05509
10.59 1.05649
10.62 1.05789
10.65 1.0593
10.68 1.0607
10.71 1.06211
10.74 1.06352
10.77 1.06493
10.8 1.06634
10.83 1.06776
10.86 1.06918
10.89 1.0706
10.92 1.07202
10.95 1.07344
10.98 1.07487
11.01 1.0763
11.04 1.07773
11.07 1.07916
11.1 1.0806
11.13 1.08204
11.16 1.08348
11.19 1.08492
11.22 1.08636
11.25 1.08781
11.28 1.08926
11.31 1.09071
11.34 1.09216
11.37 1.09362
11.4 1.09508
11.43 1.09654
11.46 1.098
11.49 1.09947
11.52 1.10094
11.55 1.10241
11.58 1.10388
11.61 1.10535
11.64 1.10683
11.67 1.10831
11.7 1.1098
11.73 1.11128
11.76 1.11277
11.79 1.11426
11.82 1.11576
11.85 1.11725
11.88 1.11875
11.91 1.12025
11.94 1.12176
11.97 1.12326
12 1.12477
12.03 1.12629
12.06 1.1278
12.09 1.12932
12.12 1.13084
12.15 1.13236
12.18 1.13389
12.21 1.13542
12.24 1.13695
12.27 1.13849
12.3 1.14003
12.33 1.14157
12.36 1.14311
12.39 1.14466
12.42 1.14621
12.45 1.14776
12.48 1.14932
12.51 1.15088
12.54 1.15244
12.57 1.15401
12.6 1.15557
12.63 1.15715
12.66 1.15872
12.69 1.1603
12.72 1.16188
12.75 1.16346
12.78 1.16505
12.81 1.16664
12.84 1.16824
12.87 1.16984
12.9 1.17144
12.93 1.17304
12.96 1.17465
12.99 1.17626
13.02 1.17787
13.05 1.17949
13.08 1.18111
13.11 1.18274
13.14 1.18437
13.17 1.186
13.2 1.18763
13.23 1.18927
13.26 1.19092
13.29 1.19256
13.32 1.19421
13.35 1.19587
13.38 1.19752
13.41 1.19919
13.44 1.20085
13.47 1.20252
13.5 1.20419
13.53 1.20587
13.56 1.20755
13.59 1.20923
13.62 1.21092
13.65 1.21261
13.68 1.21431
13.71 1.21601
13.74 1.21771
13.77 1.21942
13.8 1.22113
13.83 1.22285
13.86 1.22457
13.89 1.22629
13.92 1.22802
13.95 1.22975
13.98 1.23149
14.01 1.23323
14.04 1.23497
14.07 1.23672
14.1 1.23848
14.13 1.24024
14.16 1.242
14.19 1.24376
14.22 1.24554
14.25 1.24731
14.28 1.24909
14.31 1.25088
14.34 1.25267
14.37 1.25446
14.4 1.25626
14.43 1.25806
14.46 1.25987
14.49 1.26168
14.52 1.2635
14.55 1.26532
14.58 1.26715
14.61 1.26898
14.64 1.27081
14.67 1.27266
14.7 1.2745
14.73 1.27635
14.76 1.27821
14.79 1.28007
14.82 1.28194
14.85 1.28381
14.88 1.28568
14.91 1.28756
14.94 1.28945
14.97 1.29134
15 1.29324
15.03 1.29514
15.06 1.29705
15.09 1.29896
15.12 1.30088
15.15 1.3028
15.18 1.30473
15.21 1.30667
15.24 1.30861
15.27 1.31055
15.3 1.3125
15.33 1.31446
15.36 1.31642
15.39 1.31839
15.42 1.32036
15.45 1.32234
15.48 1.32433
15.51 1.32632
15.54 1.32832
15.57 1.33032
15.6 1.33233
15.63 1.33434
15.66 1.33636
15.69 1.33839
15.72 1.34042
15.75 1.34246
15.78 1.34451
15.81 1.34656
15.84 1.34862
15.87 1.35068
15.9 1.35275
15.93 1.35483
15.96 1.35691
15.99 1.359
16.02 1.3611
16.05 1.3632
16.08 1.36531
16.11 1.36743
16.14 1.36956
16.17 1.37169
16.2 1.37382
16.23 1.37597
16.26 1.37812
16.29 1.38028
16.32 1.38244
16.35 1.38461
16.38 1.38679
16.41 1.38898
16.44 1.39117
16.47 1.39338
16.5 1.39558
16.53 1.3978
16.56 1.40002
16.59 1.40226
16.62 1.40449
16.65 1.40674
16.68 1.409
16.71 1.41126
16.74 1.41353
16.77 1.41581
16.8 1.41809
16.83 1.42039
16.86 1.42269
16.89 1.425
16.92 1.42732
16.95 1.42964
16.98 1.43198
17.01 1.43432
17.04 1.43667
17.07 1.43904
17.1 1.4414
17.13 1.44378
17.16 1.44617
17.19 1.44857
17.22 1.45097
17.25 1.45339
17.28 1.45581
17.31 1.45824
17.34 1.46068
17.37 1.46313
17.4 1.46559
17.43 1.46806
17.46 1.47054
17.49 1.47303
17.52 1.47553
17.55 1.47804
17.58 1.48056
17.61 1.48309
17.64 1.48563
17.67 1.48818
17.7 1.49074
17.73 1.49331
17.76 1.49589
17.79 1.49849
17.82 1.50109
17.85 1.5037
17.88 1.50633
17.91 1.50896
17.94 1.51161
17.97 1.51427
18 1.51694
18.03 1.51962
18.06 1.52232
18.09 1.52502
18.12 1.52774
18.15 1.53047
18.18 1.53321
18.21 1.53597
18.24 1.53873
18.27 1.54151
18.3 1.5443
18.33 1.54711
18.36 1.54993
18.39 1.55276
18.42 1.5556
18.45 1.55846
18.48 1.56133
18.51 1.56422
18.54 1.56712
18.57 1.57003
18.6 1.57296
18.63 1.5759
18.66 1.57886
18.69 1.58183
18.72 1.58482
18.75 1.58782
18.78 1.59084
18.81 1.59387
18.84 1.59692
18.87 1.59999
18.9 1.60307
18.93 1.60617
18.96 1.60928
18.99 1.61241
19.02 1.61556
19.05 1.61872
19.08 1.62191
19.11 1.62511
19.14 1.62832
19.17 1.63156
19.2 1.63482
19.23 1.63809
19.26 1.64138
19.29 1.64469
19.32 1.64802
19.35 1.65137
19.38 1.65474
19.41 1.65813
19.44 1.66154
19.47 1.66497
19.5 1.66842
19.53 1.67189
19.56 1.67539
19.59 1.6789
19.62 1.68244
19.65 1.686
19.68 1.68959
19.71 1.69319
19.74 1.69682
19.77 1.70048
19.8 1.70415
19.83 1.70786
19.86 1.71158
19.89 1.71533
19.92 1.71911
19.95 1.72291
19.98 1.72674
20.01 1.7306
20.04 1.73448
20.07 1.73839
20.1 1.74233
20.13 1.7463
20.16 1.75029
20.19 1.75431
20.22 1.75837
20.25 1.76245
20.28 1.76656
20.31 1.77071
20.34 1.77488
20.37 1.77909
20.4 1.78333
20.43 1.7876
20.46 1.7919
20.49 1.79624
20.52 1.80061
20.55 1.80502
20.58 1.80946
20.61 1.81394
20.64 1.81845
20.67 1.823
20.7 1.82759
20.73 1.83222
20.76 1.83688
20.79 1.84158
20.82 1.84632
20.85 1.85111
20.88 1.85593
20.91 1.86079
20.94 1.8657
20.97 1.87065
21 1.87564
21.03 1.88067
21.06 1.88575
21.09 1.89088
21.12 1.89605
21.15 1.90127
21.18 1.90653
21.21 1.91184
21.24 1.9172
21.27 1.92261
21.3 1.92807
21.33 1.93358
21.36 1.93914
21.39 1.94475
21.42 1.95042
21.45 1.95614
21.48 1.96191
21.51 1.96774
21.54 1.97362
21.57 1.97956
21.6 1.98556
21.63 1.99162
21.66 1.99773
21.69 2.0039
21.72 2.01014
21.75 2.01643
21.78 2.02279
21.81 2.02921
21.84 2.03569
21.87 2.04224
21.9 2.04885
21.93 2.05552
21.96 2.06227
21.99 2.06908
22.02 2.07596
22.05 2.0829
22.08 2.08992
22.11 2.09701
22.14 2.10416
22.17 2.11139
22.2 2.1187
22.23 2.12607
22.26 2.13352
22.29 2.14104
22.32 2.14864
22.35 2.15632
22.38 2.16407
22.41 2.1719
22.44 2.1798
22.47 2.18779
22.5 2.19585
22.53 2.20399
22.56 2.21222
22.59 2.22052
22.62 2.2289
22.65 2.23737
22.68 2.24592
22.71 2.25455
22.74 2.26326
22.77 2.27206
22.8 2.28093
22.83 2.2899
22.86 2.29894
22.89 2.30807
22.92 2.31728
22.95 2.32658
22.98 2.33596
23.01 2.34542
23.04 2.35497
23.07 2.3646
23.1 2.37432
23.13 2.38411
23.16 2.39399
23.19 2.40395
23.22 2.414
23.25 2.42412
23.28 2.43433
23.31 2.44461
23.34 2.45498
23.37 2.46542
23.4 2.47594
23.43 2.48654
23.46 2.49721
23.49 2.50795
23.52 2.51877
23.55 2.52966
23.58 2.54062
23.61 2.55165
23.64 2.56275
23.67 2.57391
23.7 2.58514
23.73 2.59642
23.76 2.60777
23.79 2.61918
23.82 2.63064
23.85 2.64216
23.88 2.65373
23.91 2.66534
23.94 2.67701
23.97 2.68872
24 2.70047
24.03 2.71226
24.06 2.72408
24.09 2.73594
24.12 2.74783
24.15 2.75975
24.18 2.7717
24.21 2.78366
24.24 2.79565
24.27 2.80765
24.3 2.81966
24.33 2.83168
24.36 2.84371
24.39 2.85574
24.42 2.86777
24.45 2.87979
24.48 2.89181
24.51 2.90382
24.54 2.91581
24.57 2.92778
24.6 2.93973
24.63 2.95166
24.66 2.96355
24.69 2.97542
24.72 2.98725
24.75 2.99904
24.78 3.01078
24.81 3.02249
24.84 3.03414
24.87 3.04574
24.9 3.05728
24.93 3.06877
24.96 3.08019
24.99 3.09155
25.02 3.10283
25.05 3.11405
25.08 3.12519
25.11 3.13626
25.14 3.14725
25.17 3.15815
25.2 3.16897
25.23 3.1797
25.26 3.19034
25.29 3.20089
25.32 3.21135
25.35 3.22171
25.38 3.23197
25.41 3.24213
25.44 3.25219
25.47 3.26214
25.5 3.27199
25.53 3.28173
25.56 3.29137
25.59 3.30089
25.62 3.3103
25.65 3.31961
25.68 3.3288
25.71 3.33788
25.74 3.34684
25.77 3.35569
25.8 3.36442
25.83 3.37304
25.86 3.38154
25.89 3.38993
25.92 3.3982
25.95 3.40635
25.98 3.41439
26.01 3.42231
26.04 3.43011
26.07 3.4378
26.1 3.44538
26.13 3.45284
26.16 3.46018
26.19 3.46742
26.22 3.47453
26.25 3.48154
26.28 3.48843
26.31 3.49522
26.34 3.50189
26.37 3.50846
26.4 3.51491
26.43 3.52126
26.46 3.5275
26.49 3.53364
26.52 3.53968
26.55 3.54561
26.58 3.55144
26.61 3.55717
26.64 3.5628
26.67 3.56833
26.7 3.57377
26.73 3.57911
26.76 3.58435
26.79 3.58951
26.82 3.59457
26.85 3.59954
26.88 3.60442
26.91 3.60922
26.94 3.61393
26.97 3.61856
27 3.6231
27.03 3.62756
27.06 3.63194
27.09 3.63624
27.12 3.64046
27.15 3.64461
27.18 3.64868
27.21 3.65267
27.24 3.6566
27.27 3.66045
27.3 3.66423
27.33 3.66795
27.36 3.67159
27.39 3.67517
27.42 3.67869
27.45 3.68214
27.48 3.68553
27.51 3.68885
27.54 3.69212
27.57 3.69533
27.6 3.69848
27.63 3.70157
27.66 3.70461
27.69 3.70759
27.72 3.71052
27.75 3.71339
27.78 3.71622
27.81 3.71899
27.84 3.72172
27.87 3.72439
27.9 3.72702
27.93 3.7296
27.96 3.73214
27.99 3.73463
28.02 3.73708
28.05 3.73949
28.08 3.74185
28.11 3.74417
28.14 3.74645
28.17 3.74869
28.2 3.7509
28.23 3.75306
28.26 3.75519
28.29 3.75728
28.32 3.75933
28.35 3.76135
28.38 3.76334
28.41 3.76529
28.44 3.76721
28.47 3.7691
28.5 3.77095
28.53 3.77278
28.56 3.77457
28.59 3.77634
28.62 3.77807
28.65 3.77978
28.68 3.78146
28.71 3.78311
28.74 3.78473
28.77 3.78633
28.8 3.7879
28.83 3.78945
28.86 3.79097
28.89 3.79247
28.92 3.79394
28.95 3.79539
28.98 3.79682
29.01 3.79822
29.04 3.7996
29.07 3.80096
29.1 3.8023
29.13 3.80362
29.16 3.80492
29.19 3.8062
29.22 3.80745
29.25 3.80869
29.28 3.80991
29.31 3.81111
29.34 3.8123
29.37 3.81346
29.4 3.81461
29.43 3.81574
29.46 3.81685
29.49 3.81795
29.52 3.81903
29.55 3.82009
29.58 3.82114
29.61 3.82218
29.64 3.8232
29.67 3.8242
29.7 3.82519
29.73 3.82616
29.76 3.82712
29.79 3.82807
29.82 3.829
29.85 3.82992
29.88 3.83083
29.91 3.83172
29.94 3.8326
29.97 3.83347
30 3.83433
30.001 0
