0 -10
0.03 -8.69699
0.06 -8.69681
0.09 -8.69662
0.12 -8.69643
0.15 -8.69624
0.18 -8.69605
0.21 -8.69587
0.24 -8.69568
0.27 -8.69549
0.3 -8.6953
0.33 -8.69512
0.36 -8.69493
0.39 -8.69474
0.42 -8.69456
0.45 -8.69437
0.48 -8.69418
0.51 -8.694
0.54 -8.69381
0.57 -8.69363
0.6 -8.69344
0.63 -8.69325
0.66 -8.69307
0.69 -8.69288
0.72 -8.6927
0.75 -8.69251
0.78 -8.69233
0.81 -8.69214
0.84 -8.69196
0.87 -8.69178
0.9 -8.69159
0.93 -8.69141
0.96 -8.69122
0.99 -8.69104
1.02 -8.69086
1.05 -8.69067
1.08 -8.69049
1.11 -8.69031
1.14 -8.69012
1.17 -8.68994
1.2 -8.68976
1.23 -8.68958
1.26 -8.68939
1.29 -8.68921
1.32 -8.68903
1.35 -8.68885
1.38 -8.68867
1.41 -8.68849
1.44 -8.6883
1.47 -8.68812
1.5 -8.68794
1.53 -8.68776
1.56 -8.68758
1.59 -8.6874
1.62 -8.68722
1.65 -8.68704
1.68 -8.68686
1.71 -8.68668
1.74 -8.6865
1.77 -8.68632
1.8 -8.68614
1.83 -8.68596
1.86 -8.68578
1.89 -8.68561
1.92 -8.68543
1.95 -8.68525
1.98 -8.68507
2.01 -8.68489
2.04 -8.68471
2.07 -8.68454
2.1 -8.68436
2.13 -8.68418
2.16 -8.684
2.19 -8.68383
2.22 -8.68365
2.25 -8.68347
2.28 -8.6833
2.31 -8.68312
2.34 -8.68294
2.37 -8.68277
2.4 -8.68259
2.43 -8.68242
2.46 -8.68224
2.49 -8.68206
2.52 -8.68189
2.55 -8.68171
2.58 -8.68154
2.61 -8.68137
2.64 -8.68119
2.67 -8.68102
2.7 -8.68084
2.73 -8.68067
2.76 -8.68049
2.79 -8.68032
2.82 -8.68015
2.85 -8.67997
2.88 -8.6798
2.91 -8.67963
2.94 -8.67945
2.97 -8.67928
3 -8.67911
3.03 -8.67894
3.06 -8.67876
3.09 -8.67859
3.12 -8.67842
3.15 -8.67825
3.18 -8.67808
3.21 -8.67791
3.24 -8.67774
3.27 -8.67756
3.3 -8.67739
3.33 -8.67722
3.36 -8.67705
3.39 -8.67688
3.42 -8.67671
3.45 -8.67654
3.48 -8.67637
3.51 -8.6762
3.54 -8.67603
3.57 -8.67586
3.6 -8.6757
3.63 -8.67553
3.66 -8.67536
3.69 -8.67519
3.72 -8.67502
3.75 -8.67485
3.78 -8.67469
3.81 -8.67452
3.84 -8.67435
3.87 -8.67418
3.9 -8.67402
3.93 -8.67385
3.96 -8.67368
3.99 -8.67351
4.02 -8.67335
4.05 -8.67318
4.08 -8.67302
4.11 -8.67285
4.14 -8.67268
4.17 -8.67252
4.2 -8.67235
4.23 -8.67219
4.26 -8.67202
4.29 -8.67186
4.32 -8.67169
4.35 -8.67153
4.38 -8.67136
4.41 -8.6712
4.44 -8.67103
4.47 -8.67087
4.5 -8.67071
4.53 -8.67054
4.56 -8.67038
4.59 -8.67022
4.62 -8.67005
4.65 -8.66989
4.68 -8.66973
4.71 -8.66956
4.74 -8.6694
4.77 -8.66924
4.8 -8.66908
4.83 -8.66892
4.86 -8.66875
4.89 -8.66859
4.92 -8.66843
4.95 -8.66827
4.98 -8.66811
5.01 -8.66795
5.04 -8.66779
5.07 -8.66763
5.1 -8.66747
5.13 -8.66731
5.16 -8.66715
5.19 -8.66699
5.22 -8.66683
5.25 -8.66667
5.28 -8.66651
5.31 -8.66635
5.34 -8.66619
5.37 -8.66603
5.4 -8.66587
5.43 -8.66571
5.46 -8.66556
5.49 -8.6654
5.52 -8.66524
5.55 -8.66508
5.58 -8.66492
5.61 -8.66477
5.64 -8.66461
5.67 -8.66445
5.7 -8.6643
5.73 -8.66414
5.76 -8.66398
5.79 -8.66383
5.82 -8.66367
5.85 -8.66351
5.88 -8.66336
5.91 -8.6632
5.94 -8.66305
5.97 -8.66289
6 -8.66273
6.03 -8.66258
6.06 -8.66242
6.09 -8.66227
6.12 -8.66211
6.15 -8.66196
6.18 -8.66181
6.21 -8.66165
6.24 -8.6615
6.27 -8.66134
6.3 -8.66119
6.33 -8.66104
6.36 -8.66088
6.39 -8.66073
6.42 -8.66058
6.45 -8.66042
6.48 -8.66027
6.51 -8.66012
6.54 -8.65997
6.57 -8.65981
6.6 -8.65966
6.63 -8.65951
6.66 -8.65936
6.69 -8.65921
6.72 -8.65906
6.75 -8.6589
6.78 -8.65875
6.81 -8.6586
6.84 -8.65845
6.87 -8.6583
6.9 -8.65815
6.93 -8.658
6.96 -8.65785
6.99 -8.6577
7.02 -8.65755
7.05 -8.6574
7.08 -8.65725
7.11 -8.6571
7.14 -8.65695
7.17 -8.6568
7.2 -8.65666
7.23 -8.65651
7.26 -8.65636
7.29 -8.65621
7.32 -8.65606
7.35 -8.65591
7.38 -8.65577
7.41 -8.65562
7.44 -8.65547
7.47 -8.65532
7.5 -8.65517
7.53 -8.65503
7.56 -8.65488
7.59 -8.65473
7.62 -8.65459
7.65 -8.65444
7.68 -8.65429
7.71 -8.65415
7.74 -8.654
7.77 -8.65386
7.8 -8.65371
7.83 -8.65356
7.86 -8.65342
7.89 -8.65327
7.92 -8.65313
7.95 -8.65298
7.98 -8.65284
8.01 -8.65269
8.04 -8.65255
8.07 -8.6524
8.1 -8.65226
8.13 -8.65212
8.16 -8.65197
8.19 -8.65183
8.22 -8.65168
8.25 -8.65154
8.28 -8.6514
8.31 -8.65125
8.34 -8.65111
8.37 -8.65097
8.4 -8.65082
8.43 -8.65068
8.46 -8.65054
8.49 -8.6504
8.52 -8.65025
8.55 -8.65011
8.58 -8.64997
8.61 -8.64983
8.64 -8.64969
8.67 -8.64954
8.7 -8.6494
8.73 -8.64926
8.76 -8.64912
8.79 -8.64898
8.82 -8.64884
8.85 -8.6487
8.88 -8.64856
8.91 -8.64842
8.94 -8.64828
8.97 -8.64814
9 -8.648
9.03 -8.64786
9.06 -8.64772
9.09 -8.64758
9.12 -8.64744
9.15 -8.6473
9.18 -8.64716
9.21 -8.64702
9.24 -8.64688
9.27 -8.64674
9.3 -8.6466
9.33 -8.64646
9.36 -8.64632
9.39 -8.64619
9.42 -8.64605
9.45 -8.64591
9.48 -8.64577
9.51 -8.64563
9.54 -8.6455
9.57 -8.64536
9.6 -8.64522
9.63 -8.64508
9.66 -8.64495
9.69 -8.64481
9.72 -8.64467
9.75 -8.64454
9.78 -8.6444
9.81 -8.64426
9.84 -8.64413
9.87 -8.64399
9.9 -8.64386
9.93 -8.64372
9.96 -8.64358
9.99 -8.64345
10.02 -8.64331
10.05 -8.64318
10.08 -8.64304
10.11 -8.64291
10.14 -8.64277
10.17 -8.64264
10.2 -8.6425
10.23 -8.64237
10.26 -8.64223
10.29 -8.6421
10.32 -8.64197
10.35 -8.64183
10.38 -8.6417
10.41 -8.64156
10.44 -8.64143
10.47 -8.6413
10.5 -8.64116
10.53 -8.64103
10.56 -8.6409
10.59 -8.64076
10.62 -8.64063
10.65 -8.6405
10.68 -8.64037
10.71 -8.64023
10.74 -8.6401
10.77 -8.63997
10.8 -8.63984
10.83 -8.6397
10.86 -8.63957
10.89 -8.63944
10.92 -8.63931
10.95 -8.63918
10.98 -8.63905
11.01 -8.63892
11.04 -8.63878
11.07 -8.63865
11.1 -8.63852
11.13 -8.63839
11.16 -8.63826
11.19 -8.63813
11.22 -8.638
11.25 -8.63787
11.28 -8.63774
11.31 -8.63761
11.34 -8.63748
11.37 -8.63735
11.4 -8.63722
11.43 -8.63709
11.46 -8.63697
11.49 -8.63684
11.52 -8.63671
11.55 -8.63658
11.58 -8.63645
11.61 -8.63632
11.64 -8.63619
11.67 -8.63607
11.7 -8.63594
11.73 -8.63581
11.76 -8.63568
11.79 -8.63555
11.82 -8.63543
11.85 -8.6353
11.88 -8.63517
11.91 -8.63505
11.94 -8.63492
11.97 -8.63479
12 -8.63467
12.03 -8.63454
12.06 -8.63441
12.09 -8.63429
12.12 -8.63416
12.15 -8.63404
12.18 -8.63391
12.21 -8.63378
12.24 -8.63366
12.27 -8.63353
12.3 -8.63341
12.33 -8.63328
12.36 -8.63316
12.39 -8.63304
12.42 -8.63291
12.45 -8.63279
12.48 -8.63266
12.51 -8.63254
12.54 -8.63242
12.57 -8.63229
12.6 -8.63217
12.63 -8.63205
12.66 -8.63192
12.69 -8.6318
12.72 -8.63168
12.75 -8.63155
12.78 -8.63143
12.81 -8.63131
12.84 -8.63119
12.87 -8.63107
12.9 -8.63094
12.93 -8.63082
12.96 -8.6307
12.99 -8.63058
13.02 -8.63046
13.05 -8.63034
13.08 -8.63022
13.11 -8.6301
13.14 -8.62998
13.17 -8.62986
13.2 -8.62974
13.23 -8.62962
13.26 -8.6295
13.29 -8.62938
13.32 -8.62926
13.35 -8.62914
13.38 -8.62902
13.41 -8.6289
13.44 -8.62879
13.47 -8.62867
13.5 -8.62855
13.53 -8.62843
13.56 -8.62832
13.59 -8.6282
13.62 -8.62808
13.65 -8.62796
13.68 -8.62785
13.71 -8.62773
13.74 -8.62762
13.77 -8.6275
13.8 -8.62738
13.83 -8.62727
13.86 -8.62715
13.89 -8.62704
13.92 -8.62692
13.95 -8.62681
13.98 -8.6267
14.01 -8.62658
14.04 -8.62647
14.07 -8.62635
14.1 -8.62624
14.13 -8.62613
14.16 -8.62602
14.19 -8.6259
14.22 -8.62579
14.25 -8.62568
14.28 -8.62557
14.31 -8.62546
14.34 -8.62535
14.37 -8.62523
14.4 -8.62512
14.43 -8.62501
14.46 -8.6249
14.49 -8.62479
14.52 -8.62468
14.55 -8.62458
14.58 -8.62447
14.61 -8.62436
14.64 -8.62425
14.67 -8.62414
14.7 -8.62404
14.73 -8.62393
14.76 -8.62382
14.79 -8.62371
14.82 -8.62361
14.85 -8.6235
14.88 -8.6234
14.91 -8.62329
14.94 -8.62319
14.97 -8.62308
15 -8.62298
15.03 -8.62287
15.06 -8.62277
15.09 -8.62267
15.12 -8.62256
15.15 -8.62246
15.18 -8.62236
15.21 -8.62226
15.24 -8.62216
15.27 -8.62206
15.3 -8.62196
15.33 -8.62186
15.36 -8.62176
15.39 -8.62166
15.42 -8.62156
15.45 -8.62146
15.48 -8.62136
15.51 -8.62126
15.54 -8.62117
15.57 -8.62107
15.6 -8.62097
15.63 -8.62088
15.66 -8.62078
15.69 -8.62069
15.72 -8.62059
15.75 -8.6205
15.78 -8.62041
15.81 -8.62031
15.84 -8.62022
15.87 -8.62013
15.9 -8.62004
15.93 -8.61995
15.96 -8.61986
15.99 -8.61977
16.02 -8.61968
16.05 -8.61959
16.08 -8.6195
16.11 -8.61941
16.14 -8.61932
16.17 -8.61924
16.2 -8.61915
16.23 -8.61907
16.26 -8.61898
16.29 -8.6189
16.32 -8.61881
16.35 -8.61873
16.38 -8.61865
16.41 -8.61856
16.44 -8.61848
16.47 -8.6184
16.5 -8.61832
16.53 -8.61824
16.56 -8.61816
16.59 -8.61809
16.62 -8.61801
16.65 -8.61793
16.68 -8.61786
16.71 -8.61778
16.74 -8.61771
16.77 -8.61763
16.8 -8.61756
16.83 -8.61749
16.86 -8.61742
16.89 -8.61734
16.92 -8.61727
16.95 -8.61721
16.98 -8.61714
17.01 -8.61707
17.04 -8.617
17.07 -8.61694
17.1 -8.61687
17.13 -8.61681
17.16 -8.61674
17.19 -8.61668
17.22 -8.61662
17.25 -8.61656
17.28 -8.6165
17.31 -8.61644
17.34 -8.61638
17.37 -8.61632
17.4 -8.61627
17.43 -8.61621
17.46 -8.61616
17.49 -8.6161
17.52 -8.61605
17.55 -8.616
17.58 -8.61595
17.61 -8.6159
17.64 -8.61585
17.67 -8.61581
17.7 -8.61576
17.73 -8.61571
17.76 -8.61567
17.79 -8.61563
17.82 -8.61559
17.85 -8.61555
17.88 -8.61551
17.91 -8.61547
17.94 -8.61543
17.97 -8.6154
18 -8.61536
18.03 -8.61533
18.06 -8.6153
18.09 -8.61527
18.12 -8.61524
18.15 -8.61521
18.18 -8.61518
18.21 -8.61516
18.24 -8.61514
18.27 -8.61511
18.3 -8.61509
18.33 -8.61507
18.36 -8.61506
18.39 -8.61504
18.42 -8.61503
18.45 -8.61501
18.48 -8.615
18.51 -8.61499
18.54 -8.61498
18.57 -8.61498
18.6 -8.61497
18.63 -8.61497
18.66 -8.61497
18.69 -8.61497
18.72 -8.61497
18.75 -8.61497
18.78 -8.61498
18.81 -8.61498
18.84 -8.61499
18.87 -8.615
18.9 -8.61502
18.93 -8.61503
18.96 -8.61505
18.99 -8.61507
19.02 -8.61509
19.05 -8.61511
19.08 -8.61514
19.11 -8.61516
19.14 -8.61519
19.17 -8.61523
19.2 -8.61526
19.23 -8.6153
19.26 -8.61534
19.29 -8.61538
19.32 -8.61542
19.35 -8.61547
19.38 -8.61551
19.41 -8.61557
19.44 -8.61562
19.47 -8.61568
19.5 -8.61573
19.53 -8.6158
19.56 -8.61586
19.59 -8.61593
19.62 -8.616
19.65 -8.61607
19.68 -8.61615
19.71 -8.61623
19.74 -8.61631
19.77 -8.61639
19.8 -8.61648
19.83 -8.61657
19.86 -8.61667
19.89 -8.61676
19.92 -8.61687
19.95 -8.61697
19.98 -8.61708
20.01 -8.61719
20.04 -8.61731
20.07 -8.61742
20.1 -8.61755
20.13 -8.61767
20.16 -8.6178
20.19 -8.61794
20.22 -8.61808
20.25 -8.61822
20.28 -8.61837
20.31 -8.61852
20.34 -8.61867
20.37 -8.61883
20.4 -8.619
20.43 -8.61917
20.46 -8.61934
20.49 -8.61952
20.52 -8.6197
20.55 -8.61989
20.58 -8.62008
20.61 -8.62028
20.64 -8.62048
20.67 -8.62069
20.7 -8.6209
20.73 -8.62112
20.76 -8.62135
20.79 -8.62158
20.82 -8.62181
20.85 -8.62206
20.88 -8.6223
20.91 -8.62256
20.94 -8.62282
20.97 -8.62309
21 -8.62336
21.03 -8.62364
21.06 -8.62393
21.09 -8.62422
21.12 -8.62452
21.15 -8.62483
21.18 -8.62514
21.21 -8.62547
21.24 -8.6258
21.27 -8.62613
21.3 -8.62648
21.33 -8.62683
21.36 -8.6272
21.39 -8.62757
21.42 -8.62795
21.45 -8.62833
21.48 -8.62873
21.51 -8.62913
21.54 -8.62955
21.57 -8.62997
21.6 -8.63041
21.63 -8.63085
21.66 -8.6313
21.69 -8.63177
21.72 -8.63224
21.75 -8.63272
21.78 -8.63322
21.81 -8.63372
21.84 -8.63424
21.87 -8.63477
21.9 -8.63531
21.93 -8.63586
21.96 -8.63642
21.99 -8.637
22.02 -8.63759
22.05 -8.63819
22.08 -8.6388
22.11 -8.63943
22.14 -8.64007
22.17 -8.64072
22.2 -8.64139
22.23 -8.64207
22.26 -8.64276
22.29 -8.64347
22.32 -8.6442
22.35 -8.64494
22.38 -8.64569
22.41 -8.64647
22.44 -8.64725
22.47 -8.64806
22.5 -8.64888
22.53 -8.64971
22.56 -8.65057
22.59 -8.65144
22.62 -8.65233
22.65 -8.65323
22.68 -8.65416
22.71 -8.6551
22.74 -8.65606
22.77 -8.65705
22.8 -8.65805
22.83 -8.65907
22.86 -8.6601
22.89 -8.66116
22.92 -8.66224
22.95 -8.66335
22.98 -8.66447
23.01 -8.66561
23.04 -8.66677
23.07 -8.66796
23.1 -8.66917
23.13 -8.6704
23.16 -8.67165
23.19 -8.67293
23.22 -8.67422
23.25 -8.67555
23.28 -8.67689
23.31 -8.67826
23.34 -8.67965
23.37 -8.68107
23.4 -8.68251
23.43 -8.68397
23.46 -8.68546
23.49 -8.68697
23.52 -8.68851
23.55 -8.69008
23.58 -8.69166
23.61 -8.69328
23.64 -8.69492
23.67 -8.69658
23.7 -8.69827
23.73 -8.69998
23.76 -8.70172
23.79 -8.70349
23.82 -8.70528
23.85 -8.70709
23.88 -8.70893
23.91 -8.7108
23.94 -8.71269
23.97 -8.7146
24 -8.71654
24.03 -8.7185
24.06 -8.72049
24.09 -8.7225
24.12 -8.72454
24.15 -8.7266
24.18 -8.72868
24.21 -8.73079
24.24 -8.73291
24.27 -8.73506
24.3 -8.73723
24.33 -8.73942
24.36 -8.74164
24.39 -8.74387
24.42 -8.74612
24.45 -8.74839
24.48 -8.75068
24.51 -8.75299
24.54 -8.75532
24.57 -8.75766
24.6 -8.76002
24.63 -8.76239
24.66 -8.76478
24.69 -8.76718
24.72 -8.76959
24.75 -8.77202
24.78 -8.77446
24.81 -8.77691
24.84 -8.77937
24.87 -8.78184
24.9 -8.78432
24.93 -8.7868
24.96 -8.78929
24.99 -8.79179
25.02 -8.7943
25.05 -8.7968
25.08 -8.79931
25.11 -8.80183
25.14 -8.80434
25.17 -8.80686
25.2 -8.80937
25.23 -8.81189
25.26 -8.8144
25.29 -8.81691
25.32 -8.81941
25.35 -8.82192
25.38 -8.82441
25.41 -8.8269
25.44 -8.82939
25.47 -8.83186
25.5 -8.83433
25.53 -8.83679
25.56 -8.83924
25.59 -8.84167
25.62 -8.8441
25.65 -8.84652
25.68 -8.84892
25.71 -8.85131
25.74 -8.85368
25.77 -8.85604
25.8 -8.85839
25.83 -8.86072
25.86 -8.86303
25.89 -8.86533
25.92 -8.86761
25.95 -8.86988
25.98 -8.87212
26.01 -8.87435
26.04 -8.87656
26.07 -8.87875
26.1 -8.88092
26.13 -8.88307
26.16 -8.8852
26.19 -8.88731
26.22 -8.8894
26.25 -8.89148
26.28 -8.89353
26.31 -8.89555
26.34 -8.89756
26.37 -8.89955
26.4 -8.90152
26.43 -8.90346
26.46 -8.90538
26.49 -8.90728
26.52 -8.90916
26.55 -8.91102
26.58 -8.91286
26.61 -8.91467
26.64 -8.91647
26.67 -8.91824
26.7 -8.91999
26.73 -8.92172
26.76 -8.92343
26.79 -8.92512
26.82 -8.92678
26.85 -8.92843
26.88 -8.93005
26.91 -8.93166
26.94 -8.93324
26.97 -8.9348
27 -8.93634
27.03 -8.93786
27.06 -8.93937
27.09 -8.94085
27.12 -8.94231
27.15 -8.94375
27.18 -8.94517
27.21 -8.94658
27.24 -8.94796
27.27 -8.94933
27.3 -8.95068
27.33 -8.95201
27.36 -8.95332
27.39 -8.95461
27.42 -8.95589
27.45 -8.95715
27.48 -8.95839
27.51 -8.95961
27.54 -8.96082
27.57 -8.96201
27.6 -8.96318
27.63 -8.96434
27.66 -8.96548
27.69 -8.9666
27.72 -8.96771
27.75 -8.9688
27.78 -8.96988
27.81 -8.97095
27.84 -8.97199
27.87 -8.97303
27.9 -8.97405
27.93 -8.97505
27.96 -8.97604
27.99 -8.97702
28.02 -8.97798
28.05 -8.97894
28.08 -8.97987
28.11 -8.9808
28.14 -8.98171
28.17 -8.98261
28.2 -8.98349
28.23 -8.98436
28.26 -8.98523
28.29 -8.98608
28.32 -8.98691
28.35 -8.98774
28.38 -8.98855
28.41 -8.98936
28.44 -8.99015
28.47 -8.99093
28.5 -8.9917
28.53 -8.99246
28.56 -8.99321
28.59 -8.99395
28.62 -8.99468
28.65 -8.9954
28.68 -8.99611
28.71 -8.99681
28.74 -8.99751
28.77 -8.99819
28.8 -8.99886
28.83 -8.99952
28.86 -9.00018
28.89 -9.00082
28.92 -9.00146
28.95 -9.00209
28.98 -9.00271
29.01 -9.00332
29.04 -9.00393
29.07 -9.00452
29.1 -9.00511
29.13 -9.00569
29.16 -9.00627
29.19 -9.00683
29.22 -9.00739
29.25 -9.00794
29.28 -9.00849
29.31 -9.00902
29.34 -9.00955
29.37 -9.01008
29.4 -9.0106
29.43 -9.01111
29.46 -9.01161
29.49 -9.01211
29.52 -9.0126
29.55 -9.01309
29.58 -9.01356
29.61 -9.01404
29.64 -9.01451
29.67 -9.01497
29.7 -9.01542
29.73 -9.01587
29.76 -9.01632
29.79 -9.01676
29.82 -9.01719
29.85 -9.01762
29.88 -9.01805
29.91 -9.01847
29.94 -9.01888
29.97 -9.01929
30 -9.01969
30.001 -10
