0 5
0.03 4.87362
0.06 4.87378
0.09 4.87394
0.12 4.8741
0.15 4.87427
0.18 4.87443
0.21 4.87459
0.24 4.87475
0.27 4.87491
0.3 4.87508
0.33 4.87524
0.36 4.8754
0.39 4.87556
0.42 4.87573
0.45 4.87589
0.48 4.87606
0.51 4.87622
0.54 4.87638
0.57 4.87655
0.6 4.87671
0.63 4.87688
0.66 4.87704
0.69 4.87721
0.72 4.87738
0.75 4.87754
0.78 4.87771
0.81 4.87787
0.84 4.87804
0.87 4.87821
0.9 4.87838
0.93 4.87854
0.96 4.87871
0.99 4.87888
1.02 4.87905
1.05 4.87922
1.08 4.87938
1.11 4.87955
1.14 4.87972
1.17 4.87989
1.2 4.88006
1.23 4.88023
1.26 4.8804
1.29 4.88057
1.32 4.88074
1.35 4.88091
1.38 4.88108
1.41 4.88125
1.44 4.88143
1.47 4.8816
1.5 4.88177
1.53 4.88194
1.56 4.88212
1.59 4.88229
1.62 4.88246
1.65 4.88263
1.68 4.88281
1.71 4.88298
1.74 4.88316
1.77 4.88333
1.8 4.8835
1.83 4.88368
1.86 4.88385
1.89 4.88403
1.92 4.8842
1.95 4.88438
1.98 4.88456
2.01 4.88473
2.04 4.88491
2.07 4.88508
2.1 4.88526
2.13 4.88544
2.16 4.88562
2.19 4.88579
2.22 4.88597
2.25 4.88615
2.28 4.88633
2.31 4.88651
2.34 4.88668
2.37 4.88686
2.4 4.88704
2.43 4.88722
2.46 4.8874
2.49 4.88758
2.52 4.88776
2.55 4.88794
2.58 4.88812
2.61 4.8883
2.64 4.88849
2.67 4.88867
2.7 4.88885
2.73 4.88903
2.76 4.88921
2.79 4.8894
2.82 4.88958
2.85 4.88976
2.88 4.88994
2.91 4.89013
2.94 4.89031
2.97 4.8905
3 4.89068
3.03 4.89086
3.06 4.89105
3.09 4.89123
3.12 4.89142
3.15 4.8916
3.18 4.89179
3.21 4.89198
3.24 4.89216
3.27 4.89235
3.3 4.89253
3.33 4.89272
3.36 4.89291
3.39 4.8931
3.42 4.89328
3.45 4.89347
3.48 4.89366
3.51 4.89385
3.54 4.89404
3.57 4.89423
3.6 4.89441
3.63 4.8946
3.66 4.89479
3.69 4.89498
3.72 4.89517
3.75 4.89536
3.78 4.89556
3.81 4.89575
3.84 4.89594
3.87 4.89613
3.9 4.89632
3.93 4.89651
3.96 4.8967
3.99 4.8969
4.02 4.89709
4.05 4.89728
4.08 4.89748
4.11 4.89767
4.14 4.89786
4.17 4.89806
4.2 4.89825
4.23 4.89845
4.26 4.89864
4.29 4.89884
4.32 4.89903
4.35 4.89923
4.38 4.89942
4.41 4.89962
4.44 4.89981
4.47 4.90001
4.5 4.90021
4.53 4.9004
4.56 4.9006
4.59 4.9008
4.62 4.901
4.65 4.9012
4.68 4.90139
4.71 4.90159
4.74 4.90179
4.77 4.90199
4.8 4.90219
4.83 4.90239
4.86 4.90259
4.89 4.90279
4.92 4.90299
4.95 4.90319
4.98 4.90339
5.01 4.90359
5.04 4.9038
5.07 4.904
5.1 4.9042
5.13 4.9044
5.16 4.90461
5.19 4.90481
5.22 4.90501
5.25 4.90522
5.28 4.90542
5.31 4.90562
5.34 4.90583
5.37 4.90603
5.4 4.90624
5.43 4.90644
5.46 4.90665
5.49 4.90685
5.52 4.90706
5.55 4.90727
5.58 4.90747
5.61 4.90768
5.64 4.90789
5.67 4.9081
5.7 4.9083
5.73 4.90851
5.76 4.90872
5.79 4.90893
5.82 4.90914
5.85 4.90935
5.88 4.90956
5.91 4.90977
5.94 4.90998
5.97 4.91019
6 4.9104
6.03 4.91061
6.06 4.91082
6.09 4.91103
6.12 4.91124
6.15 4.91146
6.18 4.91167
6.21 4.91188
6.24 4.9121
6.27 4.91231
6.3 4.91252
6.33 4.91274
6.36 4.91295
6.39 4.91317
6.42 4.91338
6.45 4.9136
6.48 4.91381
6.51 4.91403
6.54 4.91424
6.57 4.91446
6.6 4.91468
6.63 4.91489
6.66 4.91511
6.69 4.91533
6.72 4.91555
6.75 4.91577
6.78 4.91599
6.81 4.9162
6.84 4.91642
6.87 4.91664
6.9 4.91686
6.93 4.91708
6.96 4.91731
6.99 4.91753
7.02 4.91775
7.05 4.91797
7.08 4.91819
7.11 4.91841
7.14 4.91864
7.17 4.91886
7.2 4.91908
7.23 4.91931
7.26 4.91953
7.29 4.91976
7.32 4.91998
7.35 4.92021
7.38 4.92043
7.41 4.92066
7.44 4.92089
7.47 4.92111
7.5 4.92134
7.53 4.92157
7.56 4.92179
7.59 4.92202
7.62 4.92225
7.65 4.92248
7.68 4.92271
7.71 4.92294
7.74 4.92317
7.77 4.9234
7.8 4.92363
7.83 4.92386
7.86 4.92409
7.89 4.92432
7.92 4.92456
7.95 4.92479
7.98 4.92502
8.01 4.92525
8.04 4.92549
8.07 4.92572
8.1 4.92596
8.13 4.92619
8.16 4.92643
8.19 4.92666
8.22 4.9269
8.25 4.92714
8.28 4.92737
8.31 4.92761
8.34 4.92785
8.37 4.92809
8.4 4.92832
8.43 4.92856
8.46 4.9288
8.49 4.92904
8.52 4.92928
8.55 4.92952
8.58 4.92976
8.61 4.93
8.64 4.93025
8.67 4.93049
8.7 4.93073
8.73 4.93097
8.76 4.93122
8.79 4.93146
8.82 4.93171
8.85 4.93195
8.88 4.9322
8.91 4.93244
8.94 4.93269
8.97 4.93294
9 4.93318
9.03 4.93343
9.06 4.93368
9.09 4.93393
9.12 4.93418
9.15 4.93443
9.18 4.93467
9.21 4.93493
9.24 4.93518
9.27 4.93543
9.3 4.93568
9.33 4.93593
9.36 4.93618
9.39 4.93644
9.42 4.93669
9.45 4.93695
9.48 4.9372
9.51 4.93746
9.54 4.93771
9.57 4.93797
9.6 4.93822
9.63 4.93848
9.66 4.93874
9.69 4.939
9.72 4.93926
9.75 4.93951
9.78 4.93977
9.81 4.94003
9.84 4.9403
9.87 4.94056
9.9 4.94082
9.93 4.94108
9.96 4.94134
9.99 4.94161
10.02 4.94187
10.05 4.94214
10.08 4.9424
10.11 4.94267
10.14 4.94293
10.17 4.9432
10.2 4.94347
10.23 4.94373
10.26 4.944
10.29 4.94427
10.32 4.94454
10.35 4.94481
10.38 4.94508
10.41 4.94535
10.44 4.94563
10.47 4.9459
10.5 4.94617
10.53 4.94645
10.56 4.94672
10.59 4.94699
10.62 4.94727
10.65 4.94755
10.68 4.94782
10.71 4.9481
10.74 4.94838
10.77 4.94866
10.8 4.94894
10.83 4.94922
10.86 4.9495
10.89 4.94978
10.92 4.95006
10.95 4.95034
10.98 4.95062
11.01 4.95091
11.04 4.95119
11.07 4.95148
11.1 4.95176
11.13 4.95205
11.16 4.95234
11.19 4.95262
11.22 4.95291
11.25 4.9532
11.28 4.95349
11.31 4.95378
11.34 4.95407
11.37 4.95437
11.4 4.95466
11.43 4.95495
11.46 4.95525
11.49 4.95554
11.52 4.95584
11.55 4.95613
11.58 4.95643
11.61 4.95673
11.64 4.95702
11.67 4.95732
11.7 4.95762
11.73 4.95792
11.76 4.95823
11.79 4.95853
11.82 4.95883
11.85 4.95913
11.88 4.95944
11.91 4.95974
11.94 4.96005
11.97 4.96036
12 4.96067
12.03 4.96097
12.06 4.96128
12.09 4.96159
12.12 4.9619
12.15 4.96222
12.18 4.96253
12.21 4.96284
12.24 4.96316
12.27 4.96347
12.3 4.96379
12.33 4.9641
12.36 4.96442
12.39 4.96474
12.42 4.96506
12.45 4.96538
12.48 4.9657
12.51 4.96602
12.54 4.96634
12.57 4.96667
12.6 4.96699
12.63 4.96732
12.66 4.96764
12.69 4.96797
12.72 4.9683
12.75 4.96863
12.78 4.96896
12.81 4.96929
12.84 4.96962
12.87 4.96996
12.9 4.97029
12.93 4.97062
12.96 4.97096
12.99 4.9713
13.02 4.97163
13.05 4.97197
13.08 4.97231
13.11 4.97265
13.14 4.97299
13.17 4.97334
13.2 4.97368
13.23 4.97403
13.26 4.97437
13.29 4.97472
13.32 4.97507
13.35 4.97542
13.38 4.97577
13.41 4.97612
13.44 4.97647
13.47 4.97682
13.5 4.97718
13.53 4.97753
13.56 4.97789
13.59 4.97824
13.62 4.9786
13.65 4.97896
13.68 4.97932
13.71 4.97968
13.74 4.98005
13.77 4.98041
13.8 4.98078
13.83 4.98114
13.86 4.98151
13.89 4.98188
13.92 4.98225
13.95 4.98262
13.98 4.98299
14.01 4.98337
14.04 4.98374
14.07 4.98412
14.1 4.98449
14.13 4.98487
14.16 4.98525
14.19 4.98563
14.22 4.98601
14.25 4.9864
14.28 4.98678
14.31 4.98717
14.34 4.98756
14.37 4.98794
14.4 4.98833
14.43 4.98872
14.46 4.98912
14.49 4.98951
14.52 4.9899
14.55 4.9903
14.58 4.9907
14.61 4.9911
14.64 4.9915
14.67 4.9919
14.7 4.9923
14.73 4.99271
14.76 4.99311
14.79 4.99352
14.82 4.99393
14.85 4.99434
14.88 4.99475
14.91 4.99516
14.94 4.99558
14.97 4.99599
15 4.99641
15.03 4.99683
15.06 4.99725
15.09 4.99767
15.12 4.99809
15.15 4.99852
15.18 4.99894
15.21 4.99937
15.24 4.9998
15.27 5.00023
15.3 5.00066
15.33 5.00109
15.36 5.00153
15.39 5.00197
15.42 5.00241
15.45 5.00285
15.48 5.00329
15.51 5.00373
15.54 5.00418
15.57 5.00462
15.6 5.00507
15.63 5.00552
15.66 5.00597
15.69 5.00643
15.72 5.00688
15.75 5.00734
15.78 5.0078
15.81 5.00826
15.84 5.00872
15.87 5.00918
15.9 5.00965
15.93 5.01011
15.96 5.01058
15.99 5.01105
16.02 5.01153
16.05 5.012
16.08 5.01248
16.11 5.01296
16.14 5.01344
16.17 5.01392
16.2 5.0144
16.23 5.01489
16.26 5.01537
16.29 5.01586
16.32 5.01636
16.35 5.01685
16.38 5.01734
16.41 5.01784
16.44 5.01834
16.47 5.01884
16.5 5.01935
16.53 5.01985
16.56 5.02036
16.59 5.02087
16.62 5.02138
16.65 5.0219
16.68 5.02241
16.71 5.02293
16.74 5.02345
16.77 5.02397
16.8 5.0245
16.83 5.02502
16.86 5.02555
16.89 5.02608
16.92 5.02662
16.95 5.02715
16.98 5.02769
17.01 5.02823
17.04 5.02878
17.07 5.02932
17.1 5.02987
17.13 5.03042
17.16 5.03097
17.19 5.03152
17.22 5.03208
17.25 5.03264
17.28 5.0332
17.31 5.03377
17.34 5.03434
17.37 5.03491
17.4 5.03548
17.43 5.03605
17.46 5.03663
17.49 5.03721
17.52 5.03779
17.55 5.03838
17.58 5.03897
17.61 5.03956
17.64 5.04015
17.67 5.04075
17.7 5.04135
17.73 5.04195
17.76 5.04255
17.79 5.04316
17.82 5.04377
17.85 5.04439
17.88 5.045
17.91 5.04562
17.94 5.04624
17.97 5.04687
18 5.0475
18.03 5.04813
18.06 5.04877
18.09 5.0494
18.12 5.05004
18.15 5.05069
18.18 5.05134
18.21 5.05199
18.24 5.05264
18.27 5.0533
18.3 5.05396
18.33 5.05463
18.36 5.05529
18.39 5.05597
18.42 5.05664
18.45 5.05732
18.48 5.058
18.51 5.05869
18.54 5.05938
18.57 5.06007
18.6 5.06077
18.63 5.06147
18.66 5.06217
18.69 5.06288
18.72 5.06359
18.75 5.06431
18.78 5.06503
18.81 5.06576
18.84 5.06649
18.87 5.06722
18.9 5.06796
18.93 5.0687
18.96 5.06944
18.99 5.07019
19.02 5.07095
19.05 5.07171
19.08 5.07247
19.11 5.07324
19.14 5.07401
19.17 5.07479
19.2 5.07557
19.23 5.07636
19.26 5.07715
19.29 5.07795
19.32 5.07875
19.35 5.07956
19.38 5.08037
19.41 5.08119
19.44 5.08201
19.47 5.08284
19.5 5.08367
19.53 5.08451
19.56 5.08536
19.59 5.08621
19.62 5.08706
19.65 5.08792
19.68 5.08879
19.71 5.08966
19.74 5.09054
19.77 5.09143
19.8 5.09232
19.83 5.09322
19.86 5.09412
19.89 5.09503
19.92 5.09595
19.95 5.09687
19.98 5.0978
20.01 5.09874
20.04 5.09968
20.07 5.10063
20.1 5.10159
20.13 5.10255
20.16 5.10353
20.19 5.10451
20.22 5.10549
20.25 5.10649
20.28 5.10749
20.31 5.1085
20.34 5.10952
20.37 5.11054
20.4 5.11157
20.43 5.11262
20.46 5.11367
20.49 5.11472
20.52 5.11579
20.55 5.11687
20.58 5.11795
20.61 5.11904
20.64 5.12015
20.67 5.12126
20.7 5.12238
20.73 5.12351
20.76 5.12465
20.79 5.1258
20.82 5.12696
20.85 5.12813
20.88 5.1293
20.91 5.13049
20.94 5.13169
20.97 5.1329
21 5.13412
21.03 5.13535
21.06 5.1366
21.09 5.13785
21.12 5.13911
21.15 5.14039
21.18 5.14168
21.21 5.14298
21.24 5.14429
21.27 5.14561
21.3 5.14695
21.33 5.14829
21.36 5.14965
21.39 5.15102
21.42 5.15241
21.45 5.15381
21.48 5.15522
21.51 5.15664
21.54 5.15808
21.57 5.15953
21.6 5.16099
21.63 5.16247
21.66 5.16396
21.69 5.16547
21.72 5.16699
21.75 5.16852
21.78 5.17007
21.81 5.17164
21.84 5.17321
21.87 5.17481
21.9 5.17642
21.93 5.17804
21.96 5.17968
21.99 5.18134
22.02 5.18301
22.05 5.18469
22.08 5.18639
22.11 5.18811
22.14 5.18985
22.17 5.1916
22.2 5.19336
22.23 5.19515
22.26 5.19695
22.29 5.19876
22.32 5.2006
22.35 5.20245
22.38 5.20431
22.41 5.2062
22.44 5.2081
22.47 5.21002
22.5 5.21195
22.53 5.2139
22.56 5.21587
22.59 5.21786
22.62 5.21986
22.65 5.22188
22.68 5.22392
22.71 5.22597
22.74 5.22804
22.77 5.23013
22.8 5.23223
22.83 5.23436
22.86 5.23649
22.89 5.23865
22.92 5.24082
22.95 5.24301
22.98 5.24521
23.01 5.24743
23.04 5.24966
23.07 5.25191
23.1 5.25418
23.13 5.25646
23.16 5.25875
23.19 5.26106
23.22 5.26338
23.25 5.26572
23.28 5.26807
23.31 5.27043
23.34 5.27281
23.37 5.2752
23.4 5.27759
23.43 5.28001
23.46 5.28243
23.49 5.28486
23.52 5.2873
23.55 5.28976
23.58 5.29222
23.61 5.29469
23.64 5.29716
23.67 5.29965
23.7 5.30214
23.73 5.30463
23.76 5.30714
23.79 5.30964
23.82 5.31215
23.85 5.31467
23.88 5.31718
23.91 5.3197
23.94 5.32222
23.97 5.32474
24 5.32726
24.03 5.32978
24.06 5.3323
24.09 5.33482
24.12 5.33733
24.15 5.33984
24.18 5.34234
24.21 5.34484
24.24 5.34733
24.27 5.34981
24.3 5.35229
24.33 5.35476
24.36 5.35722
24.39 5.35967
24.42 5.36211
24.45 5.36453
24.48 5.36695
24.51 5.36935
24.54 5.37174
24.57 5.37411
24.6 5.37647
24.63 5.37882
24.66 5.38115
24.69 5.38346
24.72 5.38575
24.75 5.38803
24.78 5.39029
24.81 5.39253
24.84 5.39475
24.87 5.39695
24.9 5.39914
24.93 5.4013
24.96 5.40344
24.99 5.40556
25.02 5.40766
25.05 5.40973
25.08 5.41179
25.11 5.41382
25.14 5.41583
25.17 5.41782
25.2 5.41979
25.23 5.42173
25.26 5.42365
25.29 5.42555
25.32 5.42742
25.35 5.42927
25.38 5.4311
25.41 5.4329
25.44 5.43469
25.47 5.43645
25.5 5.43818
25.53 5.4399
25.56 5.44159
25.59 5.44326
25.62 5.4449
25.65 5.44653
25.68 5.44813
25.71 5.44971
25.74 5.45127
25.77 5.45281
25.8 5.45432
25.83 5.45582
25.86 5.45729
25.89 5.45875
25.92 5.46018
25.95 5.4616
25.98 5.46299
26.01 5.46437
26.04 5.46573
26.07 5.46706
26.1 5.46838
26.13 5.46969
26.16 5.47097
26.19 5.47224
26.22 5.47348
26.25 5.47472
26.28 5.47593
26.31 5.47713
26.34 5.47831
26.37 5.47948
26.4 5.48063
26.43 5.48177
26.46 5.48289
26.49 5.48399
26.52 5.48508
26.55 5.48616
26.58 5.48722
26.61 5.48827
26.64 5.48931
26.67 5.49033
26.7 5.49134
26.73 5.49233
26.76 5.49332
26.79 5.49429
26.82 5.49525
26.85 5.4962
26.88 5.49713
26.91 5.49806
26.94 5.49897
26.97 5.49987
27 5.50076
27.03 5.50164
27.06 5.50251
27.09 5.50337
27.12 5.50422
27.15 5.50506
27.18 5.50589
27.21 5.50671
27.24 5.50752
27.27 5.50832
27.3 5.50911
27.33 5.50989
27.36 5.51067
27.39 5.51143
27.42 5.51219
27.45 5.51294
27.48 5.51368
27.51 5.51441
27.54 5.51513
27.57 5.51585
27.6 5.51655
27.63 5.51725
27.66 5.51794
27.69 5.51863
27.72 5.51931
27.75 5.51998
27.78 5.52064
27.81 5.52129
27.84 5.52194
27.87 5.52258
27.9 5.52322
27.93 5.52385
27.96 5.52447
27.99 5.52508
28.02 5.52569
28.05 5.52629
28.08 5.52689
28.11 5.52748
28.14 5.52806
28.17 5.52864
28.2 5.52921
28.23 5.52977
28.26 5.53033
28.29 5.53089
28.32 5.53143
28.35 5.53198
28.38 5.53251
28.41 5.53304
28.44 5.53357
28.47 5.53409
28.5 5.5346
28.53 5.53511
28.56 5.53562
28.59 5.53612
28.62 5.53661
28.65 5.5371
28.68 5.53759
28.71 5.53807
28.74 5.53854
28.77 5.53901
28.8 5.53948
28.83 5.53994
28.86 5.54039
28.89 5.54084
28.92 5.54129
28.95 5.54173
28.98 5.54217
29.01 5.5426
29.04 5.54303
29.07 5.54346
29.1 5.54388
29.13 5.5443
29.16 5.54471
29.19 5.54512
29.22 5.54552
29.25 5.54592
29.28 5.54632
29.31 5.54671
29.34 5.5471
29.37 5.54748
29.4 5.54786
29.43 5.54824
29.46 5.54862
29.49 5.54899
29.52 5.54935
29.55 5.54971
29.58 5.55007
29.61 5.55043
29.64 5.55078
29.67 5.55113
29.7 5.55147
29.73 5.55182
29.76 5.55215
29.79 5.55249
29.82 5.55282
29.85 5.55315
29.88 5.55347
29.91 5.5538
29.94 5.55412
29.97 5.55443
30 5.55474
30.001 5
