0 0
0.03 0.0163803
0.06 0.0173014
0.09 0.0182232
0.12 0.0191457
0.15 0.020069
0.18 0.020993
0.21 0.0219178
0.24 0.0228433
0.27 0.0237696
0.3 0.0246966
0.33 0.0256244
0.36 0.0265529
0.39 0.0274822
0.42 0.0284122
0.45 0.029343
0.48 0.0302745
0.51 0.0312069
0.54 0.0321399
0.57 0.0330738
0.6 0.0340084
0.63 0.0349438
0.66 0.03588
0.69 0.0368169
0.72 0.0377547
0.75 0.0386932
0.78 0.0396325
0.81 0.0405725
0.84 0.0415134
0.87 0.0424551
0.9 0.0433975
0.93 0.0443408
0.96 0.0452849
0.99 0.0462297
1.02 0.0471754
1.05 0.0481219
1.08 0.0490692
1.11 0.0500173
1.14 0.0509662
1.17 0.051916
1.2 0.0528665
1.23 0.0538179
1.26 0.0547702
1.29 0.0557232
1.32 0.0566771
1.35 0.0576319
1.38 0.0585874
1.41 0.0595439
1.44 0.0605011
1.47 0.0614593
1.5 0.0624182
1.53 0.0633781
1.56 0.0643388
1.59 0.0653003
1.62 0.0662628
1.65 0.0672261
1.68 0.0681903
1.71 0.0691553
1.74 0.0701213
1.77 0.0710881
1.8 0.0720558
1.83 0.0730244
1.86 0.0739939
1.89 0.0749644
1.92 0.0759357
1.95 0.0769079
1.98 0.077881
2.01 0.0788551
2.04 0.0798301
2.07 0.080806
2.1 0.0817828
2.13 0.0827606
2.16 0.0837393
2.19 0.084719
2.22 0.0856995
2.25 0.0866811
2.28 0.0876636
2.31 0.0886471
2.34 0.0896315
2.37 0.0906169
2.4 0.0916032
2.43 0.0925906
2.46 0.0935789
2.49 0.0945682
2.52 0.0955585
2.55 0.0965498
2.58 0.0975421
2.61 0.0985354
2.64 0.0995297
2.67 0.100525
2.7 0.101521
2.73 0.102519
2.76 0.103517
2.79 0.104517
2.82 0.105517
2.85 0.106519
2.88 0.107521
2.91 0.108525
2.94 0.109529
2.97 0.110535
3 0.111542
3.03 0.11255
3.06 0.113559
3.09 0.114569
3.12 0.11558
3.15 0.116592
3.18 0.117606
3.21 0.11862
3.24 0.119636
3.27 0.120653
3.3 0.12167
3.33 0.122689
3.36 0.12371
3.39 0.124731
3.42 0.125753
3.45 0.126777
3.48 0.127802
3.51 0.128828
3.54 0.129855
3.57 0.130883
3.6 0.131912
3.63 0.132943
3.66 0.133975
3.69 0.135008
3.72 0.136042
3.75 0.137078
3.78 0.138115
3.81 0.139153
3.84 0.140192
3.87 0.141232
3.9 0.142274
3.93 0.143317
3.96 0.144362
3.99 0.145407
4.02 0.146454
4.05 0.147502
4.08 0.148552
4.11 0.149602
4.14 0.150654
4.17 0.151708
4.2 0.152763
4.23 0.153819
4.26 0.154876
4.29 0.155935
4.32 0.156995
4.35 0.158057
4.38 0.15912
4.41 0.160184
4.44 0.16125
4.47 0.162317
4.5 0.163385
4.53 0.164455
4.56 0.165526
4.59 0.166599
4.62 0.167673
4.65 0.168749
4.68 0.169826
4.71 0.170905
4.74 0.171985
4.77 0.173067
4.8 0.17415
4.83 0.175234
4.86 0.17632
4.89 0.177408
4.92 0.178497
4.95 0.179588
4.98 0.18068
5.01 0.181774
5.04 0.182869
5.07 0.183966
5.1 0.185065
5.13 0.186165
5.16 0.187267
5.19 0.18837
5.22 0.189475
5.25 0.190582
5.28 0.19169
5.31 0.1928
5.34 0.193912
5.37 0.195025
5.4 0.19614
5.43 0.197257
5.46 0.198375
5.49 0.199496
5.52 0.200617
5.55 0.201741
5.58 0.202866
5.61 0.203994
5.64 0.205122
5.67 0.206253
5.7 0.207386
5.73 0.20852
5.76 0.209656
5.79 0.210794
5.82 0.211934
5.85 0.213075
5.88 0.214219
5.91 0.215364
5.94 0.216511
5.97 0.217661
6 0.218812
6.03 0.219965
6.06 0.22112
6.09 0.222277
6.12 0.223435
6.15 0.224596
6.18 0.225759
6.21 0.226924
6.24 0.22809
6.27 0.229259
6.3 0.23043
6.33 0.231603
6.36 0.232778
6.39 0.233955
6.42 0.235134
6.45 0.236315
6.48 0.237499
6.51 0.238684
6.54 0.239872
6.57 0.241061
6.6 0.242253
6.63 0.243447
6.66 0.244643
6.69 0.245842
6.72 0.247042
6.75 0.248245
6.78 0.24945
6.81 0.250658
6.84 0.251868
6.87 0.253079
6.9 0.254294
6.93 0.25551
6.96 0.256729
6.99 0.25795
7.02 0.259174
7.05 0.2604
7.08 0.261628
7.11 0.262859
7.14 0.264092
7.17 0.265328
7.2 0.266566
7.23 0.267806
7.26 0.269049
7.29 0.270295
7.32 0.271543
7.35 0.272793
7.38 0.274046
7.41 0.275302
7.44 0.27656
7.47 0.277821
7.5 0.279084
7.53 0.28035
7.56 0.281619
7.59 0.28289
7.62 0.284164
7.65 0.285441
7.68 0.28672
7.71 0.288002
7.74 0.289287
7.77 0.290574
7.8 0.291865
7.83 0.293158
7.86 0.294453
7.89 0.295752
7.92 0.297054
7.95 0.298358
7.98 0.299665
8.01 0.300975
8.04 0.302288
8.07 0.303604
8.1 0.304923
8.13 0.306245
8.16 0.30757
8.19 0.308898
8.22 0.310228
8.25 0.311562
8.28 0.312899
8.31 0.314239
8.34 0.315582
8.37 0.316928
8.4 0.318277
8.43 0.31963
8.46 0.320985
8.49 0.322344
8.52 0.323706
8.55 0.325071
8.58 0.326439
8.61 0.327811
8.64 0.329186
8.67 0.330564
8.7 0.331946
8.73 0.33333
8.76 0.334719
8.79 0.33611
8.82 0.337505
8.85 0.338903
8.88 0.340305
8.91 0.34171
8.94 0.343119
8.97 0.344531
9 0.345947
9.03 0.347366
9.06 0.348789
9.09 0.350215
9.12 0.351645
9.15 0.353078
9.18 0.354516
9.21 0.355956
9.24 0.357401
9.27 0.358849
9.3 0.360301
9.33 0.361756
9.36 0.363216
9.39 0.364679
9.42 0.366146
9.45 0.367617
9.48 0.369091
9.51 0.37057
9.54 0.372052
9.57 0.373538
9.6 0.375029
9.63 0.376523
9.66 0.378021
9.69 0.379523
9.72 0.381029
9.75 0.382539
9.78 0.384053
9.81 0.385572
9.84 0.387094
9.87 0.388621
9.9 0.390151
9.93 0.391686
9.96 0.393225
9.99 0.394769
10.02 0.396316
10.05 0.397868
10.08 0.399424
10.11 0.400984
10.14 0.402549
10.17 0.404118
10.2 0.405692
10.23 0.407269
10.26 0.408852
10.29 0.410438
10.32 0.41203
10.35 0.413625
10.38 0.415226
10.41 0.41683
10.44 0.41844
10.47 0.420054
10.5 0.421672
10.53 0.423295
10.56 0.424923
10.59 0.426555
10.62 0.428193
10.65 0.429835
10.68 0.431481
10.71 0.433133
10.74 0.434789
10.77 0.43645
10.8 0.438116
10.83 0.439787
10.86 0.441463
10.89 0.443143
10.92 0.444829
10.95 0.446519
10.98 0.448215
11.01 0.449916
11.04 0.451621
11.07 0.453332
11.1 0.455048
11.13 0.456769
11.16 0.458495
11.19 0.460226
11.22 0.461962
11.25 0.463704
11.28 0.465451
11.31 0.467203
11.34 0.46896
11.37 0.470723
11.4 0.472491
11.43 0.474264
11.46 0.476043
11.49 0.477827
11.52 0.479617
11.55 0.481412
11.58 0.483213
11.61 0.485019
11.64 0.48683
11.67 0.488648
11.7 0.49047
11.73 0.492299
11.76 0.494133
11.79 0.495972
11.82 0.497818
11.85 0.499669
11.88 0.501526
11.91 0.503388
11.94 0.505256
11.97 0.50713
12 0.50901
12.03 0.510896
12.06 0.512788
12.09 0.514685
12.12 0.516589
12.15 0.518498
12.18 0.520414
12.21 0.522335
12.24 0.524262
12.27 0.526196
12.3 0.528135
12.33 0.530081
12.36 0.532032
12.39 0.53399
12.42 0.535954
12.45 0.537924
12.48 0.539901
12.51 0.541883
12.54 0.543872
12.57 0.545867
12.6 0.547868
12.63 0.549876
12.66 0.55189
12.69 0.553911
12.72 0.555937
12.75 0.557971
12.78 0.56001
12.81 0.562056
12.84 0.564109
12.87 0.566168
12.9 0.568234
12.93 0.570306
12.96 0.572385
12.99 0.57447
13.02 0.576562
13.05 0.57866
13.08 0.580766
13.11 0.582877
13.14 0.584996
13.17 0.587121
13.2 0.589253
13.23 0.591392
13.26 0.593538
13.29 0.59569
13.32 0.597849
13.35 0.600015
13.38 0.602188
13.41 0.604368
13.44 0.606555
13.47 0.608748
13.5 0.610949
13.53 0.613156
13.56 0.615371
13.59 0.617592
13.62 0.619821
13.65 0.622056
13.68 0.624299
13.71 0.626548
13.74 0.628805
13.77 0.631069
13.8 0.63334
13.83 0.635618
13.86 0.637904
13.89 0.640196
13.92 0.642496
13.95 0.644803
13.98 0.647117
14.01 0.649438
14.04 0.651767
14.07 0.654103
14.1 0.656446
14.13 0.658797
14.16 0.661154
14.19 0.66352
14.22 0.665892
14.25 0.668272
14.28 0.67066
14.31 0.673055
14.34 0.675457
14.37 0.677866
14.4 0.680284
14.43 0.682708
14.46 0.68514
14.49 0.68758
14.52 0.690027
14.55 0.692482
14.58 0.694944
14.61 0.697414
14.64 0.699891
14.67 0.702376
14.7 0.704868
14.73 0.707368
14.76 0.709876
14.79 0.712391
14.82 0.714914
14.85 0.717445
14.88 0.719983
14.91 0.722529
14.94 0.725083
14.97 0.727644
15 0.730214
15.03 0.73279
15.06 0.735375
15.09 0.737967
15.12 0.740567
15.15 0.743175
15.18 0.745791
15.21 0.748414
15.24 0.751046
15.27 0.753685
15.3 0.756332
15.33 0.758986
15.36 0.761649
15.39 0.764319
15.42 0.766998
15.45 0.769684
15.48 0.772378
15.51 0.77508
15.54 0.777789
15.57 0.780507
15.6 0.783233
15.63 0.785966
15.66 0.788708
15.69 0.791457
15.72 0.794215
15.75 0.79698
15.78 0.799754
15.81 0.802535
15.84 0.805324
15.87 0.808122
15.9 0.810927
15.93 0.813741
15.96 0.816562
15.99 0.819392
16.02 0.822229
16.05 0.825075
16.08 0.827928
16.11 0.83079
16.14 0.83366
16.17 0.836538
16.2 0.839424
16.23 0.842318
16.26 0.84522
16.29 0.848131
16.32 0.85105
16.35 0.853976
16.38 0.856911
16.41 0.859855
16.44 0.862806
16.47 0.865766
16.5 0.868733
16.53 0.871709
16.56 0.874694
16.59 0.877686
16.62 0.880687
16.65 0.883696
16.68 0.886714
16.71 0.88974
16.74 0.892774
16.77 0.895816
16.8 0.898867
16.83 0.901927
16.86 0.904994
16.89 0.908071
16.92 0.911155
16.95 0.914248
16.98 0.91735
17.01 0.92046
17.04 0.923579
17.07 0.926706
17.1 0.929842
17.13 0.932986
17.16 0.936139
17.19 0.939301
17.22 0.942471
17.25 0.94565
17.28 0.948838
17.31 0.952034
17.34 0.95524
17.37 0.958454
17.4 0.961677
17.43 0.964909
17.46 0.96815
17.49 0.971399
17.52 0.974658
17.55 0.977926
17.58 0.981203
17.61 0.984489
17.64 0.987784
17.67 0.991088
17.7 0.994402
17.73 0.997725
17.76 1.00106
17.79 1.0044
17.82 1.00775
17.85 1.01111
17.88 1.01448
17.91 1.01786
17.94 1.02125
17.97 1.02465
18 1.02806
18.03 1.03147
18.06 1.0349
18.09 1.03834
18.12 1.04179
18.15 1.04525
18.18 1.04871
18.21 1.05219
18.24 1.05568
18.27 1.05918
18.3 1.06269
18.33 1.06621
18.36 1.06974
18.39 1.07328
18.42 1.07683
18.45 1.0804
18.48 1.08397
18.51 1.08756
18.54 1.09115
18.57 1.09476
18.6 1.09838
18.63 1.10201
18.66 1.10565
18.69 1.1093
18.72 1.11296
18.75 1.11664
18.78 1.12033
18.81 1.12403
18.84 1.12774
18.87 1.13146
18.9 1.1352
18.93 1.13895
18.96 1.14271
18.99 1.14649
19.02 1.15028
19.05 1.15408
19.08 1.15789
19.11 1.16172
19.14 1.16556
19.17 1.16941
19.2 1.17328
19.23 1.17716
19.26 1.18106
19.29 1.18497
19.32 1.18889
19.35 1.19283
19.38 1.19679
19.41 1.20076
19.44 1.20474
19.47 1.20874
19.5 1.21276
19.53 1.21679
19.56 1.22083
19.59 1.22489
19.62 1.22897
19.65 1.23307
19.68 1.23718
19.71 1.24131
19.74 1.24546
19.77 1.24962
19.8 1.2538
19.83 1.258
19.86 1.26221
19.89 1.26645
19.92 1.2707
19.95 1.27497
19.98 1.27926
20.01 1.28357
20.04 1.2879
20.07 1.29225
20.1 1.29662
20.13 1.30101
20.16 1.30542
20.19 1.30985
20.22 1.3143
20.25 1.31878
20.28 1.32327
20.31 1.32779
20.34 1.33233
20.37 1.33689
20.4 1.34147
20.43 1.34608
20.46 1.35071
20.49 1.35536
20.52 1.36004
20.55 1.36474
20.58 1.36947
20.61 1.37422
20.64 1.379
20.67 1.3838
20.7 1.38863
20.73 1.39349
20.76 1.39837
20.79 1.40328
20.82 1.40822
20.85 1.41319
20.88 1.41818
20.91 1.4232
20.94 1.42825
20.97 1.43333
21 1.43844
21.03 1.44358
21.06 1.44875
21.09 1.45395
21.12 1.45919
21.15 1.46445
21.18 1.46975
21.21 1.47508
21.24 1.48044
21.27 1.48583
21.3 1.49126
21.33 1.49673
21.36 1.50223
21.39 1.50776
21.42 1.51333
21.45 1.51893
21.48 1.52457
21.51 1.53025
21.54 1.53596
21.57 1.54172
21.6 1.54751
21.63 1.55334
21.66 1.55921
21.69 1.56511
21.72 1.57106
21.75 1.57705
21.78 1.58308
21.81 1.58915
21.84 1.59526
21.87 1.60141
21.9 1.60761
21.93 1.61385
21.96 1.62013
21.99 1.62646
22.02 1.63283
22.05 1.63925
22.08 1.64571
22.11 1.65222
22.14 1.65877
22.17 1.66538
22.2 1.67202
22.23 1.67872
22.26 1.68547
22.29 1.69226
22.32 1.6991
22.35 1.70599
22.38 1.71293
22.41 1.71992
22.44 1.72697
22.47 1.73406
22.5 1.7412
22.53 1.7484
22.56 1.75565
22.59 1.76295
22.62 1.77031
22.65 1.77771
22.68 1.78518
22.71 1.79269
22.74 1.80026
22.77 1.80789
22.8 1.81557
22.83 1.8233
22.86 1.8311
22.89 1.83894
22.92 1.84685
22.95 1.85481
22.98 1.86283
23.01 1.8709
23.04 1.87903
23.07 1.88722
23.1 1.89547
23.13 1.90378
23.16 1.91214
23.19 1.92056
23.22 1.92904
23.25 1.93758
23.28 1.94618
23.31 1.95484
23.34 1.96355
23.37 1.97232
23.4 1.98115
23.43 1.99004
23.46 1.99899
23.49 2.008
23.52 2.01707
23.55 2.02619
23.58 2.03537
23.61 2.04461
23.64 2.05391
23.67 2.06327
23.7 2.07268
23.73 2.08215
23.76 2.09167
23.79 2.10126
23.82 2.11089
23.85 2.12059
23.88 2.13034
23.91 2.14014
23.94 2.15
23.97 2.15991
24 2.16987
24.03 2.17989
24.06 2.18996
24.09 2.20008
24.12 2.21024
24.15 2.22046
24.18 2.23073
24.21 2.24105
24.24 2.25141
24.27 2.26182
24.3 2.27227
24.33 2.28277
24.36 2.29331
24.39 2.30389
24.42 2.31452
24.45 2.32518
24.48 2.33589
24.51 2.34663
24.54 2.35741
24.57 2.36822
24.6 2.37907
24.63 2.38995
24.66 2.40086
24.69 2.41181
24.72 2.42278
24.75 2.43377
24.78 2.4448
24.81 2.45584
24.84 2.46692
24.87 2.47801
24.9 2.48912
24.93 2.50025
24.96 2.51139
24.99 2.52255
25.02 2.53373
25.05 2.54491
25.08 2.55611
25.11 2.56731
25.14 2.57852
25.17 2.58973
25.2 2.60095
25.23 2.61216
25.26 2.62338
25.29 2.63459
25.32 2.6458
25.35 2.657
25.38 2.66819
25.41 2.67938
25.44 2.69055
25.47 2.70171
25.5 2.71285
25.53 2.72398
25.56 2.73508
25.59 2.74617
25.62 2.75723
25.65 2.76827
25.68 2.77928
25.71 2.79026
25.74 2.80121
25.77 2.81214
25.8 2.82302
25.83 2.83388
25.86 2.84469
25.89 2.85547
25.92 2.86621
25.95 2.87691
25.98 2.88756
26.01 2.89817
26.04 2.90873
26.07 2.91925
26.1 2.92971
26.13 2.94013
26.16 2.95049
26.19 2.9608
26.22 2.97105
26.25 2.98125
26.28 2.99139
26.31 3.00147
26.34 3.01149
26.37 3.02145
26.4 3.03135
26.43 3.04118
26.46 3.05095
26.49 3.06066
26.52 3.0703
26.55 3.07987
26.58 3.08937
26.61 3.09881
26.64 3.10817
26.67 3.11746
26.7 3.12669
26.73 3.13584
26.76 3.14492
26.79 3.15392
26.82 3.16285
26.85 3.17171
26.88 3.18049
26.91 3.1892
26.94 3.19783
26.97 3.20639
27 3.21487
27.03 3.22327
27.06 3.23159
27.09 3.23984
27.12 3.24801
27.15 3.25611
27.18 3.26412
27.21 3.27206
27.24 3.27992
27.27 3.28771
27.3 3.29541
27.33 3.30304
27.36 3.31059
27.39 3.31806
27.42 3.32546
27.45 3.33277
27.48 3.34001
27.51 3.34718
27.54 3.35426
27.57 3.36127
27.6 3.36821
27.63 3.37507
27.66 3.38185
27.69 3.38856
27.72 3.39519
27.75 3.40175
27.78 3.40823
27.81 3.41464
27.84 3.42098
27.87 3.42725
27.9 3.43344
27.93 3.43956
27.96 3.44561
27.99 3.45158
28.02 3.45749
28.05 3.46333
28.08 3.4691
28.11 3.4748
28.14 3.48043
28.17 3.48599
28.2 3.49149
28.23 3.49692
28.26 3.50228
28.29 3.50758
28.32 3.51282
28.35 3.51799
28.38 3.52309
28.41 3.52814
28.44 3.53312
28.47 3.53804
28.5 3.5429
28.53 3.54769
28.56 3.55243
28.59 3.55711
28.62 3.56173
28.65 3.56629
28.68 3.5708
28.71 3.57525
28.74 3.57964
28.77 3.58398
28.8 3.58826
28.83 3.59249
28.86 3.59666
28.89 3.60078
28.92 3.60485
28.95 3.60887
28.98 3.61284
29.01 3.61675
29.04 3.62062
29.07 3.62444
29.1 3.62821
29.13 3.63193
29.16 3.6356
29.19 3.63923
29.22 3.64281
29.25 3.64634
29.28 3.64983
29.31 3.65328
29.34 3.65668
29.37 3.66003
29.4 3.66335
29.43 3.66662
29.46 3.66985
29.49 3.67304
29.52 3.67619
29.55 3.6793
29.58 3.68237
29.61 3.6854
29.64 3.68839
29.67 3.69135
29.7 3.69426
29.73 3.69714
29.76 3.69999
29.79 3.7028
29.82 3.70557
29.85 3.7083
29.88 3.71101
29.91 3.71368
29.94 3.71631
29.97 3.71891
30 3.72148
30.001 0
