0 5
0.03 4.96091
0.06 4.96097
0.09 4.96104
0.12 4.9611
0.15 4.96116
0.18 4.96122
0.21 4.96129
0.24 4.96135
0.27 4.96141
0.3 4.96147
0.33 4.96154
0.36 4.9616
0.39 4.96167
0.42 4.96173
0.45 4.96179
0.48 4.96186
0.51 4.96192
0.54 4.96198
0.57 4.96205
0.6 4.96211
0.63 4.96218
0.66 4.96224
0.69 4.96231
0.72 4.96237
0.75 4.96244
0.78 4.9625
0.81 4.96257
0.84 4.96263
0.87 4.9627
0.9 4.96276
0.93 4.96283
0.96 4.96289
0.99 4.96296
1.02 4.96303
1.05 4.96309
1.08 4.96316
1.11 4.96323
1.14 4.96329
1.17 4.96336
1.2 4.96343
1.23 4.96349
1.26 4.96356
1.29 4.96363
1.32 4.96369
1.35 4.96376
1.38 4.96383
1.41 4.9639
1.44 4.96396
1.47 4.96403
1.5 4.9641
1.53 4.96417
1.56 4.96424
1.59 4.96431
1.62 4.96437
1.65 4.96444
1.68 4.96451
1.71 4.96458
1.74 4.96465
1.77 4.96472
1.8 4.96479
1.83 4.96486
1.86 4.96493
1.89 4.965
1.92 4.96507
1.95 4.96514
1.98 4.96521
2.01 4.96528
2.04 4.96535
2.07 4.96542
2.1 4.96549
2.13 4.96556
2.16 4.96563
2.19 4.9657
2.22 4.96577
2.25 4.96585
2.28 4.96592
2.31 4.96599
2.34 4.96606
2.37 4.96613
2.4 4.96621
2.43 4.96628
2.46 4.96635
2.49 4.96642
2.52 4.9665
2.55 4.96657
2.58 4.96664
2.61 4.96672
2.64 4.96679
2.67 4.96686
2.7 4.96694
2.73 4.96701
2.76 4.96709
2.79 4.96716
2.82 4.96723
2.85 4.96731
2.88 4.96738
2.91 4.96746
2.94 4.96753
2.97 4.96761
3 4.96768
3.03 4.96776
3.06 4.96784
3.09 4.96791
3.12 4.96799
3.15 4.96806
3.18 4.96814
3.21 4.96822
3.24 4.96829
3.27 4.96837
3.3 4.96845
3.33 4.96853
3.36 4.9686
3.39 4.96868
3.42 4.96876
3.45 4.96884
3.48 4.96891
3.51 4.96899
3.54 4.96907
3.57 4.96915
3.6 4.96923
3.63 4.96931
3.66 4.96939
3.69 4.96947
3.72 4.96955
3.75 4.96963
3.78 4.96971
3.81 4.96979
3.84 4.96987
3.87 4.96995
3.9 4.97003
3.93 4.97011
3.96 4.97019
3.99 4.97027
4.02 4.97035
4.05 4.97043
4.08 4.97052
4.11 4.9706
4.14 4.97068
4.17 4.97076
4.2 4.97084
4.23 4.97093
4.26 4.97101
4.29 4.97109
4.32 4.97118
4.35 4.97126
4.38 4.97134
4.41 4.97143
4.44 4.97151
4.47 4.9716
4.5 4.97168
4.53 4.97177
4.56 4.97185
4.59 4.97194
4.62 4.97202
4.65 4.97211
4.68 4.97219
4.71 4.97228
4.74 4.97237
4.77 4.97245
4.8 4.97254
4.83 4.97263
4.86 4.97272
4.89 4.9728
4.92 4.97289
4.95 4.97298
4.98 4.97307
5.01 4.97316
5.04 4.97324
5.07 4.97333
5.1 4.97342
5.13 4.97351
5.16 4.9736
5.19 4.97369
5.22 4.97378
5.25 4.97387
5.28 4.97396
5.31 4.97405
5.34 4.97414
5.37 4.97424
5.4 4.97433
5.43 4.97442
5.46 4.97451
5.49 4.9746
5.52 4.9747
5.55 4.97479
5.58 4.97488
5.61 4.97498
5.64 4.97507
5.67 4.97516
5.7 4.97526
5.73 4.97535
5.76 4.97545
5.79 4.97554
5.82 4.97564
5.85 4.97573
5.88 4.97583
5.91 4.97592
5.94 4.97602
5.97 4.97612
6 4.97621
6.03 4.97631
6.06 4.97641
6.09 4.97651
6.12 4.9766
6.15 4.9767
6.18 4.9768
6.21 4.9769
6.24 4.977
6.27 4.9771
6.3 4.9772
6.33 4.9773
6.36 4.9774
6.39 4.9775
6.42 4.9776
6.45 4.9777
6.48 4.9778
6.51 4.97791
6.54 4.97801
6.57 4.97811
6.6 4.97821
6.63 4.97832
6.66 4.97842
6.69 4.97852
6.72 4.97863
6.75 4.97873
6.78 4.97884
6.81 4.97894
6.84 4.97905
6.87 4.97915
6.9 4.97926
6.93 4.97937
6.96 4.97947
6.99 4.97958
7.02 4.97969
7.05 4.9798
7.08 4.9799
7.11 4.98001
7.14 4.98012
7.17 4.98023
7.2 4.98034
7.23 4.98045
7.26 4.98056
7.29 4.98067
7.32 4.98078
7.35 4.98089
7.38 4.98101
7.41 4.98112
7.44 4.98123
7.47 4.98134
7.5 4.98146
7.53 4.98157
7.56 4.98169
7.59 4.9818
7.62 4.98192
7.65 4.98203
7.68 4.98215
7.71 4.98226
7.74 4.98238
7.77 4.9825
7.8 4.98261
7.83 4.98273
7.86 4.98285
7.89 4.98297
7.92 4.98309
7.95 4.98321
7.98 4.98333
8.01 4.98345
8.04 4.98357
8.07 4.98369
8.1 4.98381
8.13 4.98393
8.16 4.98406
8.19 4.98418
8.22 4.9843
8.25 4.98443
8.28 4.98455
8.31 4.98468
8.34 4.9848
8.37 4.98493
8.4 4.98505
8.43 4.98518
8.46 4.98531
8.49 4.98544
8.52 4.98556
8.55 4.98569
8.58 4.98582
8.61 4.98595
8.64 4.98608
8.67 4.98621
8.7 4.98634
8.73 4.98648
8.76 4.98661
8.79 4.98674
8.82 4.98687
8.85 4.98701
8.88 4.98714
8.91 4.98728
8.94 4.98741
8.97 4.98755
9 4.98768
9.03 4.98782
9.06 4.98796
9.09 4.9881
9.12 4.98823
9.15 4.98837
9.18 4.98851
9.21 4.98865
9.24 4.98879
9.27 4.98894
9.3 4.98908
9.33 4.98922
9.36 4.98936
9.39 4.98951
9.42 4.98965
9.45 4.9898
9.48 4.98994
9.51 4.99009
9.54 4.99024
9.57 4.99038
9.6 4.99053
9.63 4.99068
9.66 4.99083
9.69 4.99098
9.72 4.99113
9.75 4.99128
9.78 4.99143
9.81 4.99158
9.84 4.99174
9.87 4.99189
9.9 4.99205
9.93 4.9922
9.96 4.99236
9.99 4.99251
10.02 4.99267
10.05 4.99283
10.08 4.99299
10.11 4.99314
10.14 4.9933
10.17 4.99346
10.2 4.99363
10.23 4.99379
10.26 4.99395
10.29 4.99411
10.32 4.99428
10.35 4.99444
10.38 4.99461
10.41 4.99477
10.44 4.99494
10.47 4.99511
10.5 4.99528
10.53 4.99545
10.56 4.99562
10.59 4.99579
10.62 4.99596
10.65 4.99613
10.68 4.9963
10.71 4.99648
10.74 4.99665
10.77 4.99683
10.8 4.99701
10.83 4.99718
10.86 4.99736
10.89 4.99754
10.92 4.99772
10.95 4.9979
10.98 4.99808
11.01 4.99826
11.04 4.99845
11.07 4.99863
11.1 4.99881
11.13 4.999
11.16 4.99919
11.19 4.99937
11.22 4.99956
11.25 4.99975
11.28 4.99994
11.31 5.00013
11.34 5.00032
11.37 5.00051
11.4 5.00071
11.43 5.0009
11.46 5.0011
11.49 5.00129
11.52 5.00149
11.55 5.00169
11.58 5.00189
11.61 5.00209
11.64 5.00229
11.67 5.00249
11.7 5.0027
11.73 5.0029
11.76 5.0031
11.79 5.00331
11.82 5.00352
11.85 5.00373
11.88 5.00393
11.91 5.00414
11.94 5.00436
11.97 5.00457
12 5.00478
12.03 5.00499
12.06 5.00521
12.09 5.00543
12.12 5.00564
12.15 5.00586
12.18 5.00608
12.21 5.0063
12.24 5.00652
12.27 5.00675
12.3 5.00697
12.33 5.00719
12.36 5.00742
12.39 5.00765
12.42 5.00788
12.45 5.00811
12.48 5.00834
12.51 5.00857
12.54 5.0088
12.57 5.00904
12.6 5.00927
12.63 5.00951
12.66 5.00974
12.69 5.00998
12.72 5.01022
12.75 5.01046
12.78 5.01071
12.81 5.01095
12.84 5.0112
12.87 5.01144
12.9 5.01169
12.93 5.01194
12.96 5.01219
12.99 5.01244
13.02 5.01269
13.05 5.01294
13.08 5.0132
13.11 5.01346
13.14 5.01371
13.17 5.01397
13.2 5.01423
13.23 5.01449
13.26 5.01476
13.29 5.01502
13.32 5.01529
13.35 5.01555
13.38 5.01582
13.41 5.01609
13.44 5.01636
13.47 5.01663
13.5 5.01691
13.53 5.01718
13.56 5.01746
13.59 5.01774
13.62 5.01801
13.65 5.0183
13.68 5.01858
13.71 5.01886
13.74 5.01915
13.77 5.01943
13.8 5.01972
13.83 5.02001
13.86 5.0203
13.89 5.02059
13.92 5.02089
13.95 5.02118
13.98 5.02148
14.01 5.02178
14.04 5.02208
14.07 5.02238
14.1 5.02268
14.13 5.02298
14.16 5.02329
14.19 5.0236
14.22 5.02391
14.25 5.02422
14.28 5.02453
14.31 5.02484
14.34 5.02516
14.37 5.02547
14.4 5.02579
14.43 5.02611
14.46 5.02643
14.49 5.02676
14.52 5.02708
14.55 5.02741
14.58 5.02774
14.61 5.02807
14.64 5.0284
14.67 5.02873
14.7 5.02907
14.73 5.0294
14.76 5.02974
14.79 5.03008
14.82 5.03042
14.85 5.03076
14.88 5.03111
14.91 5.03146
14.94 5.0318
14.97 5.03215
15 5.03251
15.03 5.03286
15.06 5.03321
15.09 5.03357
15.12 5.03393
15.15 5.03429
15.18 5.03465
15.21 5.03502
15.24 5.03538
15.27 5.03575
15.3 5.03612
15.33 5.03649
15.36 5.03686
15.39 5.03724
15.42 5.03762
15.45 5.03799
15.48 5.03838
15.51 5.03876
15.54 5.03914
15.57 5.03953
15.6 5.03992
15.63 5.04031
15.66 5.0407
15.69 5.04109
15.72 5.04149
15.75 5.04188
15.78 5.04228
15.81 5.04268
15.84 5.04309
15.87 5.04349
15.9 5.0439
15.93 5.04431
15.96 5.04472
15.99 5.04513
16.02 5.04554
16.05 5.04596
16.08 5.04638
16.11 5.0468
16.14 5.04722
16.17 5.04765
16.2 5.04807
16.23 5.0485
16.26 5.04893
16.29 5.04936
16.32 5.0498
16.35 5.05023
16.38 5.05067
16.41 5.05111
16.44 5.05156
16.47 5.052
16.5 5.05245
16.53 5.05289
16.56 5.05335
16.59 5.0538
16.62 5.05425
16.65 5.05471
16.68 5.05517
16.71 5.05563
16.74 5.05609
16.77 5.05656
16.8 5.05702
16.83 5.05749
16.86 5.05796
16.89 5.05844
16.92 5.05891
16.95 5.05939
16.98 5.05987
17.01 5.06035
17.04 5.06084
17.07 5.06132
17.1 5.06181
17.13 5.0623
17.16 5.0628
17.19 5.06329
17.22 5.06379
17.25 5.06429
17.28 5.06479
17.31 5.06529
17.34 5.0658
17.37 5.06631
17.4 5.06682
17.43 5.06733
17.46 5.06784
17.49 5.06836
17.52 5.06888
17.55 5.0694
17.58 5.06993
17.61 5.07045
17.64 5.07098
17.67 5.07151
17.7 5.07204
17.73 5.07258
17.76 5.07312
17.79 5.07366
17.82 5.0742
17.85 5.07475
17.88 5.07529
17.91 5.07584
17.94 5.07639
17.97 5.07695
18 5.0775
18.03 5.07806
18.06 5.07862
18.09 5.07919
18.12 5.07976
18.15 5.08032
18.18 5.0809
18.21 5.08147
18.24 5.08205
18.27 5.08262
18.3 5.08321
18.33 5.08379
18.36 5.08438
18.39 5.08496
18.42 5.08556
18.45 5.08615
18.48 5.08675
18.51 5.08735
18.54 5.08795
18.57 5.08855
18.6 5.08916
18.63 5.08977
18.66 5.09038
18.69 5.091
18.72 5.09162
18.75 5.09224
18.78 5.09286
18.81 5.09349
18.84 5.09412
18.87 5.09475
18.9 5.09538
18.93 5.09602
18.96 5.09666
18.99 5.09731
19.02 5.09795
19.05 5.0986
19.08 5.09926
19.11 5.09991
19.14 5.10057
19.17 5.10123
19.2 5.1019
19.23 5.10257
19.26 5.10324
19.29 5.10391
19.32 5.10459
19.35 5.10527
19.38 5.10596
19.41 5.10664
19.44 5.10734
19.47 5.10803
19.5 5.10873
19.53 5.10943
19.56 5.11013
19.59 5.11084
19.62 5.11156
19.65 5.11227
19.68 5.11299
19.71 5.11371
19.74 5.11444
19.77 5.11517
19.8 5.11591
19.83 5.11664
19.86 5.11739
19.89 5.11813
19.92 5.11888
19.95 5.11964
19.98 5.12039
20.01 5.12116
20.04 5.12192
20.07 5.12269
20.1 5.12347
20.13 5.12425
20.16 5.12503
20.19 5.12582
20.22 5.12661
20.25 5.12741
20.28 5.12821
20.31 5.12902
20.34 5.12983
20.37 5.13064
20.4 5.13146
20.43 5.13229
20.46 5.13312
20.49 5.13396
20.52 5.1348
20.55 5.13564
20.58 5.13649
20.61 5.13735
20.64 5.13821
20.67 5.13908
20.7 5.13995
20.73 5.14083
20.76 5.14172
20.79 5.14261
20.82 5.1435
20.85 5.1444
20.88 5.14531
20.91 5.14622
20.94 5.14714
20.97 5.14807
21 5.149
21.03 5.14994
21.06 5.15088
21.09 5.15183
21.12 5.15279
21.15 5.15376
21.18 5.15473
21.21 5.15571
21.24 5.15669
21.27 5.15768
21.3 5.15868
21.33 5.15969
21.36 5.1607
21.39 5.16172
21.42 5.16275
21.45 5.16379
21.48 5.16483
21.51 5.16589
21.54 5.16695
21.57 5.16801
21.6 5.16909
21.63 5.17017
21.66 5.17127
21.69 5.17237
21.72 5.17348
21.75 5.1746
21.78 5.17572
21.81 5.17686
21.84 5.178
21.87 5.17916
21.9 5.18032
21.93 5.18149
21.96 5.18267
21.99 5.18386
22.02 5.18506
22.05 5.18627
22.08 5.18749
22.11 5.18872
22.14 5.18996
22.17 5.19121
22.2 5.19247
22.23 5.19374
22.26 5.19502
22.29 5.19631
22.32 5.19761
22.35 5.19892
22.38 5.20025
22.41 5.20158
22.44 5.20293
22.47 5.20428
22.5 5.20565
22.53 5.20703
22.56 5.20842
22.59 5.20982
22.62 5.21123
22.65 5.21266
22.68 5.21409
22.71 5.21554
22.74 5.217
22.77 5.21847
22.8 5.21996
22.83 5.22146
22.86 5.22296
22.89 5.22449
22.92 5.22602
22.95 5.22757
22.98 5.22912
23.01 5.23069
23.04 5.23228
23.07 5.23388
23.1 5.23548
23.13 5.23711
23.16 5.23874
23.19 5.24039
23.22 5.24205
23.25 5.24372
23.28 5.24541
23.31 5.24711
23.34 5.24882
23.37 5.25055
23.4 5.25229
23.43 5.25404
23.46 5.25581
23.49 5.25758
23.52 5.25938
23.55 5.26118
23.58 5.263
23.61 5.26483
23.64 5.26667
23.67 5.26853
23.7 5.2704
23.73 5.27228
23.76 5.27417
23.79 5.27608
23.82 5.278
23.85 5.27993
23.88 5.28187
23.91 5.28383
23.94 5.2858
23.97 5.28778
24 5.28977
24.03 5.29178
24.06 5.2938
24.09 5.29582
24.12 5.29786
24.15 5.29991
24.18 5.30198
24.21 5.30405
24.24 5.30613
24.27 5.30822
24.3 5.31033
24.33 5.31244
24.36 5.31457
24.39 5.3167
24.42 5.31884
24.45 5.321
24.48 5.32316
24.51 5.32533
24.54 5.3275
24.57 5.32969
24.6 5.33189
24.63 5.33409
24.66 5.3363
24.69 5.33851
24.72 5.34073
24.75 5.34296
24.78 5.3452
24.81 5.34744
24.84 5.34968
24.87 5.35194
24.9 5.35419
24.93 5.35645
24.96 5.35872
24.99 5.36098
25.02 5.36325
25.05 5.36553
25.08 5.3678
25.11 5.37008
25.14 5.37236
25.17 5.37465
25.2 5.37693
25.23 5.37921
25.26 5.3815
25.29 5.38378
25.32 5.38606
25.35 5.38835
25.38 5.39063
25.41 5.39291
25.44 5.39518
25.47 5.39746
25.5 5.39973
25.53 5.402
25.56 5.40426
25.59 5.40653
25.62 5.40878
25.65 5.41104
25.68 5.41328
25.71 5.41553
25.74 5.41776
25.77 5.41999
25.8 5.42222
25.83 5.42443
25.86 5.42664
25.89 5.42884
25.92 5.43104
25.95 5.43322
25.98 5.4354
26.01 5.43757
26.04 5.43973
26.07 5.44188
26.1 5.44402
26.13 5.44615
26.16 5.44827
26.19 5.45038
26.22 5.45248
26.25 5.45457
26.28 5.45665
26.31 5.45871
26.34 5.46077
26.37 5.46281
26.4 5.46484
26.43 5.46686
26.46 5.46886
26.49 5.47085
26.52 5.47283
26.55 5.4748
26.58 5.47675
26.61 5.47869
26.64 5.48062
26.67 5.48253
26.7 5.48443
26.73 5.48631
26.76 5.48818
26.79 5.49004
26.82 5.49188
26.85 5.49371
26.88 5.49552
26.91 5.49732
26.94 5.49911
26.97 5.50088
27 5.50263
27.03 5.50437
27.06 5.5061
27.09 5.50781
27.12 5.50951
27.15 5.51119
27.18 5.51286
27.21 5.51451
27.24 5.51615
27.27 5.51777
27.3 5.51938
27.33 5.52097
27.36 5.52255
27.39 5.52412
27.42 5.52567
27.45 5.5272
27.48 5.52872
27.51 5.53023
27.54 5.53172
27.57 5.5332
27.6 5.53466
27.63 5.53611
27.66 5.53754
27.69 5.53896
27.72 5.54037
27.75 5.54176
27.78 5.54314
27.81 5.5445
27.84 5.54585
27.87 5.54719
27.9 5.54851
27.93 5.54982
27.96 5.55112
27.99 5.5524
28.02 5.55367
28.05 5.55492
28.08 5.55617
28.11 5.5574
28.14 5.55862
28.17 5.55982
28.2 5.56101
28.23 5.56219
28.26 5.56336
28.29 5.56451
28.32 5.56566
28.35 5.56679
28.38 5.56791
28.41 5.56901
28.44 5.57011
28.47 5.57119
28.5 5.57226
28.53 5.57332
28.56 5.57437
28.59 5.57541
28.62 5.57644
28.65 5.57745
28.68 5.57846
28.71 5.57945
28.74 5.58043
28.77 5.5814
28.8 5.58237
28.83 5.58332
28.86 5.58426
28.89 5.58519
28.92 5.58611
28.95 5.58702
28.98 5.58792
29.01 5.58881
29.04 5.58969
29.07 5.59057
29.1 5.59143
29.13 5.59228
29.16 5.59312
29.19 5.59396
29.22 5.59478
29.25 5.5956
29.28 5.59641
29.31 5.59721
29.34 5.598
29.37 5.59878
29.4 5.59955
29.43 5.60032
29.46 5.60107
29.49 5.60182
29.52 5.60256
29.55 5.60329
29.58 5.60402
29.61 5.60473
29.64 5.60544
29.67 5.60614
29.7 5.60683
29.73 5.60752
29.76 5.6082
29.79 5.60887
29.82 5.60953
29.85 5.61019
29.88 5.61083
29.91 5.61148
29.94 5.61211
29.97 5.61274
30 5.61336
30.001 5
