0 -10
0.03 -8.84881
0.06 -8.8486
0.09 -8.84839
0.12 -8.84818
0.15 -8.84797
0.18 -8.84776
0.21 -8.84756
0.24 -8.84735
0.27 -8.84714
0.3 -8.84693
0.33 -8.84672
0.36 -8.84651
0.39 -8.8463
0.42 -8.84609
0.45 -8.84588
0.48 -8.84568
0.51 -8.84547
0.54 -8.84526
0.57 -8.84505
0.6 -8.84484
0.63 -8.84463
0.66 -8.84442
0.69 -8.84421
0.72 -8.844
0.75 -8.84379
0.78 -8.84358
0.81 -8.84337
0.84 -8.84316
0.87 -8.84295
0.9 -8.84274
0.93 -8.84254
0.96 -8.84233
0.99 -8.84212
1.02 -8.84191
1.05 -8.8417
1.08 -8.84149
1.11 -8.84128
1.14 -8.84107
1.17 -8.84086
1.2 -8.84065
1.23 -8.84044
1.26 -8.84023
1.29 -8.84002
1.32 -8.83981
1.35 -8.8396
1.38 -8.83939
1.41 -8.83918
1.44 -8.83897
1.47 -8.83876
1.5 -8.83855
1.53 -8.83834
1.56 -8.83813
1.59 -8.83792
1.62 -8.83771
1.65 -8.8375
1.68 -8.83729
1.71 -8.83708
1.74 -8.83686
1.77 -8.83665
1.8 -8.83644
1.83 -8.83623
1.86 -8.83602
1.89 -8.83581
1.92 -8.8356
1.95 -8.83539
1.98 -8.83518
2.01 -8.83497
2.04 -8.83476
2.07 -8.83455
2.1 -8.83434
2.13 -8.83412
2.16 -8.83391
2.19 -8.8337
2.22 -8.83349
2.25 -8.83328
2.28 -8.83307
2.31 -8.83286
2.34 -8.83265
2.37 -8.83243
2.4 -8.83222
2.43 -8.83201
2.46 -8.8318
2.49 -8.83159
2.52 -8.83138
2.55 -8.83117
2.58 -8.83095
2.61 -8.83074
2.64 -8.83053
2.67 -8.83032
2.7 -8.83011
2.73 -8.82989
2.76 -8.82968
2.79 -8.82947
2.82 -8.82926
2.85 -8.82905
2.88 -8.82883
2.91 -8.82862
2.94 -8.82841
2.97 -8.8282
3 -8.82798
3.03 -8.82777
3.06 -8.82756
3.09 -8.82734
3.12 -8.82713
3.15 -8.82692
3.18 -8.82671
3.21 -8.82649
3.24 -8.82628
3.27 -8.82607
3.3 -8.82585
3.33 -8.82564
3.36 -8.82543
3.39 -8.82521
3.42 -8.825
3.45 -8.82479
3.48 -8.82457
3.51 -8.82436
3.54 -8.82415
3.57 -8.82393
3.6 -8.82372
3.63 -8.8235
3.66 -8.82329
3.69 -8.82308
3.72 -8.82286
3.75 -8.82265
3.78 -8.82243
3.81 -8.82222
3.84 -8.822
3.87 -8.82179
3.9 -8.82158
3.93 -8.82136
3.96 -8.82115
3.99 -8.82093
4.02 -8.82072
4.05 -8.8205
4.08 -8.82029
4.11 -8.82007
4.14 -8.81985
4.17 -8.81964
4.2 -8.81942
4.23 -8.81921
4.26 -8.81899
4.29 -8.81878
4.32 -8.81856
4.35 -8.81834
4.38 -8.81813
4.41 -8.81791
4.44 -8.8177
4.47 -8.81748
4.5 -8.81726
4.53 -8.81705
4.56 -8.81683
4.59 -8.81661
4.62 -8.8164
4.65 -8.81618
4.68 -8.81596
4.71 -8.81575
4.74 -8.81553
4.77 -8.81531
4.8 -8.81509
4.83 -8.81488
4.86 -8.81466
4.89 -8.81444
4.92 -8.81422
4.95 -8.814
4.98 -8.81379
5.01 -8.81357
5.04 -8.81335
5.07 -8.81313
5.1 -8.81291
5.13 -8.81269
5.16 -8.81247
5.19 -8.81226
5.22 -8.81204
5.25 -8.81182
5.28 -8.8116
5.31 -8.81138
5.34 -8.81116
5.37 -8.81094
5.4 -8.81072
5.43 -8.8105
5.46 -8.81028
5.49 -8.81006
5.52 -8.80984
5.55 -8.80962
5.58 -8.8094
5.61 -8.80918
5.64 -8.80895
5.67 -8.80873
5.7 -8.80851
5.73 -8.80829
5.76 -8.80807
5.79 -8.80785
5.82 -8.80763
5.85 -8.8074
5.88 -8.80718
5.91 -8.80696
5.94 -8.80674
5.97 -8.80652
6 -8.80629
6.03 -8.80607
6.06 -8.80585
6.09 -8.80562
6.12 -8.8054
6.15 -8.80518
6.18 -8.80495
6.21 -8.80473
6.24 -8.80451
6.27 -8.80428
6.3 -8.80406
6.33 -8.80383
6.36 -8.80361
6.39 -8.80338
6.42 -8.80316
6.45 -8.80293
6.48 -8.80271
6.51 -8.80248
6.54 -8.80226
6.57 -8.80203
6.6 -8.80181
6.63 -8.80158
6.66 -8.80135
6.69 -8.80113
6.72 -8.8009
6.75 -8.80067
6.78 -8.80045
6.81 -8.80022
6.84 -8.79999
6.87 -8.79976
6.9 -8.79954
6.93 -8.79931
6.96 -8.79908
6.99 -8.79885
7.02 -8.79862
7.05 -8.7984
7.08 -8.79817
7.11 -8.79794
7.14 -8.79771
7.17 -8.79748
7.2 -8.79725
7.23 -8.79702
7.26 -8.79679
7.29 -8.79656
7.32 -8.79633
7.35 -8.7961
7.38 -8.79587
7.41 -8.79564
7.44 -8.7954
7.47 -8.79517
7.5 -8.79494
7.53 -8.79471
7.56 -8.79448
7.59 -8.79425
7.62 -8.79401
7.65 -8.79378
7.68 -8.79355
7.71 -8.79331
7.74 -8.79308
7.77 -8.79285
7.8 -8.79261
7.83 -8.79238
7.86 -8.79214
7.89 -8.79191
7.92 -8.79168
7.95 -8.79144
7.98 -8.7912
8.01 -8.79097
8.04 -8.79073
8.07 -8.7905
8.1 -8.79026
8.13 -8.79003
8.16 -8.78979
8.19 -8.78955
8.22 -8.78931
8.25 -8.78908
8.28 -8.78884
8.31 -8.7886
8.34 -8.78836
8.37 -8.78813
8.4 -8.78789
8.43 -8.78765
8.46 -8.78741
8.49 -8.78717
8.52 -8.78693
8.55 -8.78669
8.58 -8.78645
8.61 -8.78621
8.64 -8.78597
8.67 -8.78573
8.7 -8.78549
8.73 -8.78525
8.76 -8.78501
8.79 -8.78476
8.82 -8.78452
8.85 -8.78428
8.88 -8.78404
8.91 -8.78379
8.94 -8.78355
8.97 -8.78331
9 -8.78306
9.03 -8.78282
9.06 -8.78258
9.09 -8.78233
9.12 -8.78209
9.15 -8.78184
9.18 -8.7816
9.21 -8.78135
9.24 -8.78111
9.27 -8.78086
9.3 -8.78061
9.33 -8.78037
9.36 -8.78012
9.39 -8.77987
9.42 -8.77963
9.45 -8.77938
9.48 -8.77913
9.51 -8.77888
9.54 -8.77863
9.57 -8.77838
9.6 -8.77814
9.63 -8.77789
9.66 -8.77764
9.69 -8.77739
9.72 -8.77714
9.75 -8.77689
9.78 -8.77664
9.81 -8.77638
9.84 -8.77613
9.87 -8.77588
9.9 -8.77563
9.93 -8.77538
9.96 -8.77513
9.99 -8.77487
10.02 -8.77462
10.05 -8.77437
10.08 -8.77411
10.11 -8.77386
10.14 -8.77361
10.17 -8.77335
10.2 -8.7731
10.23 -8.77284
10.26 -8.77259
10.29 -8.77233
10.32 -8.77208
10.35 -8.77182
10.38 -8.77156
10.41 -8.77131
10.44 -8.77105
10.47 -8.77079
10.5 -8.77054
10.53 -8.77028
10.56 -8.77002
10.59 -8.76976
10.62 -8.7695
10.65 -8.76924
10.68 -8.76898
10.71 -8.76873
10.74 -8.76847
10.77 -8.76821
10.8 -8.76795
10.83 -8.76769
10.86 -8.76742
10.89 -8.76716
10.92 -8.7669
10.95 -8.76664
10.98 -8.76638
11.01 -8.76612
11.04 -8.76585
11.07 -8.76559
11.1 -8.76533
11.13 -8.76507
11.16 -8.7648
11.19 -8.76454
11.22 -8.76427
11.25 -8.76401
11.28 -8.76375
11.31 -8.76348
11.34 -8.76322
11.37 -8.76295
11.4 -8.76269
11.43 -8.76242
11.46 -8.76215
11.49 -8.76189
11.52 -8.76162
11.55 -8.76135
11.58 -8.76109
11.61 -8.76082
11.64 -8.76055
11.67 -8.76028
11.7 -8.76002
11.73 -8.75975
11.76 -8.75948
11.79 -8.75921
11.82 -8.75894
11.85 -8.75867
11.88 -8.7584
11.91 -8.75813
11.94 -8.75787
11.97 -8.7576
12 -8.75732
12.03 -8.75705
12.06 -8.75678
12.09 -8.75651
12.12 -8.75624
12.15 -8.75597
12.18 -8.7557
12.21 -8.75543
12.24 -8.75516
12.27 -8.75488
12.3 -8.75461
12.33 -8.75434
12.36 -8.75407
12.39 -8.75379
12.42 -8.75352
12.45 -8.75325
12.48 -8.75298
12.51 -8.7527
12.54 -8.75243
12.57 -8.75215
12.6 -8.75188
12.63 -8.75161
12.66 -8.75133
12.69 -8.75106
12.72 -8.75078
12.75 -8.75051
12.78 -8.75023
12.81 -8.74996
12.84 -8.74969
12.87 -8.74941
12.9 -8.74914
12.93 -8.74886
12.96 -8.74858
12.99 -8.74831
13.02 -8.74803
13.05 -8.74776
13.08 -8.74748
13.11 -8.74721
13.14 -8.74693
13.17 -8.74665
13.2 -8.74638
13.23 -8.7461
13.26 -8.74583
13.29 -8.74555
13.32 -8.74527
13.35 -8.745
13.38 -8.74472
13.41 -8.74445
13.44 -8.74417
13.47 -8.74389
13.5 -8.74362
13.53 -8.74334
13.56 -8.74306
13.59 -8.74279
13.62 -8.74251
13.65 -8.74224
13.68 -8.74196
13.71 -8.74168
13.74 -8.74141
13.77 -8.74113
13.8 -8.74086
13.83 -8.74058
13.86 -8.7403
13.89 -8.74003
13.92 -8.73975
13.95 -8.73948
13.98 -8.7392
14.01 -8.73893
14.04 -8.73865
14.07 -8.73838
14.1 -8.7381
14.13 -8.73783
14.16 -8.73755
14.19 -8.73728
14.22 -8.737
14.25 -8.73673
14.28 -8.73646
14.31 -8.73618
14.34 -8.73591
14.37 -8.73563
14.4 -8.73536
14.43 -8.73509
14.46 -8.73482
14.49 -8.73454
14.52 -8.73427
14.55 -8.734
14.58 -8.73373
14.61 -8.73346
14.64 -8.73318
14.67 -8.73291
14.7 -8.73264
14.73 -8.73237
14.76 -8.7321
14.79 -8.73183
14.82 -8.73156
14.85 -8.7313
14.88 -8.73103
14.91 -8.73076
14.94 -8.73049
14.97 -8.73022
15 -8.72996
15.03 -8.72969
15.06 -8.72942
15.09 -8.72916
15.12 -8.72889
15.15 -8.72863
15.18 -8.72836
15.21 -8.7281
15.24 -8.72784
15.27 -8.72757
15.3 -8.72731
15.33 -8.72705
15.36 -8.72679
15.39 -8.72652
15.42 -8.72626
15.45 -8.726
15.48 -8.72575
15.51 -8.72549
15.54 -8.72523
15.57 -8.72497
15.6 -8.72471
15.63 -8.72446
15.66 -8.7242
15.69 -8.72395
15.72 -8.72369
15.75 -8.72344
15.78 -8.72318
15.81 -8.72293
15.84 -8.72268
15.87 -8.72243
15.9 -8.72218
15.93 -8.72193
15.96 -8.72168
15.99 -8.72143
16.02 -8.72118
16.05 -8.72094
16.08 -8.72069
16.11 -8.72045
16.14 -8.7202
16.17 -8.71996
16.2 -8.71972
16.23 -8.71948
16.26 -8.71923
16.29 -8.71899
16.32 -8.71876
16.35 -8.71852
16.38 -8.71828
16.41 -8.71804
16.44 -8.71781
16.47 -8.71757
16.5 -8.71734
16.53 -8.71711
16.56 -8.71688
16.59 -8.71665
16.62 -8.71642
16.65 -8.71619
16.68 -8.71596
16.71 -8.71573
16.74 -8.71551
16.77 -8.71528
16.8 -8.71506
16.83 -8.71484
16.86 -8.71462
16.89 -8.7144
16.92 -8.71418
16.95 -8.71396
16.98 -8.71374
17.01 -8.71353
17.04 -8.71331
17.07 -8.7131
17.1 -8.71289
17.13 -8.71268
17.16 -8.71247
17.19 -8.71226
17.22 -8.71205
17.25 -8.71185
17.28 -8.71164
17.31 -8.71144
17.34 -8.71124
17.37 -8.71104
17.4 -8.71084
17.43 -8.71064
17.46 -8.71044
17.49 -8.71025
17.52 -8.71006
17.55 -8.70986
17.58 -8.70967
17.61 -8.70948
17.64 -8.70929
17.67 -8.70911
17.7 -8.70892
17.73 -8.70874
17.76 -8.70856
17.79 -8.70838
17.82 -8.7082
17.85 -8.70802
17.88 -8.70784
17.91 -8.70767
17.94 -8.7075
17.97 -8.70732
18 -8.70715
18.03 -8.70699
18.06 -8.70682
18.09 -8.70666
18.12 -8.70649
18.15 -8.70633
18.18 -8.70617
18.21 -8.70601
18.24 -8.70586
18.27 -8.7057
18.3 -8.70555
18.33 -8.7054
18.36 -8.70525
18.39 -8.7051
18.42 -8.70495
18.45 -8.70481
18.48 -8.70467
18.51 -8.70453
18.54 -8.70439
18.57 -8.70425
18.6 -8.70412
18.63 -8.70398
18.66 -8.70385
18.69 -8.70372
18.72 -8.7036
18.75 -8.70347
18.78 -8.70335
18.81 -8.70323
18.84 -8.70311
18.87 -8.70299
18.9 -8.70287
18.93 -8.70276
18.96 -8.70265
18.99 -8.70254
19.02 -8.70243
19.05 -8.70233
19.08 -8.70223
19.11 -8.70213
19.14 -8.70203
19.17 -8.70193
19.2 -8.70184
19.23 -8.70175
19.26 -8.70166
19.29 -8.70157
19.32 -8.70149
19.35 -8.70141
19.38 -8.70133
19.41 -8.70125
19.44 -8.70117
19.47 -8.7011
19.5 -8.70103
19.53 -8.70096
19.56 -8.7009
19.59 -8.70083
19.62 -8.70077
19.65 -8.70072
19.68 -8.70066
19.71 -8.70061
19.74 -8.70056
19.77 -8.70051
19.8 -8.70047
19.83 -8.70043
19.86 -8.70039
19.89 -8.70035
19.92 -8.70032
19.95 -8.70029
19.98 -8.70026
20.01 -8.70024
20.04 -8.70021
20.07 -8.70019
20.1 -8.70018
20.13 -8.70017
20.16 -8.70016
20.19 -8.70015
20.22 -8.70015
20.25 -8.70015
20.28 -8.70015
20.31 -8.70015
20.34 -8.70016
20.37 -8.70018
20.4 -8.70019
20.43 -8.70021
20.46 -8.70023
20.49 -8.70026
20.52 -8.70029
20.55 -8.70032
20.58 -8.70036
20.61 -8.7004
20.64 -8.70044
20.67 -8.70049
20.7 -8.70054
20.73 -8.7006
20.76 -8.70066
20.79 -8.70072
20.82 -8.70079
20.85 -8.70086
20.88 -8.70093
20.91 -8.70101
20.94 -8.7011
20.97 -8.70118
21 -8.70128
21.03 -8.70137
21.06 -8.70147
21.09 -8.70158
21.12 -8.70169
21.15 -8.7018
21.18 -8.70192
21.21 -8.70204
21.24 -8.70217
21.27 -8.7023
21.3 -8.70244
21.33 -8.70259
21.36 -8.70273
21.39 -8.70289
21.42 -8.70304
21.45 -8.70321
21.48 -8.70337
21.51 -8.70355
21.54 -8.70373
21.57 -8.70391
21.6 -8.7041
21.63 -8.7043
21.66 -8.7045
21.69 -8.70471
21.72 -8.70492
21.75 -8.70514
21.78 -8.70536
21.81 -8.70559
21.84 -8.70583
21.87 -8.70607
21.9 -8.70632
21.93 -8.70658
21.96 -8.70684
21.99 -8.70711
22.02 -8.70739
22.05 -8.70767
22.08 -8.70796
22.11 -8.70826
22.14 -8.70856
22.17 -8.70887
22.2 -8.70919
22.23 -8.70951
22.26 -8.70985
22.29 -8.71019
22.32 -8.71053
22.35 -8.71089
22.38 -8.71125
22.41 -8.71162
22.44 -8.712
22.47 -8.71239
22.5 -8.71278
22.53 -8.71319
22.56 -8.7136
22.59 -8.71402
22.62 -8.71445
22.65 -8.71489
22.68 -8.71533
22.71 -8.71579
22.74 -8.71625
22.77 -8.71672
22.8 -8.71721
22.83 -8.7177
22.86 -8.7182
22.89 -8.71871
22.92 -8.71923
22.95 -8.71976
22.98 -8.72029
23.01 -8.72084
23.04 -8.7214
23.07 -8.72197
23.1 -8.72255
23.13 -8.72314
23.16 -8.72374
23.19 -8.72435
23.22 -8.72497
23.25 -8.7256
23.28 -8.72624
23.31 -8.72689
23.34 -8.72755
23.37 -8.72823
23.4 -8.72891
23.43 -8.7296
23.46 -8.73031
23.49 -8.73103
23.52 -8.73176
23.55 -8.7325
23.58 -8.73325
23.61 -8.73401
23.64 -8.73479
23.67 -8.73557
23.7 -8.73637
23.73 -8.73718
23.76 -8.738
23.79 -8.73883
23.82 -8.73967
23.85 -8.74053
23.88 -8.7414
23.91 -8.74228
23.94 -8.74317
23.97 -8.74407
24 -8.74499
24.03 -8.74592
24.06 -8.74685
24.09 -8.74781
24.12 -8.74877
24.15 -8.74974
24.18 -8.75073
24.21 -8.75173
24.24 -8.75274
24.27 -8.75376
24.3 -8.7548
24.33 -8.75584
24.36 -8.7569
24.39 -8.75797
24.42 -8.75905
24.45 -8.76015
24.48 -8.76125
24.51 -8.76237
24.54 -8.7635
24.57 -8.76464
24.6 -8.76579
24.63 -8.76695
24.66 -8.76812
24.69 -8.7693
24.72 -8.7705
24.75 -8.7717
24.78 -8.77292
24.81 -8.77415
24.84 -8.77538
24.87 -8.77663
24.9 -8.77789
24.93 -8.77916
24.96 -8.78043
24.99 -8.78172
25.02 -8.78302
25.05 -8.78432
25.08 -8.78564
25.11 -8.78696
25.14 -8.7883
25.17 -8.78964
25.2 -8.79099
25.23 -8.79235
25.26 -8.79372
25.29 -8.79509
25.32 -8.79648
25.35 -8.79787
25.38 -8.79926
25.41 -8.80067
25.44 -8.80208
25.47 -8.8035
25.5 -8.80492
25.53 -8.80635
25.56 -8.80779
25.59 -8.80923
25.62 -8.81068
25.65 -8.81214
25.68 -8.8136
25.71 -8.81506
25.74 -8.81653
25.77 -8.818
25.8 -8.81948
25.83 -8.82096
25.86 -8.82244
25.89 -8.82393
25.92 -8.82542
25.95 -8.82691
25.98 -8.82841
26.01 -8.82991
26.04 -8.83141
26.07 -8.83291
26.1 -8.83441
26.13 -8.83592
26.16 -8.83743
26.19 -8.83893
26.22 -8.84044
26.25 -8.84195
26.28 -8.84346
26.31 -8.84497
26.34 -8.84648
26.37 -8.84799
26.4 -8.84949
26.43 -8.851
26.46 -8.8525
26.49 -8.85401
26.52 -8.85551
26.55 -8.85701
26.58 -8.85851
26.61 -8.86001
26.64 -8.8615
26.67 -8.86299
26.7 -8.86448
26.73 -8.86597
26.76 -8.86745
26.79 -8.86893
26.82 -8.8704
26.85 -8.87187
26.88 -8.87334
26.91 -8.8748
26.94 -8.87626
26.97 -8.87772
27 -8.87917
27.03 -8.88062
27.06 -8.88206
27.09 -8.88349
27.12 -8.88493
27.15 -8.88635
27.18 -8.88777
27.21 -8.88919
27.24 -8.8906
27.27 -8.892
27.3 -8.8934
27.33 -8.89479
27.36 -8.89618
27.39 -8.89756
27.42 -8.89893
27.45 -8.9003
27.48 -8.90166
27.51 -8.90302
27.54 -8.90437
27.57 -8.90571
27.6 -8.90704
27.63 -8.90837
27.66 -8.90969
27.69 -8.91101
27.72 -8.91232
27.75 -8.91362
27.78 -8.91491
27.81 -8.9162
27.84 -8.91748
27.87 -8.91875
27.9 -8.92002
27.93 -8.92128
27.96 -8.92253
27.99 -8.92377
28.02 -8.92501
28.05 -8.92624
28.08 -8.92746
28.11 -8.92868
28.14 -8.92989
28.17 -8.93109
28.2 -8.93228
28.23 -8.93347
28.26 -8.93465
28.29 -8.93582
28.32 -8.93698
28.35 -8.93814
28.38 -8.93929
28.41 -8.94043
28.44 -8.94157
28.47 -8.94269
28.5 -8.94381
28.53 -8.94493
28.56 -8.94603
28.59 -8.94713
28.62 -8.94822
28.65 -8.94931
28.68 -8.95038
28.71 -8.95145
28.74 -8.95252
28.77 -8.95357
28.8 -8.95462
28.83 -8.95566
28.86 -8.9567
28.89 -8.95773
28.92 -8.95875
28.95 -8.95976
28.98 -8.96077
29.01 -8.96177
29.04 -8.96276
29.07 -8.96375
29.1 -8.96473
29.13 -8.9657
29.16 -8.96667
29.19 -8.96763
29.22 -8.96858
29.25 -8.96953
29.28 -8.97047
29.31 -8.9714
29.34 -8.97233
29.37 -8.97325
29.4 -8.97416
29.43 -8.97507
29.46 -8.97597
29.49 -8.97687
29.52 -8.97776
29.55 -8.97864
29.58 -8.97952
29.61 -8.98039
29.64 -8.98125
29.67 -8.98211
29.7 -8.98296
29.73 -8.98381
29.76 -8.98465
29.79 -8.98548
29.82 -8.98631
29.85 -8.98714
29.88 -8.98795
29.91 -8.98876
29.94 -8.98957
29.97 -8.99037
30 -8.99117
30.001 -10
