0 -10
0.03 -8.90046
0.06 -8.90033
0.09 -8.9002
0.12 -8.90007
0.15 -8.89994
0.18 -8.89981
0.21 -8.89968
0.24 -8.89954
0.27 -8.89941
0.3 -8.89928
0.33 -8.89915
0.36 -8.89901
0.39 -8.89888
0.42 -8.89875
0.45 -8.89861
0.48 -8.89848
0.51 -8.89834
0.54 -8.89821
0.57 -8.89807
0.6 -8.89793
0.63 -8.8978
0.66 -8.89766
0.69 -8.89752
0.72 -8.89738
0.75 -8.89724
0.78 -8.8971
0.81 -8.89696
0.84 -8.89682
0.87 -8.89668
0.9 -8.89654
0.93 -8.8964
0.96 -8.89625
0.99 -8.89611
1.02 -8.89597
1.05 -8.89582
1.08 -8.89568
1.11 -8.89553
1.14 -8.89539
1.17 -8.89524
1.2 -8.8951
1.23 -8.89495
1.26 -8.8948
1.29 -8.89465
1.32 -8.89451
1.35 -8.89436
1.38 -8.89421
1.41 -8.89406
1.44 -8.89391
1.47 -8.89376
1.5 -8.8936
1.53 -8.89345
1.56 -8.8933
1.59 -8.89315
1.62 -8.89299
1.65 -8.89284
1.68 -8.89268
1.71 -8.89253
1.74 -8.89237
1.77 -8.89221
1.8 -8.89206
1.83 -8.8919
1.86 -8.89174
1.89 -8.89158
1.92 -8.89142
1.95 -8.89126
1.98 -8.8911
2.01 -8.89094
2.04 -8.89078
2.07 -8.89061
2.1 -8.89045
2.13 -8.89029
2.16 -8.89012
2.19 -8.88996
2.22 -8.88979
2.25 -8.88963
2.28 -8.88946
2.31 -8.88929
2.34 -8.88912
2.37 -8.88895
2.4 -8.88878
2.43 -8.88861
2.46 -8.88844
2.49 -8.88827
2.52 -8.8881
2.55 -8.88793
2.58 -8.88775
2.61 -8.88758
2.64 -8.8874
2.67 -8.88723
2.7 -8.88705
2.73 -8.88688
2.76 -8.8867
2.79 -8.88652
2.82 -8.88634
2.85 -8.88616
2.88 -8.88598
2.91 -8.8858
2.94 -8.88562
2.97 -8.88544
3 -8.88525
3.03 -8.88507
3.06 -8.88488
3.09 -8.8847
3.12 -8.88451
3.15 -8.88432
3.18 -8.88414
3.21 -8.88395
3.24 -8.88376
3.27 -8.88357
3.3 -8.88338
3.33 -8.88318
3.36 -8.88299
3.39 -8.8828
3.42 -8.8826
3.45 -8.88241
3.48 -8.88221
3.51 -8.88202
3.54 -8.88182
3.57 -8.88162
3.6 -8.88142
3.63 -8.88122
3.66 -8.88102
3.69 -8.88082
3.72 -8.88062
3.75 -8.88041
3.78 -8.88021
3.81 -8.88
3.84 -8.8798
3.87 -8.87959
3.9 -8.87938
3.93 -8.87917
3.96 -8.87896
3.99 -8.87875
4.02 -8.87854
4.05 -8.87833
4.08 -8.87812
4.11 -8.8779
4.14 -8.87769
4.17 -8.87747
4.2 -8.87725
4.23 -8.87703
4.26 -8.87682
4.29 -8.8766
4.32 -8.87637
4.35 -8.87615
4.38 -8.87593
4.41 -8.8757
4.44 -8.87548
4.47 -8.87525
4.5 -8.87503
4.53 -8.8748
4.56 -8.87457
4.59 -8.87434
4.62 -8.87411
4.65 -8.87387
4.68 -8.87364
4.71 -8.87341
4.74 -8.87317
4.77 -8.87293
4.8 -8.8727
4.83 -8.87246
4.86 -8.87222
4.89 -8.87198
4.92 -8.87173
4.95 -8.87149
4.98 -8.87125
5.01 -8.871
5.04 -8.87075
5.07 -8.87051
5.1 -8.87026
5.13 -8.87001
5.16 -8.86976
5.19 -8.8695
5.22 -8.86925
5.25 -8.86899
5.28 -8.86874
5.31 -8.86848
5.34 -8.86822
5.37 -8.86796
5.4 -8.8677
5.43 -8.86744
5.46 -8.86718
5.49 -8.86691
5.52 -8.86665
5.55 -8.86638
5.58 -8.86611
5.61 -8.86584
5.64 -8.86557
5.67 -8.8653
5.7 -8.86502
5.73 -8.86475
5.76 -8.86447
5.79 -8.8642
5.82 -8.86392
5.85 -8.86364
5.88 -8.86336
5.91 -8.86307
5.94 -8.86279
5.97 -8.86251
6 -8.86222
6.03 -8.86193
6.06 -8.86164
6.09 -8.86135
6.12 -8.86106
6.15 -8.86077
6.18 -8.86047
6.21 -8.86018
6.24 -8.85988
6.27 -8.85958
6.3 -8.85928
6.33 -8.85898
6.36 -8.85867
6.39 -8.85837
6.42 -8.85806
6.45 -8.85776
6.48 -8.85745
6.51 -8.85714
6.54 -8.85683
6.57 -8.85651
6.6 -8.8562
6.63 -8.85588
6.66 -8.85557
6.69 -8.85525
6.72 -8.85493
6.75 -8.85461
6.78 -8.85428
6.81 -8.85396
6.84 -8.85363
6.87 -8.85331
6.9 -8.85298
6.93 -8.85265
6.96 -8.85232
6.99 -8.85198
7.02 -8.85165
7.05 -8.85131
7.08 -8.85097
7.11 -8.85064
7.14 -8.85029
7.17 -8.84995
7.2 -8.84961
7.23 -8.84926
7.26 -8.84892
7.29 -8.84857
7.32 -8.84822
7.35 -8.84787
7.38 -8.84752
7.41 -8.84716
7.44 -8.84681
7.47 -8.84645
7.5 -8.84609
7.53 -8.84573
7.56 -8.84537
7.59 -8.84501
7.62 -8.84464
7.65 -8.84427
7.68 -8.84391
7.71 -8.84354
7.74 -8.84317
7.77 -8.84279
7.8 -8.84242
7.83 -8.84205
7.86 -8.84167
7.89 -8.84129
7.92 -8.84091
7.95 -8.84053
7.98 -8.84015
8.01 -8.83976
8.04 -8.83938
8.07 -8.83899
8.1 -8.8386
8.13 -8.83821
8.16 -8.83782
8.19 -8.83743
8.22 -8.83703
8.25 -8.83663
8.28 -8.83624
8.31 -8.83584
8.34 -8.83544
8.37 -8.83503
8.4 -8.83463
8.43 -8.83423
8.46 -8.83382
8.49 -8.83341
8.52 -8.833
8.55 -8.83259
8.58 -8.83218
8.61 -8.83176
8.64 -8.83135
8.67 -8.83093
8.7 -8.83051
8.73 -8.83009
8.76 -8.82967
8.79 -8.82925
8.82 -8.82882
8.85 -8.8284
8.88 -8.82797
8.91 -8.82754
8.94 -8.82711
8.97 -8.82668
9 -8.82625
9.03 -8.82581
9.06 -8.82538
9.09 -8.82494
9.12 -8.8245
9.15 -8.82406
9.18 -8.82362
9.21 -8.82318
9.24 -8.82274
9.27 -8.82229
9.3 -8.82184
9.33 -8.8214
9.36 -8.82095
9.39 -8.8205
9.42 -8.82004
9.45 -8.81959
9.48 -8.81914
9.51 -8.81868
9.54 -8.81822
9.57 -8.81776
9.6 -8.8173
9.63 -8.81684
9.66 -8.81638
9.69 -8.81592
9.72 -8.81545
9.75 -8.81499
9.78 -8.81452
9.81 -8.81405
9.84 -8.81358
9.87 -8.81311
9.9 -8.81263
9.93 -8.81216
9.96 -8.81168
9.99 -8.81121
10.02 -8.81073
10.05 -8.81025
10.08 -8.80977
10.11 -8.80929
10.14 -8.80881
10.17 -8.80832
10.2 -8.80784
10.23 -8.80735
10.26 -8.80687
10.29 -8.80638
10.32 -8.80589
10.35 -8.8054
10.38 -8.8049
10.41 -8.80441
10.44 -8.80392
10.47 -8.80342
10.5 -8.80293
10.53 -8.80243
10.56 -8.80193
10.59 -8.80143
10.62 -8.80093
10.65 -8.80043
10.68 -8.79992
10.71 -8.79942
10.74 -8.79891
10.77 -8.79841
10.8 -8.7979
10.83 -8.79739
10.86 -8.79688
10.89 -8.79637
10.92 -8.79586
10.95 -8.79535
10.98 -8.79483
11.01 -8.79432
11.04 -8.7938
11.07 -8.79329
11.1 -8.79277
11.13 -8.79225
11.16 -8.79173
11.19 -8.79121
11.22 -8.79069
11.25 -8.79016
11.28 -8.78964
11.31 -8.78912
11.34 -8.78859
11.37 -8.78806
11.4 -8.78754
11.43 -8.78701
11.46 -8.78648
11.49 -8.78595
11.52 -8.78542
11.55 -8.78488
11.58 -8.78435
11.61 -8.78382
11.64 -8.78328
11.67 -8.78275
11.7 -8.78221
11.73 -8.78167
11.76 -8.78113
11.79 -8.78059
11.82 -8.78005
11.85 -8.77951
11.88 -8.77897
11.91 -8.77842
11.94 -8.77788
11.97 -8.77733
12 -8.77679
12.03 -8.77624
12.06 -8.77569
12.09 -8.77515
12.12 -8.7746
12.15 -8.77405
12.18 -8.77349
12.21 -8.77294
12.24 -8.77239
12.27 -8.77184
12.3 -8.77128
12.33 -8.77072
12.36 -8.77017
12.39 -8.76961
12.42 -8.76905
12.45 -8.76849
12.48 -8.76793
12.51 -8.76737
12.54 -8.76681
12.57 -8.76625
12.6 -8.76569
12.63 -8.76512
12.66 -8.76456
12.69 -8.76399
12.72 -8.76343
12.75 -8.76286
12.78 -8.76229
12.81 -8.76172
12.84 -8.76115
12.87 -8.76058
12.9 -8.76001
12.93 -8.75944
12.96 -8.75886
12.99 -8.75829
13.02 -8.75771
13.05 -8.75714
13.08 -8.75656
13.11 -8.75598
13.14 -8.7554
13.17 -8.75482
13.2 -8.75424
13.23 -8.75366
13.26 -8.75308
13.29 -8.7525
13.32 -8.75191
13.35 -8.75133
13.38 -8.75074
13.41 -8.75016
13.44 -8.74957
13.47 -8.74898
13.5 -8.74839
13.53 -8.7478
13.56 -8.74721
13.59 -8.74662
13.62 -8.74603
13.65 -8.74544
13.68 -8.74484
13.71 -8.74425
13.74 -8.74365
13.77 -8.74305
13.8 -8.74246
13.83 -8.74186
13.86 -8.74126
13.89 -8.74066
13.92 -8.74006
13.95 -8.73945
13.98 -8.73885
14.01 -8.73825
14.04 -8.73764
14.07 -8.73703
14.1 -8.73643
14.13 -8.73582
14.16 -8.73521
14.19 -8.7346
14.22 -8.73399
14.25 -8.73338
14.28 -8.73276
14.31 -8.73215
14.34 -8.73154
14.37 -8.73092
14.4 -8.7303
14.43 -8.72969
14.46 -8.72907
14.49 -8.72845
14.52 -8.72783
14.55 -8.7272
14.58 -8.72658
14.61 -8.72596
14.64 -8.72533
14.67 -8.72471
14.7 -8.72408
14.73 -8.72345
14.76 -8.72282
14.79 -8.72219
14.82 -8.72156
14.85 -8.72093
14.88 -8.72029
14.91 -8.71966
14.94 -8.71902
14.97 -8.71839
15 -8.71775
15.03 -8.71711
15.06 -8.71647
15.09 -8.71583
15.12 -8.71519
15.15 -8.71454
15.18 -8.7139
15.21 -8.71325
15.24 -8.71261
15.27 -8.71196
15.3 -8.71131
15.33 -8.71066
15.36 -8.71001
15.39 -8.70935
15.42 -8.7087
15.45 -8.70804
15.48 -8.70739
15.51 -8.70673
15.54 -8.70607
15.57 -8.70541
15.6 -8.70475
15.63 -8.70409
15.66 -8.70343
15.69 -8.70276
15.72 -8.7021
15.75 -8.70143
15.78 -8.70076
15.81 -8.70009
15.84 -8.69942
15.87 -8.69875
15.9 -8.69807
15.93 -8.6974
15.96 -8.69672
15.99 -8.69605
16.02 -8.69537
16.05 -8.69469
16.08 -8.69401
16.11 -8.69332
16.14 -8.69264
16.17 -8.69196
16.2 -8.69127
16.23 -8.69058
16.26 -8.68989
16.29 -8.6892
16.32 -8.68851
16.35 -8.68782
16.38 -8.68713
16.41 -8.68643
16.44 -8.68573
16.47 -8.68504
16.5 -8.68434
16.53 -8.68364
16.56 -8.68293
16.59 -8.68223
16.62 -8.68153
16.65 -8.68082
16.68 -8.68011
16.71 -8.67941
16.74 -8.6787
16.77 -8.67799
16.8 -8.67727
16.83 -8.67656
16.86 -8.67585
16.89 -8.67513
16.92 -8.67441
16.95 -8.67369
16.98 -8.67297
17.01 -8.67225
17.04 -8.67153
17.07 -8.67081
17.1 -8.67008
17.13 -8.66936
17.16 -8.66863
17.19 -8.6679
17.22 -8.66717
17.25 -8.66644
17.28 -8.66571
17.31 -8.66497
17.34 -8.66424
17.37 -8.6635
17.4 -8.66276
17.43 -8.66203
17.46 -8.66129
17.49 -8.66054
17.52 -8.6598
17.55 -8.65906
17.58 -8.65832
17.61 -8.65757
17.64 -8.65682
17.67 -8.65608
17.7 -8.65533
17.73 -8.65458
17.76 -8.65383
17.79 -8.65307
17.82 -8.65232
17.85 -8.65157
17.88 -8.65081
17.91 -8.65006
17.94 -8.6493
17.97 -8.64854
18 -8.64778
18.03 -8.64702
18.06 -8.64626
18.09 -8.6455
18.12 -8.64474
18.15 -8.64397
18.18 -8.64321
18.21 -8.64244
18.24 -8.64168
18.27 -8.64091
18.3 -8.64014
18.33 -8.63938
18.36 -8.63861
18.39 -8.63784
18.42 -8.63707
18.45 -8.6363
18.48 -8.63552
18.51 -8.63475
18.54 -8.63398
18.57 -8.63321
18.6 -8.63243
18.63 -8.63166
18.66 -8.63088
18.69 -8.63011
18.72 -8.62933
18.75 -8.62855
18.78 -8.62778
18.81 -8.627
18.84 -8.62622
18.87 -8.62545
18.9 -8.62467
18.93 -8.62389
18.96 -8.62311
18.99 -8.62234
19.02 -8.62156
19.05 -8.62078
19.08 -8.62
19.11 -8.61922
19.14 -8.61844
19.17 -8.61766
19.2 -8.61689
19.23 -8.61611
19.26 -8.61533
19.29 -8.61455
19.32 -8.61377
19.35 -8.613
19.38 -8.61222
19.41 -8.61144
19.44 -8.61067
19.47 -8.60989
19.5 -8.60912
19.53 -8.60834
19.56 -8.60757
19.59 -8.60679
19.62 -8.60602
19.65 -8.60525
19.68 -8.60447
19.71 -8.6037
19.74 -8.60293
19.77 -8.60216
19.8 -8.60139
19.83 -8.60063
19.86 -8.59986
19.89 -8.59909
19.92 -8.59833
19.95 -8.59757
19.98 -8.5968
20.01 -8.59604
20.04 -8.59528
20.07 -8.59452
20.1 -8.59376
20.13 -8.59301
20.16 -8.59225
20.19 -8.5915
20.22 -8.59075
20.25 -8.58999
20.28 -8.58925
20.31 -8.5885
20.34 -8.58775
20.37 -8.58701
20.4 -8.58626
20.43 -8.58552
20.46 -8.58478
20.49 -8.58405
20.52 -8.58331
20.55 -8.58258
20.58 -8.58185
20.61 -8.58112
20.64 -8.58039
20.67 -8.57966
20.7 -8.57894
20.73 -8.57822
20.76 -8.5775
20.79 -8.57678
20.82 -8.57607
20.85 -8.57535
20.88 -8.57464
20.91 -8.57394
20.94 -8.57323
20.97 -8.57253
21 -8.57183
21.03 -8.57113
21.06 -8.57044
21.09 -8.56975
21.12 -8.56906
21.15 -8.56837
21.18 -8.56768
21.21 -8.567
21.24 -8.56632
21.27 -8.56565
21.3 -8.56498
21.33 -8.56431
21.36 -8.56364
21.39 -8.56298
21.42 -8.56231
21.45 -8.56166
21.48 -8.561
21.51 -8.56035
21.54 -8.5597
21.57 -8.55906
21.6 -8.55841
21.63 -8.55777
21.66 -8.55714
21.69 -8.55651
21.72 -8.55588
21.75 -8.55525
21.78 -8.55463
21.81 -8.55401
21.84 -8.55339
21.87 -8.55278
21.9 -8.55217
21.93 -8.55157
21.96 -8.55096
21.99 -8.55037
22.02 -8.54977
22.05 -8.54918
22.08 -8.54859
22.11 -8.54801
22.14 -8.54743
22.17 -8.54685
22.2 -8.54628
22.23 -8.54571
22.26 -8.54514
22.29 -8.54458
22.32 -8.54402
22.35 -8.54346
22.38 -8.54291
22.41 -8.54237
22.44 -8.54182
22.47 -8.54128
22.5 -8.54075
22.53 -8.54021
22.56 -8.53968
22.59 -8.53916
22.62 -8.53864
22.65 -8.53812
22.68 -8.53761
22.71 -8.5371
22.74 -8.53659
22.77 -8.53609
22.8 -8.53559
22.83 -8.5351
22.86 -8.53461
22.89 -8.53412
22.92 -8.53364
22.95 -8.53316
22.98 -8.53268
23.01 -8.53221
23.04 -8.53174
23.07 -8.53128
23.1 -8.53082
23.13 -8.53036
23.16 -8.52991
23.19 -8.52946
23.22 -8.52902
23.25 -8.52858
23.28 -8.52814
23.31 -8.52771
23.34 -8.52728
23.37 -8.52685
23.4 -8.52643
23.43 -8.52601
23.46 -8.5256
23.49 -8.52519
23.52 -8.52478
23.55 -8.52438
23.58 -8.52398
23.61 -8.52358
23.64 -8.52319
23.67 -8.5228
23.7 -8.52242
23.73 -8.52204
23.76 -8.52166
23.79 -8.52129
23.82 -8.52092
23.85 -8.52055
23.88 -8.52019
23.91 -8.51983
23.94 -8.51947
23.97 -8.51912
24 -8.51877
24.03 -8.51843
24.06 -8.51809
24.09 -8.51775
24.12 -8.51742
24.15 -8.51709
24.18 -8.51676
24.21 -8.51644
24.24 -8.51612
24.27 -8.5158
24.3 -8.51549
24.33 -8.51518
24.36 -8.51487
24.39 -8.51457
24.42 -8.51427
24.45 -8.51397
24.48 -8.51368
24.51 -8.51339
24.54 -8.51311
24.57 -8.51282
24.6 -8.51254
24.63 -8.51227
24.66 -8.51199
24.69 -8.51173
24.72 -8.51146
24.75 -8.5112
24.78 -8.51094
24.81 -8.51068
24.84 -8.51043
24.87 -8.51018
24.9 -8.50993
24.93 -8.50969
24.96 -8.50945
24.99 -8.50921
25.02 -8.50897
25.05 -8.50874
25.08 -8.50851
25.11 -8.50829
25.14 -8.50807
25.17 -8.50785
25.2 -8.50763
25.23 -8.50742
25.26 -8.50721
25.29 -8.507
25.32 -8.5068
25.35 -8.5066
25.38 -8.5064
25.41 -8.50621
25.44 -8.50602
25.47 -8.50583
25.5 -8.50564
25.53 -8.50546
25.56 -8.50528
25.59 -8.50511
25.62 -8.50493
25.65 -8.50476
25.68 -8.5046
25.71 -8.50443
25.74 -8.50427
25.77 -8.50411
25.8 -8.50396
25.83 -8.50381
25.86 -8.50366
25.89 -8.50351
25.92 -8.50337
25.95 -8.50323
25.98 -8.50309
26.01 -8.50296
26.04 -8.50283
26.07 -8.5027
26.1 -8.50258
26.13 -8.50246
26.16 -8.50234
26.19 -8.50222
26.22 -8.50211
26.25 -8.502
26.28 -8.5019
26.31 -8.50179
26.34 -8.5017
26.37 -8.5016
26.4 -8.50151
26.43 -8.50142
26.46 -8.50133
26.49 -8.50125
26.52 -8.50117
26.55 -8.5011
26.58 -8.50102
26.61 -8.50095
26.64 -8.50089
26.67 -8.50083
26.7 -8.50077
26.73 -8.50072
26.76 -8.50066
26.79 -8.50062
26.82 -8.50057
26.85 -8.50053
26.88 -8.5005
26.91 -8.50047
26.94 -8.50044
26.97 -8.50041
27 -8.50039
27.03 -8.50038
27.06 -8.50036
27.09 -8.50036
27.12 -8.50035
27.15 -8.50035
27.18 -8.50036
27.21 -8.50036
27.24 -8.50038
27.27 -8.5004
27.3 -8.50042
27.33 -8.50044
27.36 -8.50047
27.39 -8.50051
27.42 -8.50055
27.45 -8.50059
27.48 -8.50064
27.51 -8.5007
27.54 -8.50076
27.57 -8.50082
27.6 -8.50089
27.63 -8.50097
27.66 -8.50105
27.69 -8.50113
27.72 -8.50122
27.75 -8.50132
27.78 -8.50142
27.81 -8.50153
27.84 -8.50164
27.87 -8.50176
27.9 -8.50188
27.93 -8.50201
27.96 -8.50214
27.99 -8.50228
28.02 -8.50243
28.05 -8.50258
28.08 -8.50274
28.11 -8.50291
28.14 -8.50308
28.17 -8.50326
28.2 -8.50344
28.23 -8.50363
28.26 -8.50383
28.29 -8.50403
28.32 -8.50424
28.35 -8.50445
28.38 -8.50468
28.41 -8.50491
28.44 -8.50514
28.47 -8.50539
28.5 -8.50564
28.53 -8.50589
28.56 -8.50616
28.59 -8.50643
28.62 -8.5067
28.65 -8.50699
28.68 -8.50728
28.71 -8.50758
28.74 -8.50788
28.77 -8.5082
28.8 -8.50852
28.83 -8.50885
28.86 -8.50918
28.89 -8.50952
28.92 -8.50987
28.95 -8.51023
28.98 -8.51059
29.01 -8.51096
29.04 -8.51134
29.07 -8.51173
29.1 -8.51212
29.13 -8.51252
29.16 -8.51293
29.19 -8.51335
29.22 -8.51377
29.25 -8.5142
29.28 -8.51464
29.31 -8.51508
29.34 -8.51553
29.37 -8.51599
29.4 -8.51646
29.43 -8.51693
29.46 -8.51741
29.49 -8.5179
29.52 -8.51839
29.55 -8.51889
29.58 -8.5194
29.61 -8.51991
29.64 -8.52044
29.67 -8.52096
29.7 -8.5215
29.73 -8.52204
29.76 -8.52259
29.79 -8.52314
29.82 -8.52371
29.85 -8.52427
29.88 -8.52485
29.91 -8.52543
29.94 -8.52601
29.97 -8.5266
30 -8.5272
30.001 -10
