0 5
0.03 4.91962
0.06 4.91968
0.09 4.91974
0.12 4.9198
0.15 4.91986
0.18 4.91992
0.21 4.91998
0.24 4.92004
0.27 4.92011
0.3 4.92017
0.33 4.92023
0.36 4.92029
0.39 4.92035
0.42 4.92041
0.45 4.92048
0.48 4.92054
0.51 4.9206
0.54 4.92066
0.57 4.92073
0.6 4.92079
0.63 4.92085
0.66 4.92092
0.69 4.92098
0.72 4.92105
0.75 4.92111
0.78 4.92118
0.81 4.92124
0.84 4.92131
0.87 4.92137
0.9 4.92144
0.93 4.9215
0.96 4.92157
0.99 4.92163
1.02 4.9217
1.05 4.92177
1.08 4.92184
1.11 4.9219
1.14 4.92197
1.17 4.92204
1.2 4.92211
1.23 4.92217
1.26 4.92224
1.29 4.92231
1.32 4.92238
1.35 4.92245
1.38 4.92252
1.41 4.92259
1.44 4.92266
1.47 4.92273
1.5 4.9228
1.53 4.92287
1.56 4.92294
1.59 4.92301
1.62 4.92308
1.65 4.92316
1.68 4.92323
1.71 4.9233
1.74 4.92337
1.77 4.92344
1.8 4.92352
1.83 4.92359
1.86 4.92366
1.89 4.92374
1.92 4.92381
1.95 4.92389
1.98 4.92396
2.01 4.92404
2.04 4.92411
2.07 4.92419
2.1 4.92426
2.13 4.92434
2.16 4.92441
2.19 4.92449
2.22 4.92457
2.25 4.92464
2.28 4.92472
2.31 4.9248
2.34 4.92488
2.37 4.92495
2.4 4.92503
2.43 4.92511
2.46 4.92519
2.49 4.92527
2.52 4.92535
2.55 4.92543
2.58 4.92551
2.61 4.92559
2.64 4.92567
2.67 4.92575
2.7 4.92583
2.73 4.92591
2.76 4.92599
2.79 4.92608
2.82 4.92616
2.85 4.92624
2.88 4.92632
2.91 4.92641
2.94 4.92649
2.97 4.92657
3 4.92666
3.03 4.92674
3.06 4.92683
3.09 4.92691
3.12 4.927
3.15 4.92708
3.18 4.92717
3.21 4.92726
3.24 4.92734
3.27 4.92743
3.3 4.92752
3.33 4.9276
3.36 4.92769
3.39 4.92778
3.42 4.92787
3.45 4.92796
3.48 4.92805
3.51 4.92814
3.54 4.92823
3.57 4.92832
3.6 4.92841
3.63 4.9285
3.66 4.92859
3.69 4.92868
3.72 4.92877
3.75 4.92887
3.78 4.92896
3.81 4.92905
3.84 4.92914
3.87 4.92924
3.9 4.92933
3.93 4.92943
3.96 4.92952
3.99 4.92962
4.02 4.92971
4.05 4.92981
4.08 4.9299
4.11 4.93
4.14 4.9301
4.17 4.9302
4.2 4.93029
4.23 4.93039
4.26 4.93049
4.29 4.93059
4.32 4.93069
4.35 4.93079
4.38 4.93089
4.41 4.93099
4.44 4.93109
4.47 4.93119
4.5 4.93129
4.53 4.9314
4.56 4.9315
4.59 4.9316
4.62 4.93171
4.65 4.93181
4.68 4.93191
4.71 4.93202
4.74 4.93212
4.77 4.93223
4.8 4.93234
4.83 4.93244
4.86 4.93255
4.89 4.93266
4.92 4.93276
4.95 4.93287
4.98 4.93298
5.01 4.93309
5.04 4.9332
5.07 4.93331
5.1 4.93342
5.13 4.93353
5.16 4.93364
5.19 4.93376
5.22 4.93387
5.25 4.93398
5.28 4.9341
5.31 4.93421
5.34 4.93432
5.37 4.93444
5.4 4.93455
5.43 4.93467
5.46 4.93479
5.49 4.9349
5.52 4.93502
5.55 4.93514
5.58 4.93526
5.61 4.93538
5.64 4.9355
5.67 4.93562
5.7 4.93574
5.73 4.93586
5.76 4.93598
5.79 4.9361
5.82 4.93622
5.85 4.93635
5.88 4.93647
5.91 4.9366
5.94 4.93672
5.97 4.93685
6 4.93697
6.03 4.9371
6.06 4.93723
6.09 4.93735
6.12 4.93748
6.15 4.93761
6.18 4.93774
6.21 4.93787
6.24 4.938
6.27 4.93813
6.3 4.93827
6.33 4.9384
6.36 4.93853
6.39 4.93867
6.42 4.9388
6.45 4.93893
6.48 4.93907
6.51 4.93921
6.54 4.93934
6.57 4.93948
6.6 4.93962
6.63 4.93976
6.66 4.9399
6.69 4.94004
6.72 4.94018
6.75 4.94032
6.78 4.94046
6.81 4.9406
6.84 4.94075
6.87 4.94089
6.9 4.94103
6.93 4.94118
6.96 4.94133
6.99 4.94147
7.02 4.94162
7.05 4.94177
7.08 4.94191
7.11 4.94206
7.14 4.94221
7.17 4.94236
7.2 4.94252
7.23 4.94267
7.26 4.94282
7.29 4.94297
7.32 4.94313
7.35 4.94328
7.38 4.94344
7.41 4.94359
7.44 4.94375
7.47 4.94391
7.5 4.94407
7.53 4.94423
7.56 4.94439
7.59 4.94455
7.62 4.94471
7.65 4.94487
7.68 4.94503
7.71 4.94519
7.74 4.94536
7.77 4.94552
7.8 4.94569
7.83 4.94586
7.86 4.94602
7.89 4.94619
7.92 4.94636
7.95 4.94653
7.98 4.9467
8.01 4.94687
8.04 4.94704
8.07 4.94721
8.1 4.94739
8.13 4.94756
8.16 4.94773
8.19 4.94791
8.22 4.94809
8.25 4.94826
8.28 4.94844
8.31 4.94862
8.34 4.9488
8.37 4.94898
8.4 4.94916
8.43 4.94934
8.46 4.94952
8.49 4.94971
8.52 4.94989
8.55 4.95008
8.58 4.95026
8.61 4.95045
8.64 4.95064
8.67 4.95082
8.7 4.95101
8.73 4.9512
8.76 4.95139
8.79 4.95158
8.82 4.95178
8.85 4.95197
8.88 4.95216
8.91 4.95236
8.94 4.95255
8.97 4.95275
9 4.95295
9.03 4.95314
9.06 4.95334
9.09 4.95354
9.12 4.95374
9.15 4.95394
9.18 4.95414
9.21 4.95435
9.24 4.95455
9.27 4.95476
9.3 4.95496
9.33 4.95517
9.36 4.95537
9.39 4.95558
9.42 4.95579
9.45 4.956
9.48 4.95621
9.51 4.95642
9.54 4.95663
9.57 4.95685
9.6 4.95706
9.63 4.95727
9.66 4.95749
9.69 4.9577
9.72 4.95792
9.75 4.95814
9.78 4.95836
9.81 4.95858
9.84 4.9588
9.87 4.95902
9.9 4.95924
9.93 4.95947
9.96 4.95969
9.99 4.95991
10.02 4.96014
10.05 4.96037
10.08 4.96059
10.11 4.96082
10.14 4.96105
10.17 4.96128
10.2 4.96151
10.23 4.96174
10.26 4.96198
10.29 4.96221
10.32 4.96244
10.35 4.96268
10.38 4.96291
10.41 4.96315
10.44 4.96339
10.47 4.96363
10.5 4.96387
10.53 4.96411
10.56 4.96435
10.59 4.96459
10.62 4.96483
10.65 4.96508
10.68 4.96532
10.71 4.96557
10.74 4.96582
10.77 4.96606
10.8 4.96631
10.83 4.96656
10.86 4.96681
10.89 4.96706
10.92 4.96731
10.95 4.96757
10.98 4.96782
11.01 4.96808
11.04 4.96833
11.07 4.96859
11.1 4.96885
11.13 4.9691
11.16 4.96936
11.19 4.96962
11.22 4.96989
11.25 4.97015
11.28 4.97041
11.31 4.97068
11.34 4.97094
11.37 4.97121
11.4 4.97147
11.43 4.97174
11.46 4.97201
11.49 4.97228
11.52 4.97255
11.55 4.97282
11.58 4.97309
11.61 4.97337
11.64 4.97364
11.67 4.97392
11.7 4.97419
11.73 4.97447
11.76 4.97475
11.79 4.97503
11.82 4.97531
11.85 4.97559
11.88 4.97587
11.91 4.97616
11.94 4.97644
11.97 4.97672
12 4.97701
12.03 4.9773
12.06 4.97759
12.09 4.97788
12.12 4.97817
12.15 4.97846
12.18 4.97875
12.21 4.97904
12.24 4.97934
12.27 4.97963
12.3 4.97993
12.33 4.98023
12.36 4.98053
12.39 4.98082
12.42 4.98113
12.45 4.98143
12.48 4.98173
12.51 4.98203
12.54 4.98234
12.57 4.98265
12.6 4.98295
12.63 4.98326
12.66 4.98357
12.69 4.98388
12.72 4.98419
12.75 4.9845
12.78 4.98482
12.81 4.98513
12.84 4.98545
12.87 4.98577
12.9 4.98609
12.93 4.98641
12.96 4.98673
12.99 4.98705
13.02 4.98737
13.05 4.9877
13.08 4.98802
13.11 4.98835
13.14 4.98868
13.17 4.989
13.2 4.98934
13.23 4.98967
13.26 4.99
13.29 4.99033
13.32 4.99067
13.35 4.99101
13.38 4.99134
13.41 4.99168
13.44 4.99202
13.47 4.99237
13.5 4.99271
13.53 4.99305
13.56 4.9934
13.59 4.99375
13.62 4.9941
13.65 4.99445
13.68 4.9948
13.71 4.99515
13.74 4.9955
13.77 4.99586
13.8 4.99622
13.83 4.99657
13.86 4.99693
13.89 4.9973
13.92 4.99766
13.95 4.99802
13.98 4.99839
14.01 4.99876
14.04 4.99912
14.07 4.99949
14.1 4.99987
14.13 5.00024
14.16 5.00061
14.19 5.00099
14.22 5.00137
14.25 5.00175
14.28 5.00213
14.31 5.00251
14.34 5.0029
14.37 5.00328
14.4 5.00367
14.43 5.00406
14.46 5.00445
14.49 5.00484
14.52 5.00524
14.55 5.00563
14.58 5.00603
14.61 5.00643
14.64 5.00683
14.67 5.00724
14.7 5.00764
14.73 5.00805
14.76 5.00846
14.79 5.00887
14.82 5.00928
14.85 5.0097
14.88 5.01011
14.91 5.01053
14.94 5.01095
14.97 5.01137
15 5.0118
15.03 5.01223
15.06 5.01265
15.09 5.01308
15.12 5.01352
15.15 5.01395
15.18 5.01439
15.21 5.01483
15.24 5.01527
15.27 5.01571
15.3 5.01616
15.33 5.0166
15.36 5.01705
15.39 5.0175
15.42 5.01796
15.45 5.01841
15.48 5.01887
15.51 5.01933
15.54 5.0198
15.57 5.02026
15.6 5.02073
15.63 5.0212
15.66 5.02167
15.69 5.02215
15.72 5.02263
15.75 5.02311
15.78 5.02359
15.81 5.02407
15.84 5.02456
15.87 5.02505
15.9 5.02554
15.93 5.02604
15.96 5.02654
15.99 5.02704
16.02 5.02754
16.05 5.02805
16.08 5.02856
16.11 5.02907
16.14 5.02958
16.17 5.0301
16.2 5.03062
16.23 5.03114
16.26 5.03167
16.29 5.0322
16.32 5.03273
16.35 5.03327
16.38 5.0338
16.41 5.03434
16.44 5.03489
16.47 5.03543
16.5 5.03598
16.53 5.03654
16.56 5.03709
16.59 5.03765
16.62 5.03822
16.65 5.03878
16.68 5.03935
16.71 5.03992
16.74 5.0405
16.77 5.04108
16.8 5.04166
16.83 5.04225
16.86 5.04283
16.89 5.04343
16.92 5.04402
16.95 5.04462
16.98 5.04523
17.01 5.04583
17.04 5.04644
17.07 5.04706
17.1 5.04767
17.13 5.0483
17.16 5.04892
17.19 5.04955
17.22 5.05018
17.25 5.05082
17.28 5.05146
17.31 5.0521
17.34 5.05275
17.37 5.0534
17.4 5.05406
17.43 5.05472
17.46 5.05538
17.49 5.05605
17.52 5.05672
17.55 5.0574
17.58 5.05808
17.61 5.05876
17.64 5.05945
17.67 5.06014
17.7 5.06084
17.73 5.06154
17.76 5.06225
17.79 5.06296
17.82 5.06367
17.85 5.06439
17.88 5.06512
17.91 5.06584
17.94 5.06658
17.97 5.06731
18 5.06805
18.03 5.0688
18.06 5.06955
18.09 5.0703
18.12 5.07106
18.15 5.07183
18.18 5.0726
18.21 5.07337
18.24 5.07415
18.27 5.07493
18.3 5.07572
18.33 5.07652
18.36 5.07731
18.39 5.07812
18.42 5.07892
18.45 5.07974
18.48 5.08056
18.51 5.08138
18.54 5.08221
18.57 5.08304
18.6 5.08388
18.63 5.08472
18.66 5.08557
18.69 5.08642
18.72 5.08728
18.75 5.08815
18.78 5.08902
18.81 5.08989
18.84 5.09077
18.87 5.09166
18.9 5.09255
18.93 5.09344
18.96 5.09434
18.99 5.09525
19.02 5.09616
19.05 5.09708
19.08 5.098
19.11 5.09893
19.14 5.09986
19.17 5.1008
19.2 5.10175
19.23 5.1027
19.26 5.10366
19.29 5.10462
19.32 5.10558
19.35 5.10656
19.38 5.10754
19.41 5.10852
19.44 5.10951
19.47 5.1105
19.5 5.11151
19.53 5.11251
19.56 5.11352
19.59 5.11454
19.62 5.11557
19.65 5.1166
19.68 5.11763
19.71 5.11867
19.74 5.11972
19.77 5.12077
19.8 5.12183
19.83 5.12289
19.86 5.12396
19.89 5.12504
19.92 5.12612
19.95 5.1272
19.98 5.1283
20.01 5.12939
20.04 5.1305
20.07 5.13161
20.1 5.13272
20.13 5.13384
20.16 5.13497
20.19 5.1361
20.22 5.13724
20.25 5.13838
20.28 5.13953
20.31 5.14069
20.34 5.14185
20.37 5.14301
20.4 5.14419
20.43 5.14536
20.46 5.14655
20.49 5.14773
20.52 5.14893
20.55 5.15013
20.58 5.15133
20.61 5.15254
20.64 5.15376
20.67 5.15498
20.7 5.15621
20.73 5.15744
20.76 5.15868
20.79 5.15992
20.82 5.16117
20.85 5.16242
20.88 5.16368
20.91 5.16494
20.94 5.16621
20.97 5.16748
21 5.16876
21.03 5.17005
21.06 5.17134
21.09 5.17263
21.12 5.17393
21.15 5.17523
21.18 5.17654
21.21 5.17786
21.24 5.17918
21.27 5.1805
21.3 5.18183
21.33 5.18316
21.36 5.1845
21.39 5.18584
21.42 5.18719
21.45 5.18854
21.48 5.18989
21.51 5.19125
21.54 5.19262
21.57 5.19399
21.6 5.19536
21.63 5.19674
21.66 5.19812
21.69 5.19951
21.72 5.2009
21.75 5.20229
21.78 5.20369
21.81 5.20509
21.84 5.20649
21.87 5.2079
21.9 5.20932
21.93 5.21073
21.96 5.21215
21.99 5.21358
22.02 5.215
22.05 5.21644
22.08 5.21787
22.11 5.21931
22.14 5.22075
22.17 5.22219
22.2 5.22364
22.23 5.22509
22.26 5.22654
22.29 5.228
22.32 5.22946
22.35 5.23092
22.38 5.23239
22.41 5.23386
22.44 5.23533
22.47 5.2368
22.5 5.23828
22.53 5.23975
22.56 5.24123
22.59 5.24272
22.62 5.2442
22.65 5.24569
22.68 5.24718
22.71 5.24867
22.74 5.25017
22.77 5.25167
22.8 5.25316
22.83 5.25466
22.86 5.25617
22.89 5.25767
22.92 5.25918
22.95 5.26068
22.98 5.26219
23.01 5.2637
23.04 5.26522
23.07 5.26673
23.1 5.26825
23.13 5.26976
23.16 5.27128
23.19 5.2728
23.22 5.27432
23.25 5.27584
23.28 5.27737
23.31 5.27889
23.34 5.28042
23.37 5.28194
23.4 5.28347
23.43 5.285
23.46 5.28652
23.49 5.28805
23.52 5.28958
23.55 5.29112
23.58 5.29265
23.61 5.29418
23.64 5.29571
23.67 5.29725
23.7 5.29878
23.73 5.30031
23.76 5.30185
23.79 5.30339
23.82 5.30492
23.85 5.30646
23.88 5.30799
23.91 5.30953
23.94 5.31107
23.97 5.31261
24 5.31414
24.03 5.31568
24.06 5.31722
24.09 5.31876
24.12 5.3203
24.15 5.32184
24.18 5.32338
24.21 5.32492
24.24 5.32646
24.27 5.328
24.3 5.32954
24.33 5.33108
24.36 5.33262
24.39 5.33416
24.42 5.3357
24.45 5.33724
24.48 5.33878
24.51 5.34032
24.54 5.34186
24.57 5.34341
24.6 5.34495
24.63 5.34649
24.66 5.34804
24.69 5.34958
24.72 5.35112
24.75 5.35267
24.78 5.35421
24.81 5.35576
24.84 5.3573
24.87 5.35885
24.9 5.3604
24.93 5.36194
24.96 5.36349
24.99 5.36504
25.02 5.36659
25.05 5.36814
25.08 5.36969
25.11 5.37125
25.14 5.3728
25.17 5.37436
25.2 5.37591
25.23 5.37747
25.26 5.37903
25.29 5.38059
25.32 5.38215
25.35 5.38372
25.38 5.38528
25.41 5.38685
25.44 5.38842
25.47 5.38999
25.5 5.39156
25.53 5.39314
25.56 5.39471
25.59 5.39629
25.62 5.39788
25.65 5.39946
25.68 5.40105
25.71 5.40264
25.74 5.40424
25.77 5.40583
25.8 5.40743
25.83 5.40904
25.86 5.41064
25.89 5.41225
25.92 5.41387
25.95 5.41548
25.98 5.41711
26.01 5.41873
26.04 5.42036
26.07 5.422
26.1 5.42364
26.13 5.42528
26.16 5.42693
26.19 5.42858
26.22 5.43024
26.25 5.43191
26.28 5.43358
26.31 5.43525
26.34 5.43693
26.37 5.43862
26.4 5.44031
26.43 5.44201
26.46 5.44371
26.49 5.44543
26.52 5.44714
26.55 5.44887
26.58 5.4506
26.61 5.45234
26.64 5.45409
26.67 5.45584
26.7 5.4576
26.73 5.45937
26.76 5.46115
26.79 5.46293
26.82 5.46472
26.85 5.46652
26.88 5.46833
26.91 5.47015
26.94 5.47198
26.97 5.47381
27 5.47566
27.03 5.47751
27.06 5.47937
27.09 5.48125
27.12 5.48313
27.15 5.48502
27.18 5.48692
27.21 5.48883
27.24 5.49075
27.27 5.49268
27.3 5.49462
27.33 5.49657
27.36 5.49853
27.39 5.5005
27.42 5.50249
27.45 5.50448
27.48 5.50648
27.51 5.50849
27.54 5.51052
27.57 5.51255
27.6 5.5146
27.63 5.51665
27.66 5.51872
27.69 5.52079
27.72 5.52288
27.75 5.52498
27.78 5.52709
27.81 5.52921
27.84 5.53134
27.87 5.53348
27.9 5.53563
27.93 5.53779
27.96 5.53996
27.99 5.54214
28.02 5.54434
28.05 5.54654
28.08 5.54875
28.11 5.55097
28.14 5.5532
28.17 5.55544
28.2 5.55769
28.23 5.55994
28.26 5.56221
28.29 5.56449
28.32 5.56677
28.35 5.56906
28.38 5.57136
28.41 5.57366
28.44 5.57598
28.47 5.5783
28.5 5.58062
28.53 5.58296
28.56 5.5853
28.59 5.58764
28.62 5.58999
28.65 5.59234
28.68 5.5947
28.71 5.59707
28.74 5.59943
28.77 5.6018
28.8 5.60418
28.83 5.60655
28.86 5.60893
28.89 5.61131
28.92 5.61368
28.95 5.61606
28.98 5.61844
29.01 5.62082
29.04 5.6232
29.07 5.62558
29.1 5.62795
29.13 5.63032
29.16 5.63269
29.19 5.63506
29.22 5.63742
29.25 5.63977
29.28 5.64212
29.31 5.64447
29.34 5.64681
29.37 5.64914
29.4 5.65146
29.43 5.65378
29.46 5.65609
29.49 5.65838
29.52 5.66067
29.55 5.66295
29.58 5.66522
29.61 5.66747
29.64 5.66972
29.67 5.67195
29.7 5.67417
29.73 5.67637
29.76 5.67857
29.79 5.68074
29.82 5.6829
29.85 5.68505
29.88 5.68718
29.91 5.6893
29.94 5.6914
29.97 5.69348
30 5.69554
30.001 5
