0 5
0.03 4.9176
0.06 4.91775
0.09 4.9179
0.12 4.91805
0.15 4.9182
0.18 4.91835
0.21 4.9185
0.24 4.91865
0.27 4.91881
0.3 4.91896
0.33 4.91911
0.36 4.91926
0.39 4.91942
0.42 4.91957
0.45 4.91972
0.48 4.91987
0.51 4.92003
0.54 4.92018
0.57 4.92033
0.6 4.92049
0.63 4.92064
0.66 4.9208
0.69 4.92095
0.72 4.92111
0.75 4.92126
0.78 4.92142
0.81 4.92157
0.84 4.92173
0.87 4.92188
0.9 4.92204
0.93 4.92219
0.96 4.92235
0.99 4.92251
1.02 4.92266
1.05 4.92282
1.08 4.92298
1.11 4.92313
1.14 4.92329
1.17 4.92345
1.2 4.92361
1.23 4.92376
1.26 4.92392
1.29 4.92408
1.32 4.92424
1.35 4.9244
1.38 4.92455
1.41 4.92471
1.44 4.92487
1.47 4.92503
1.5 4.92519
1.53 4.92535
1.56 4.92551
1.59 4.92567
1.62 4.92583
1.65 4.92599
1.68 4.92615
1.71 4.92631
1.74 4.92647
1.77 4.92664
1.8 4.9268
1.83 4.92696
1.86 4.92712
1.89 4.92728
1.92 4.92744
1.95 4.92761
1.98 4.92777
2.01 4.92793
2.04 4.92809
2.07 4.92826
2.1 4.92842
2.13 4.92858
2.16 4.92875
2.19 4.92891
2.22 4.92907
2.25 4.92924
2.28 4.9294
2.31 4.92957
2.34 4.92973
2.37 4.9299
2.4 4.93006
2.43 4.93023
2.46 4.93039
2.49 4.93056
2.52 4.93072
2.55 4.93089
2.58 4.93106
2.61 4.93122
2.64 4.93139
2.67 4.93156
2.7 4.93172
2.73 4.93189
2.76 4.93206
2.79 4.93222
2.82 4.93239
2.85 4.93256
2.88 4.93273
2.91 4.9329
2.94 4.93306
2.97 4.93323
3 4.9334
3.03 4.93357
3.06 4.93374
3.09 4.93391
3.12 4.93408
3.15 4.93425
3.18 4.93442
3.21 4.93459
3.24 4.93476
3.27 4.93493
3.3 4.9351
3.33 4.93527
3.36 4.93544
3.39 4.93561
3.42 4.93578
3.45 4.93595
3.48 4.93612
3.51 4.9363
3.54 4.93647
3.57 4.93664
3.6 4.93681
3.63 4.93698
3.66 4.93716
3.69 4.93733
3.72 4.9375
3.75 4.93768
3.78 4.93785
3.81 4.93802
3.84 4.9382
3.87 4.93837
3.9 4.93854
3.93 4.93872
3.96 4.93889
3.99 4.93907
4.02 4.93924
4.05 4.93942
4.08 4.93959
4.11 4.93977
4.14 4.93994
4.17 4.94012
4.2 4.94029
4.23 4.94047
4.26 4.94065
4.29 4.94082
4.32 4.941
4.35 4.94118
4.38 4.94135
4.41 4.94153
4.44 4.94171
4.47 4.94188
4.5 4.94206
4.53 4.94224
4.56 4.94242
4.59 4.94259
4.62 4.94277
4.65 4.94295
4.68 4.94313
4.71 4.94331
4.74 4.94349
4.77 4.94367
4.8 4.94385
4.83 4.94403
4.86 4.94421
4.89 4.94439
4.92 4.94457
4.95 4.94475
4.98 4.94493
5.01 4.94511
5.04 4.94529
5.07 4.94547
5.1 4.94565
5.13 4.94583
5.16 4.94601
5.19 4.94619
5.22 4.94637
5.25 4.94656
5.28 4.94674
5.31 4.94692
5.34 4.9471
5.37 4.94729
5.4 4.94747
5.43 4.94765
5.46 4.94783
5.49 4.94802
5.52 4.9482
5.55 4.94838
5.58 4.94857
5.61 4.94875
5.64 4.94894
5.67 4.94912
5.7 4.94931
5.73 4.94949
5.76 4.94967
5.79 4.94986
5.82 4.95005
5.85 4.95023
5.88 4.95042
5.91 4.9506
5.94 4.95079
5.97 4.95097
6 4.95116
6.03 4.95135
6.06 4.95153
6.09 4.95172
6.12 4.95191
6.15 4.95209
6.18 4.95228
6.21 4.95247
6.24 4.95266
6.27 4.95284
6.3 4.95303
6.33 4.95322
6.36 4.95341
6.39 4.9536
6.42 4.95378
6.45 4.95397
6.48 4.95416
6.51 4.95435
6.54 4.95454
6.57 4.95473
6.6 4.95492
6.63 4.95511
6.66 4.9553
6.69 4.95549
6.72 4.95568
6.75 4.95587
6.78 4.95606
6.81 4.95625
6.84 4.95644
6.87 4.95664
6.9 4.95683
6.93 4.95702
6.96 4.95721
6.99 4.9574
7.02 4.95759
7.05 4.95779
7.08 4.95798
7.11 4.95817
7.14 4.95836
7.17 4.95856
7.2 4.95875
7.23 4.95894
7.26 4.95914
7.29 4.95933
7.32 4.95953
7.35 4.95972
7.38 4.95991
7.41 4.96011
7.44 4.9603
7.47 4.9605
7.5 4.96069
7.53 4.96089
7.56 4.96108
7.59 4.96128
7.62 4.96147
7.65 4.96167
7.68 4.96187
7.71 4.96206
7.74 4.96226
7.77 4.96245
7.8 4.96265
7.83 4.96285
7.86 4.96305
7.89 4.96324
7.92 4.96344
7.95 4.96364
7.98 4.96384
8.01 4.96403
8.04 4.96423
8.07 4.96443
8.1 4.96463
8.13 4.96483
8.16 4.96503
8.19 4.96523
8.22 4.96542
8.25 4.96562
8.28 4.96582
8.31 4.96602
8.34 4.96622
8.37 4.96642
8.4 4.96662
8.43 4.96682
8.46 4.96703
8.49 4.96723
8.52 4.96743
8.55 4.96763
8.58 4.96783
8.61 4.96803
8.64 4.96823
8.67 4.96844
8.7 4.96864
8.73 4.96884
8.76 4.96904
8.79 4.96925
8.82 4.96945
8.85 4.96965
8.88 4.96986
8.91 4.97006
8.94 4.97026
8.97 4.97047
9 4.97067
9.03 4.97088
9.06 4.97108
9.09 4.97128
9.12 4.97149
9.15 4.97169
9.18 4.9719
9.21 4.97211
9.24 4.97231
9.27 4.97252
9.3 4.97272
9.33 4.97293
9.36 4.97314
9.39 4.97334
9.42 4.97355
9.45 4.97376
9.48 4.97396
9.51 4.97417
9.54 4.97438
9.57 4.97459
9.6 4.9748
9.63 4.975
9.66 4.97521
9.69 4.97542
9.72 4.97563
9.75 4.97584
9.78 4.97605
9.81 4.97626
9.84 4.97647
9.87 4.97668
9.9 4.97689
9.93 4.9771
9.96 4.97731
9.99 4.97752
10.02 4.97773
10.05 4.97794
10.08 4.97815
10.11 4.97837
10.14 4.97858
10.17 4.97879
10.2 4.979
10.23 4.97921
10.26 4.97943
10.29 4.97964
10.32 4.97985
10.35 4.98007
10.38 4.98028
10.41 4.98049
10.44 4.98071
10.47 4.98092
10.5 4.98114
10.53 4.98135
10.56 4.98157
10.59 4.98178
10.62 4.982
10.65 4.98221
10.68 4.98243
10.71 4.98265
10.74 4.98286
10.77 4.98308
10.8 4.9833
10.83 4.98351
10.86 4.98373
10.89 4.98395
10.92 4.98417
10.95 4.98438
10.98 4.9846
11.01 4.98482
11.04 4.98504
11.07 4.98526
11.1 4.98548
11.13 4.9857
11.16 4.98592
11.19 4.98614
11.22 4.98636
11.25 4.98658
11.28 4.9868
11.31 4.98702
11.34 4.98724
11.37 4.98746
11.4 4.98768
11.43 4.98791
11.46 4.98813
11.49 4.98835
11.52 4.98857
11.55 4.9888
11.58 4.98902
11.61 4.98924
11.64 4.98947
11.67 4.98969
11.7 4.98992
11.73 4.99014
11.76 4.99037
11.79 4.99059
11.82 4.99082
11.85 4.99104
11.88 4.99127
11.91 4.99149
11.94 4.99172
11.97 4.99195
12 4.99218
12.03 4.9924
12.06 4.99263
12.09 4.99286
12.12 4.99309
12.15 4.99332
12.18 4.99355
12.21 4.99377
12.24 4.994
12.27 4.99423
12.3 4.99446
12.33 4.99469
12.36 4.99492
12.39 4.99516
12.42 4.99539
12.45 4.99562
12.48 4.99585
12.51 4.99608
12.54 4.99632
12.57 4.99655
12.6 4.99678
12.63 4.99702
12.66 4.99725
12.69 4.99748
12.72 4.99772
12.75 4.99795
12.78 4.99819
12.81 4.99842
12.84 4.99866
12.87 4.9989
12.9 4.99913
12.93 4.99937
12.96 4.99961
12.99 4.99984
13.02 5.00008
13.05 5.00032
13.08 5.00056
13.11 5.0008
13.14 5.00104
13.17 5.00128
13.2 5.00152
13.23 5.00176
13.26 5.002
13.29 5.00224
13.32 5.00248
13.35 5.00272
13.38 5.00296
13.41 5.00321
13.44 5.00345
13.47 5.00369
13.5 5.00394
13.53 5.00418
13.56 5.00443
13.59 5.00467
13.62 5.00492
13.65 5.00516
13.68 5.00541
13.71 5.00565
13.74 5.0059
13.77 5.00615
13.8 5.0064
13.83 5.00664
13.86 5.00689
13.89 5.00714
13.92 5.00739
13.95 5.00764
13.98 5.00789
14.01 5.00814
14.04 5.00839
14.07 5.00864
14.1 5.00889
14.13 5.00915
14.16 5.0094
14.19 5.00965
14.22 5.00991
14.25 5.01016
14.28 5.01041
14.31 5.01067
14.34 5.01093
14.37 5.01118
14.4 5.01144
14.43 5.01169
14.46 5.01195
14.49 5.01221
14.52 5.01247
14.55 5.01273
14.58 5.01299
14.61 5.01324
14.64 5.01351
14.67 5.01377
14.7 5.01403
14.73 5.01429
14.76 5.01455
14.79 5.01481
14.82 5.01508
14.85 5.01534
14.88 5.0156
14.91 5.01587
14.94 5.01613
14.97 5.0164
15 5.01667
15.03 5.01693
15.06 5.0172
15.09 5.01747
15.12 5.01774
15.15 5.01801
15.18 5.01828
15.21 5.01855
15.24 5.01882
15.27 5.01909
15.3 5.01936
15.33 5.01963
15.36 5.0199
15.39 5.02018
15.42 5.02045
15.45 5.02073
15.48 5.021
15.51 5.02128
15.54 5.02156
15.57 5.02183
15.6 5.02211
15.63 5.02239
15.66 5.02267
15.69 5.02295
15.72 5.02323
15.75 5.02351
15.78 5.02379
15.81 5.02407
15.84 5.02435
15.87 5.02464
15.9 5.02492
15.93 5.02521
15.96 5.02549
15.99 5.02578
16.02 5.02607
16.05 5.02635
16.08 5.02664
16.11 5.02693
16.14 5.02722
16.17 5.02751
16.2 5.0278
16.23 5.02809
16.26 5.02838
16.29 5.02868
16.32 5.02897
16.35 5.02927
16.38 5.02956
16.41 5.02986
16.44 5.03015
16.47 5.03045
16.5 5.03075
16.53 5.03105
16.56 5.03135
16.59 5.03165
16.62 5.03195
16.65 5.03225
16.68 5.03256
16.71 5.03286
16.74 5.03316
16.77 5.03347
16.8 5.03378
16.83 5.03408
16.86 5.03439
16.89 5.0347
16.92 5.03501
16.95 5.03532
16.98 5.03563
17.01 5.03594
17.04 5.03626
17.07 5.03657
17.1 5.03689
17.13 5.0372
17.16 5.03752
17.19 5.03784
17.22 5.03815
17.25 5.03847
17.28 5.03879
17.31 5.03912
17.34 5.03944
17.37 5.03976
17.4 5.04008
17.43 5.04041
17.46 5.04074
17.49 5.04106
17.52 5.04139
17.55 5.04172
17.58 5.04205
17.61 5.04238
17.64 5.04271
17.67 5.04304
17.7 5.04338
17.73 5.04371
17.76 5.04405
17.79 5.04439
17.82 5.04473
17.85 5.04506
17.88 5.0454
17.91 5.04575
17.94 5.04609
17.97 5.04643
18 5.04678
18.03 5.04712
18.06 5.04747
18.09 5.04782
18.12 5.04817
18.15 5.04852
18.18 5.04887
18.21 5.04922
18.24 5.04958
18.27 5.04993
18.3 5.05029
18.33 5.05064
18.36 5.051
18.39 5.05136
18.42 5.05172
18.45 5.05209
18.48 5.05245
18.51 5.05282
18.54 5.05318
18.57 5.05355
18.6 5.05392
18.63 5.05429
18.66 5.05466
18.69 5.05503
18.72 5.05541
18.75 5.05578
18.78 5.05616
18.81 5.05654
18.84 5.05692
18.87 5.0573
18.9 5.05768
18.93 5.05807
18.96 5.05845
18.99 5.05884
19.02 5.05923
19.05 5.05961
19.08 5.06001
19.11 5.0604
19.14 5.06079
19.17 5.06119
19.2 5.06159
19.23 5.06198
19.26 5.06238
19.29 5.06279
19.32 5.06319
19.35 5.06359
19.38 5.064
19.41 5.06441
19.44 5.06482
19.47 5.06523
19.5 5.06564
19.53 5.06606
19.56 5.06647
19.59 5.06689
19.62 5.06731
19.65 5.06773
19.68 5.06816
19.71 5.06858
19.74 5.06901
19.77 5.06944
19.8 5.06987
19.83 5.0703
19.86 5.07073
19.89 5.07117
19.92 5.07161
19.95 5.07205
19.98 5.07249
20.01 5.07293
20.04 5.07337
20.07 5.07382
20.1 5.07427
20.13 5.07472
20.16 5.07517
20.19 5.07563
20.22 5.07609
20.25 5.07655
20.28 5.07701
20.31 5.07747
20.34 5.07793
20.37 5.0784
20.4 5.07887
20.43 5.07934
20.46 5.07982
20.49 5.08029
20.52 5.08077
20.55 5.08125
20.58 5.08173
20.61 5.08222
20.64 5.0827
20.67 5.08319
20.7 5.08368
20.73 5.08418
20.76 5.08467
20.79 5.08517
20.82 5.08567
20.85 5.08618
20.88 5.08668
20.91 5.08719
20.94 5.0877
20.97 5.08821
21 5.08873
21.03 5.08925
21.06 5.08977
21.09 5.09029
21.12 5.09082
21.15 5.09135
21.18 5.09188
21.21 5.09241
21.24 5.09295
21.27 5.09349
21.3 5.09403
21.33 5.09457
21.36 5.09512
21.39 5.09567
21.42 5.09622
21.45 5.09678
21.48 5.09734
21.51 5.0979
21.54 5.09846
21.57 5.09903
21.6 5.0996
21.63 5.10018
21.66 5.10075
21.69 5.10133
21.72 5.10192
21.75 5.1025
21.78 5.10309
21.81 5.10368
21.84 5.10428
21.87 5.10488
21.9 5.10548
21.93 5.10609
21.96 5.1067
21.99 5.10731
22.02 5.10792
22.05 5.10854
22.08 5.10917
22.11 5.10979
22.14 5.11042
22.17 5.11105
22.2 5.11169
22.23 5.11233
22.26 5.11298
22.29 5.11362
22.32 5.11428
22.35 5.11493
22.38 5.11559
22.41 5.11625
22.44 5.11692
22.47 5.11759
22.5 5.11827
22.53 5.11895
22.56 5.11963
22.59 5.12032
22.62 5.12101
22.65 5.1217
22.68 5.1224
22.71 5.12311
22.74 5.12382
22.77 5.12453
22.8 5.12525
22.83 5.12597
22.86 5.12669
22.89 5.12742
22.92 5.12816
22.95 5.1289
22.98 5.12964
23.01 5.13039
23.04 5.13115
23.07 5.13191
23.1 5.13267
23.13 5.13344
23.16 5.13421
23.19 5.13499
23.22 5.13577
23.25 5.13656
23.28 5.13736
23.31 5.13816
23.34 5.13896
23.37 5.13977
23.4 5.14058
23.43 5.14141
23.46 5.14223
23.49 5.14306
23.52 5.1439
23.55 5.14474
23.58 5.14559
23.61 5.14645
23.64 5.14731
23.67 5.14817
23.7 5.14905
23.73 5.14992
23.76 5.15081
23.79 5.1517
23.82 5.1526
23.85 5.1535
23.88 5.15441
23.91 5.15532
23.94 5.15625
23.97 5.15718
24 5.15811
24.03 5.15905
24.06 5.16
24.09 5.16096
24.12 5.16192
24.15 5.16289
24.18 5.16387
24.21 5.16485
24.24 5.16584
24.27 5.16684
24.3 5.16785
24.33 5.16886
24.36 5.16988
24.39 5.17091
24.42 5.17195
24.45 5.17299
24.48 5.17404
24.51 5.1751
24.54 5.17617
24.57 5.17725
24.6 5.17833
24.63 5.17942
24.66 5.18052
24.69 5.18163
24.72 5.18275
24.75 5.18387
24.78 5.18501
24.81 5.18615
24.84 5.1873
24.87 5.18847
24.9 5.18964
24.93 5.19081
24.96 5.192
24.99 5.1932
25.02 5.19441
25.05 5.19562
25.08 5.19685
25.11 5.19808
25.14 5.19933
25.17 5.20058
25.2 5.20185
25.23 5.20312
25.26 5.2044
25.29 5.2057
25.32 5.207
25.35 5.20831
25.38 5.20964
25.41 5.21097
25.44 5.21232
25.47 5.21367
25.5 5.21504
25.53 5.21642
25.56 5.21781
25.59 5.2192
25.62 5.22061
25.65 5.22203
25.68 5.22346
25.71 5.2249
25.74 5.22636
25.77 5.22782
25.8 5.2293
25.83 5.23078
25.86 5.23228
25.89 5.23379
25.92 5.23531
25.95 5.23684
25.98 5.23838
26.01 5.23994
26.04 5.2415
26.07 5.24308
26.1 5.24467
26.13 5.24627
26.16 5.24788
26.19 5.2495
26.22 5.25113
26.25 5.25278
26.28 5.25444
26.31 5.25611
26.34 5.25778
26.37 5.25948
26.4 5.26118
26.43 5.26289
26.46 5.26462
26.49 5.26635
26.52 5.2681
26.55 5.26986
26.58 5.27162
26.61 5.2734
26.64 5.27519
26.67 5.27699
26.7 5.2788
26.73 5.28062
26.76 5.28246
26.79 5.2843
26.82 5.28615
26.85 5.28801
26.88 5.28988
26.91 5.29176
26.94 5.29365
26.97 5.29554
27 5.29745
27.03 5.29936
27.06 5.30129
27.09 5.30322
27.12 5.30515
27.15 5.3071
27.18 5.30905
27.21 5.31101
27.24 5.31298
27.27 5.31495
27.3 5.31693
27.33 5.31891
27.36 5.3209
27.39 5.3229
27.42 5.3249
27.45 5.3269
27.48 5.32891
27.51 5.33092
27.54 5.33293
27.57 5.33495
27.6 5.33696
27.63 5.33898
27.66 5.34101
27.69 5.34303
27.72 5.34505
27.75 5.34707
27.78 5.3491
27.81 5.35112
27.84 5.35314
27.87 5.35516
27.9 5.35718
27.93 5.35919
27.96 5.3612
27.99 5.36321
28.02 5.36522
28.05 5.36722
28.08 5.36921
28.11 5.3712
28.14 5.37319
28.17 5.37517
28.2 5.37714
28.23 5.3791
28.26 5.38106
28.29 5.38301
28.32 5.38496
28.35 5.38689
28.38 5.38881
28.41 5.39073
28.44 5.39264
28.47 5.39453
28.5 5.39642
28.53 5.39829
28.56 5.40016
28.59 5.40201
28.62 5.40385
28.65 5.40568
28.68 5.4075
28.71 5.4093
28.74 5.4111
28.77 5.41288
28.8 5.41465
28.83 5.4164
28.86 5.41814
28.89 5.41987
28.92 5.42158
28.95 5.42328
28.98 5.42497
29.01 5.42664
29.04 5.4283
29.07 5.42995
29.1 5.43158
29.13 5.4332
29.16 5.4348
29.19 5.43639
29.22 5.43796
29.25 5.43952
29.28 5.44107
29.31 5.4426
29.34 5.44412
29.37 5.44563
29.4 5.44712
29.43 5.44859
29.46 5.45006
29.49 5.45151
29.52 5.45294
29.55 5.45437
29.58 5.45578
29.61 5.45717
29.64 5.45856
29.67 5.45993
29.7 5.46128
29.73 5.46263
29.76 5.46396
29.79 5.46528
29.82 5.46659
29.85 5.46788
29.88 5.46916
29.91 5.47044
29.94 5.47169
29.97 5.47294
30 5.47418
30.001 5
