0 0
0.03 0.722282
0.06 0.72325
0.09 0.724219
0.12 0.725187
0.15 0.726157
0.18 0.727127
0.21 0.728097
0.24 0.729068
0.27 0.73004
0.3 0.731012
0.33 0.731985
0.36 0.732958
0.39 0.733932
0.42 0.734906
0.45 0.735881
0.48 0.736856
0.51 0.737832
0.54 0.738809
0.57 0.739785
0.6 0.740763
0.63 0.741741
0.66 0.742719
0.69 0.743698
0.72 0.744678
0.75 0.745658
0.78 0.746639
0.81 0.74762
0.84 0.748601
0.87 0.749583
0.9 0.750566
0.93 0.751549
0.96 0.752533
0.99 0.753517
1.02 0.754502
1.05 0.755487
1.08 0.756473
1.11 0.757459
1.14 0.758445
1.17 0.759433
1.2 0.76042
1.23 0.761408
1.26 0.762397
1.29 0.763386
1.32 0.764376
1.35 0.765366
1.38 0.766356
1.41 0.767348
1.44 0.768339
1.47 0.769331
1.5 0.770324
1.53 0.771317
1.56 0.77231
1.59 0.773304
1.62 0.774299
1.65 0.775293
1.68 0.776289
1.71 0.777285
1.74 0.778281
1.77 0.779278
1.8 0.780275
1.83 0.781273
1.86 0.782271
1.89 0.783269
1.92 0.784269
1.95 0.785268
1.98 0.786268
2.01 0.787269
2.04 0.78827
2.07 0.789271
2.1 0.790273
2.13 0.791275
2.16 0.792278
2.19 0.793281
2.22 0.794285
2.25 0.795289
2.28 0.796293
2.31 0.797298
2.34 0.798303
2.37 0.799309
2.4 0.800316
2.43 0.801322
2.46 0.802329
2.49 0.803337
2.52 0.804345
2.55 0.805353
2.58 0.806362
2.61 0.807372
2.64 0.808381
2.67 0.809391
2.7 0.810402
2.73 0.811413
2.76 0.812424
2.79 0.813436
2.82 0.814448
2.85 0.815461
2.88 0.816474
2.91 0.817488
2.94 0.818502
2.97 0.819516
3 0.820531
3.03 0.821546
3.06 0.822561
3.09 0.823577
3.12 0.824594
3.15 0.825611
3.18 0.826628
3.21 0.827645
3.24 0.828663
3.27 0.829682
3.3 0.830701
3.33 0.83172
3.36 0.832739
3.39 0.833759
3.42 0.83478
3.45 0.835801
3.48 0.836822
3.51 0.837843
3.54 0.838865
3.57 0.839888
3.6 0.84091
3.63 0.841933
3.66 0.842957
3.69 0.843981
3.72 0.845005
3.75 0.84603
3.78 0.847055
3.81 0.84808
3.84 0.849106
3.87 0.850132
3.9 0.851159
3.93 0.852186
3.96 0.853213
3.99 0.854241
4.02 0.855269
4.05 0.856297
4.08 0.857326
4.11 0.858355
4.14 0.859385
4.17 0.860415
4.2 0.861445
4.23 0.862476
4.26 0.863507
4.29 0.864538
4.32 0.86557
4.35 0.866602
4.38 0.867635
4.41 0.868667
4.44 0.869701
4.47 0.870734
4.5 0.871768
4.53 0.872802
4.56 0.873837
4.59 0.874872
4.62 0.875907
4.65 0.876943
4.68 0.877979
4.71 0.879016
4.74 0.880053
4.77 0.88109
4.8 0.882127
4.83 0.883165
4.86 0.884203
4.89 0.885242
4.92 0.886281
4.95 0.88732
4.98 0.88836
5.01 0.8894
5.04 0.89044
5.07 0.891481
5.1 0.892522
5.13 0.893563
5.16 0.894605
5.19 0.895647
5.22 0.896689
5.25 0.897732
5.28 0.898775
5.31 0.899818
5.34 0.900862
5.37 0.901906
5.4 0.902951
5.43 0.903995
5.46 0.90504
5.49 0.906086
5.52 0.907132
5.55 0.908178
5.58 0.909224
5.61 0.910271
5.64 0.911318
5.67 0.912366
5.7 0.913414
5.73 0.914462
5.76 0.915511
5.79 0.916559
5.82 0.917609
5.85 0.918658
5.88 0.919708
5.91 0.920758
5.94 0.921809
5.97 0.92286
6 0.923911
6.03 0.924963
6.06 0.926015
6.09 0.927067
6.12 0.92812
6.15 0.929172
6.18 0.930226
6.21 0.931279
6.24 0.932333
6.27 0.933388
6.3 0.934442
6.33 0.935497
6.36 0.936553
6.39 0.937608
6.42 0.938664
6.45 0.939721
6.48 0.940777
6.51 0.941834
6.54 0.942892
6.57 0.943949
6.6 0.945007
6.63 0.946066
6.66 0.947124
6.69 0.948183
6.72 0.949243
6.75 0.950303
6.78 0.951363
6.81 0.952423
6.84 0.953484
6.87 0.954545
6.9 0.955606
6.93 0.956668
6.96 0.95773
6.99 0.958793
7.02 0.959856
7.05 0.960919
7.08 0.961982
7.11 0.963046
7.14 0.964111
7.17 0.965175
7.2 0.96624
7.23 0.967305
7.26 0.968371
7.29 0.969437
7.32 0.970503
7.35 0.97157
7.38 0.972637
7.41 0.973705
7.44 0.974772
7.47 0.975841
7.5 0.976909
7.53 0.977978
7.56 0.979047
7.59 0.980117
7.62 0.981187
7.65 0.982257
7.68 0.983328
7.71 0.984399
7.74 0.98547
7.77 0.986542
7.8 0.987614
7.83 0.988687
7.86 0.989759
7.89 0.990833
7.92 0.991906
7.95 0.99298
7.98 0.994055
8.01 0.99513
8.04 0.996205
8.07 0.99728
8.1 0.998356
8.13 0.999433
8.16 1.00051
8.19 1.00159
8.22 1.00266
8.25 1.00374
8.28 1.00482
8.31 1.0059
8.34 1.00698
8.37 1.00806
8.4 1.00914
8.43 1.01022
8.46 1.0113
8.49 1.01238
8.52 1.01346
8.55 1.01454
8.58 1.01562
8.61 1.01671
8.64 1.01779
8.67 1.01887
8.7 1.01996
8.73 1.02104
8.76 1.02213
8.79 1.02321
8.82 1.0243
8.85 1.02538
8.88 1.02647
8.91 1.02756
8.94 1.02865
8.97 1.02973
9 1.03082
9.03 1.03191
9.06 1.033
9.09 1.03409
9.12 1.03518
9.15 1.03627
9.18 1.03736
9.21 1.03845
9.24 1.03954
9.27 1.04064
9.3 1.04173
9.33 1.04282
9.36 1.04392
9.39 1.04501
9.42 1.04611
9.45 1.0472
9.48 1.0483
9.51 1.04939
9.54 1.05049
9.57 1.05159
9.6 1.05268
9.63 1.05378
9.66 1.05488
9.69 1.05598
9.72 1.05708
9.75 1.05818
9.78 1.05928
9.81 1.06038
9.84 1.06148
9.87 1.06259
9.9 1.06369
9.93 1.06479
9.96 1.0659
9.99 1.067
10.02 1.06811
10.05 1.06921
10.08 1.07032
10.11 1.07142
10.14 1.07253
10.17 1.07364
10.2 1.07475
10.23 1.07586
10.26 1.07697
10.29 1.07808
10.32 1.07919
10.35 1.0803
10.38 1.08141
10.41 1.08252
10.44 1.08364
10.47 1.08475
10.5 1.08586
10.53 1.08698
10.56 1.0881
10.59 1.08921
10.62 1.09033
10.65 1.09145
10.68 1.09256
10.71 1.09368
10.74 1.0948
10.77 1.09592
10.8 1.09704
10.83 1.09816
10.86 1.09929
10.89 1.10041
10.92 1.10153
10.95 1.10266
10.98 1.10378
11.01 1.10491
11.04 1.10603
11.07 1.10716
11.1 1.10829
11.13 1.10941
11.16 1.11054
11.19 1.11167
11.22 1.1128
11.25 1.11394
11.28 1.11507
11.31 1.1162
11.34 1.11733
11.37 1.11847
11.4 1.1196
11.43 1.12074
11.46 1.12187
11.49 1.12301
11.52 1.12415
11.55 1.12529
11.58 1.12643
11.61 1.12757
11.64 1.12871
11.67 1.12985
11.7 1.131
11.73 1.13214
11.76 1.13328
11.79 1.13443
11.82 1.13558
11.85 1.13672
11.88 1.13787
11.91 1.13902
11.94 1.14017
11.97 1.14132
12 1.14247
12.03 1.14362
12.06 1.14478
12.09 1.14593
12.12 1.14709
12.15 1.14824
12.18 1.1494
12.21 1.15056
12.24 1.15172
12.27 1.15288
12.3 1.15404
12.33 1.1552
12.36 1.15636
12.39 1.15753
12.42 1.15869
12.45 1.15986
12.48 1.16103
12.51 1.16219
12.54 1.16336
12.57 1.16453
12.6 1.16571
12.63 1.16688
12.66 1.16805
12.69 1.16923
12.72 1.1704
12.75 1.17158
12.78 1.17276
12.81 1.17393
12.84 1.17511
12.87 1.1763
12.9 1.17748
12.93 1.17866
12.96 1.17985
12.99 1.18103
13.02 1.18222
13.05 1.18341
13.08 1.1846
13.11 1.18579
13.14 1.18698
13.17 1.18817
13.2 1.18937
13.23 1.19056
13.26 1.19176
13.29 1.19296
13.32 1.19416
13.35 1.19536
13.38 1.19656
13.41 1.19776
13.44 1.19897
13.47 1.20017
13.5 1.20138
13.53 1.20259
13.56 1.2038
13.59 1.20501
13.62 1.20622
13.65 1.20744
13.68 1.20865
13.71 1.20987
13.74 1.21109
13.77 1.21231
13.8 1.21353
13.83 1.21475
13.86 1.21598
13.89 1.2172
13.92 1.21843
13.95 1.21966
13.98 1.22089
14.01 1.22212
14.04 1.22336
14.07 1.22459
14.1 1.22583
14.13 1.22707
14.16 1.22831
14.19 1.22955
14.22 1.23079
14.25 1.23204
14.28 1.23328
14.31 1.23453
14.34 1.23578
14.37 1.23703
14.4 1.23829
14.43 1.23954
14.46 1.2408
14.49 1.24206
14.52 1.24332
14.55 1.24458
14.58 1.24584
14.61 1.24711
14.64 1.24838
14.67 1.24965
14.7 1.25092
14.73 1.25219
14.76 1.25347
14.79 1.25475
14.82 1.25602
14.85 1.25731
14.88 1.25859
14.91 1.25987
14.94 1.26116
14.97 1.26245
15 1.26374
15.03 1.26504
15.06 1.26633
15.09 1.26763
15.12 1.26893
15.15 1.27023
15.18 1.27153
15.21 1.27284
15.24 1.27415
15.27 1.27546
15.3 1.27677
15.33 1.27808
15.36 1.2794
15.39 1.28072
15.42 1.28204
15.45 1.28337
15.48 1.28469
15.51 1.28602
15.54 1.28735
15.57 1.28869
15.6 1.29002
15.63 1.29136
15.66 1.2927
15.69 1.29404
15.72 1.29539
15.75 1.29674
15.78 1.29809
15.81 1.29944
15.84 1.30079
15.87 1.30215
15.9 1.30351
15.93 1.30488
15.96 1.30624
15.99 1.30761
16.02 1.30898
16.05 1.31036
16.08 1.31173
16.11 1.31311
16.14 1.3145
16.17 1.31588
16.2 1.31727
16.23 1.31866
16.26 1.32005
16.29 1.32145
16.32 1.32285
16.35 1.32425
16.38 1.32566
16.41 1.32706
16.44 1.32848
16.47 1.32989
16.5 1.33131
16.53 1.33273
16.56 1.33415
16.59 1.33558
16.62 1.33701
16.65 1.33844
16.68 1.33988
16.71 1.34132
16.74 1.34276
16.77 1.34421
16.8 1.34565
16.83 1.34711
16.86 1.34856
16.89 1.35002
16.92 1.35149
16.95 1.35295
16.98 1.35442
17.01 1.35589
17.04 1.35737
17.07 1.35885
17.1 1.36034
17.13 1.36182
17.16 1.36331
17.19 1.36481
17.22 1.36631
17.25 1.36781
17.28 1.36932
17.31 1.37083
17.34 1.37234
17.37 1.37386
17.4 1.37538
17.43 1.37691
17.46 1.37843
17.49 1.37997
17.52 1.38151
17.55 1.38305
17.58 1.38459
17.61 1.38614
17.64 1.3877
17.67 1.38925
17.7 1.39082
17.73 1.39238
17.76 1.39395
17.79 1.39553
17.82 1.39711
17.85 1.39869
17.88 1.40028
17.91 1.40187
17.94 1.40347
17.97 1.40507
18 1.40668
18.03 1.40829
18.06 1.40991
18.09 1.41153
18.12 1.41315
18.15 1.41478
18.18 1.41642
18.21 1.41805
18.24 1.4197
18.27 1.42135
18.3 1.423
18.33 1.42466
18.36 1.42633
18.39 1.428
18.42 1.42967
18.45 1.43135
18.48 1.43303
18.51 1.43472
18.54 1.43642
18.57 1.43812
18.6 1.43983
18.63 1.44154
18.66 1.44326
18.69 1.44498
18.72 1.44671
18.75 1.44844
18.78 1.45018
18.81 1.45193
18.84 1.45368
18.87 1.45543
18.9 1.4572
18.93 1.45896
18.96 1.46074
18.99 1.46252
19.02 1.46431
19.05 1.4661
19.08 1.4679
19.11 1.4697
19.14 1.47151
19.17 1.47333
19.2 1.47515
19.23 1.47698
19.26 1.47882
19.29 1.48066
19.32 1.48251
19.35 1.48437
19.38 1.48623
19.41 1.4881
19.44 1.48998
19.47 1.49186
19.5 1.49375
19.53 1.49565
19.56 1.49756
19.59 1.49947
19.62 1.50139
19.65 1.50331
19.68 1.50524
19.71 1.50718
19.74 1.50913
19.77 1.51109
19.8 1.51305
19.83 1.51502
19.86 1.517
19.89 1.51898
19.92 1.52098
19.95 1.52298
19.98 1.52499
20.01 1.52701
20.04 1.52903
20.07 1.53106
20.1 1.53311
20.13 1.53516
20.16 1.53721
20.19 1.53928
20.22 1.54136
20.25 1.54344
20.28 1.54553
20.31 1.54763
20.34 1.54974
20.37 1.55186
20.4 1.55399
20.43 1.55613
20.46 1.55827
20.49 1.56043
20.52 1.56259
20.55 1.56476
20.58 1.56695
20.61 1.56914
20.64 1.57134
20.67 1.57355
20.7 1.57577
20.73 1.57801
20.76 1.58025
20.79 1.5825
20.82 1.58476
20.85 1.58703
20.88 1.58931
20.91 1.59161
20.94 1.59391
20.97 1.59622
21 1.59855
21.03 1.60088
21.06 1.60323
21.09 1.60559
21.12 1.60795
21.15 1.61033
21.18 1.61273
21.21 1.61513
21.24 1.61754
21.27 1.61997
21.3 1.6224
21.33 1.62485
21.36 1.62731
21.39 1.62979
21.42 1.63227
21.45 1.63477
21.48 1.63728
21.51 1.6398
21.54 1.64234
21.57 1.64489
21.6 1.64745
21.63 1.65002
21.66 1.65261
21.69 1.65521
21.72 1.65782
21.75 1.66045
21.78 1.66309
21.81 1.66575
21.84 1.66842
21.87 1.6711
21.9 1.6738
21.93 1.67651
21.96 1.67924
21.99 1.68198
22.02 1.68473
22.05 1.68751
22.08 1.69029
22.11 1.69309
22.14 1.69591
22.17 1.69874
22.2 1.70159
22.23 1.70446
22.26 1.70734
22.29 1.71024
22.32 1.71315
22.35 1.71608
22.38 1.71903
22.41 1.72199
22.44 1.72497
22.47 1.72797
22.5 1.73099
22.53 1.73402
22.56 1.73707
22.59 1.74014
22.62 1.74323
22.65 1.74633
22.68 1.74946
22.71 1.7526
22.74 1.75577
22.77 1.75895
22.8 1.76215
22.83 1.76537
22.86 1.76861
22.89 1.77188
22.92 1.77516
22.95 1.77846
22.98 1.78178
23.01 1.78513
23.04 1.78849
23.07 1.79188
23.1 1.79529
23.13 1.79872
23.16 1.80218
23.19 1.80565
23.22 1.80915
23.25 1.81267
23.28 1.81622
23.31 1.81979
23.34 1.82338
23.37 1.827
23.4 1.83064
23.43 1.8343
23.46 1.83799
23.49 1.84171
23.52 1.84545
23.55 1.84922
23.58 1.85301
23.61 1.85683
23.64 1.86068
23.67 1.86455
23.7 1.86845
23.73 1.87238
23.76 1.87634
23.79 1.88032
23.82 1.88434
23.85 1.88838
23.88 1.89245
23.91 1.89655
23.94 1.90069
23.97 1.90485
24 1.90904
24.03 1.91327
24.06 1.91752
24.09 1.92181
24.12 1.92613
24.15 1.93048
24.18 1.93487
24.21 1.93929
24.24 1.94374
24.27 1.94823
24.3 1.95275
24.33 1.95731
24.36 1.9619
24.39 1.96653
24.42 1.9712
24.45 1.9759
24.48 1.98064
24.51 1.98541
24.54 1.99023
24.57 1.99508
24.6 1.99997
24.63 2.00491
24.66 2.00988
24.69 2.01489
24.72 2.01994
24.75 2.02504
24.78 2.03017
24.81 2.03535
24.84 2.04057
24.87 2.04584
24.9 2.05115
24.93 2.0565
24.96 2.0619
24.99 2.06734
25.02 2.07283
25.05 2.07837
25.08 2.08395
25.11 2.08958
25.14 2.09526
25.17 2.10098
25.2 2.10676
25.23 2.11258
25.26 2.11846
25.29 2.12439
25.32 2.13036
25.35 2.13639
25.38 2.14247
25.41 2.14861
25.44 2.15479
25.47 2.16103
25.5 2.16733
25.53 2.17368
25.56 2.18009
25.59 2.18655
25.62 2.19307
25.65 2.19964
25.68 2.20628
25.71 2.21297
25.74 2.21972
25.77 2.22653
25.8 2.2334
25.83 2.24033
25.86 2.24732
25.89 2.25437
25.92 2.26148
25.95 2.26866
25.98 2.2759
26.01 2.2832
26.04 2.29056
26.07 2.29799
26.1 2.30548
26.13 2.31304
26.16 2.32066
26.19 2.32835
26.22 2.33611
26.25 2.34393
26.28 2.35181
26.31 2.35977
26.34 2.36779
26.37 2.37588
26.4 2.38403
26.43 2.39225
26.46 2.40055
26.49 2.4089
26.52 2.41733
26.55 2.42583
26.58 2.43439
26.61 2.44302
26.64 2.45172
26.67 2.46049
26.7 2.46933
26.73 2.47824
26.76 2.48721
26.79 2.49625
26.82 2.50536
26.85 2.51453
26.88 2.52377
26.91 2.53308
26.94 2.54246
26.97 2.5519
27 2.5614
27.03 2.57097
27.06 2.58061
27.09 2.5903
27.12 2.60006
27.15 2.60988
27.18 2.61976
27.21 2.6297
27.24 2.6397
27.27 2.64976
27.3 2.65988
27.33 2.67005
27.36 2.68027
27.39 2.69054
27.42 2.70087
27.45 2.71125
27.48 2.72168
27.51 2.73215
27.54 2.74267
27.57 2.75323
27.6 2.76384
27.63 2.77448
27.66 2.78516
27.69 2.79588
27.72 2.80663
27.75 2.81742
27.78 2.82823
27.81 2.83907
27.84 2.84994
27.87 2.86083
27.9 2.87174
27.93 2.88267
27.96 2.89361
27.99 2.90457
28.02 2.91554
28.05 2.92651
28.08 2.93749
28.11 2.94847
28.14 2.95945
28.17 2.97043
28.2 2.9814
28.23 2.99236
28.26 3.00331
28.29 3.01425
28.32 3.02516
28.35 3.03606
28.38 3.04693
28.41 3.05777
28.44 3.06858
28.47 3.07936
28.5 3.09011
28.53 3.10081
28.56 3.11147
28.59 3.12209
28.62 3.13266
28.65 3.14317
28.68 3.15364
28.71 3.16404
28.74 3.17439
28.77 3.18468
28.8 3.1949
28.83 3.20505
28.86 3.21513
28.89 3.22514
28.92 3.23507
28.95 3.24493
28.98 3.2547
29.01 3.2644
29.04 3.27401
29.07 3.28353
29.1 3.29296
29.13 3.30231
29.16 3.31156
29.19 3.32071
29.22 3.32977
29.25 3.33874
29.28 3.3476
29.31 3.35637
29.34 3.36503
29.37 3.37359
29.4 3.38204
29.43 3.39039
29.46 3.39864
29.49 3.40678
29.52 3.41481
29.55 3.42273
29.58 3.43054
29.61 3.43825
29.64 3.44585
29.67 3.45333
29.7 3.46071
29.73 3.46798
29.76 3.47513
29.79 3.48218
29.82 3.48912
29.85 3.49595
29.88 3.50267
29.91 3.50928
29.94 3.51578
29.97 3.52218
30 3.52847
30.001 0
