0 -10
0.03 -8.77732
0.06 -8.77719
0.09 -8.77707
0.12 -8.77695
0.15 -8.77682
0.18 -8.7767
0.21 -8.77658
0.24 -8.77645
0.27 -8.77633
0.3 -8.77621
0.33 -8.77608
0.36 -8.77596
0.39 -8.77584
0.42 -8.77571
0.45 -8.77559
0.48 -8.77547
0.51 -8.77535
0.54 -8.77522
0.57 -8.7751
0.6 -8.77498
0.63 -8.77486
0.66 -8.77473
0.69 -8.77461
0.72 -8.77449
0.75 -8.77437
0.78 -8.77425
0.81 -8.77412
0.84 -8.774
0.87 -8.77388
0.9 -8.77376
0.93 -8.77364
0.96 -8.77351
0.99 -8.77339
1.02 -8.77327
1.05 -8.77315
1.08 -8.77303
1.11 -8.77291
1.14 -8.77279
1.17 -8.77267
1.2 -8.77255
1.23 -8.77243
1.26 -8.7723
1.29 -8.77218
1.32 -8.77206
1.35 -8.77194
1.38 -8.77182
1.41 -8.7717
1.44 -8.77158
1.47 -8.77146
1.5 -8.77134
1.53 -8.77122
1.56 -8.7711
1.59 -8.77098
1.62 -8.77086
1.65 -8.77074
1.68 -8.77062
1.71 -8.77051
1.74 -8.77039
1.77 -8.77027
1.8 -8.77015
1.83 -8.77003
1.86 -8.76991
1.89 -8.76979
1.92 -8.76967
1.95 -8.76955
1.98 -8.76944
2.01 -8.76932
2.04 -8.7692
2.07 -8.76908
2.1 -8.76896
2.13 -8.76884
2.16 -8.76873
2.19 -8.76861
2.22 -8.76849
2.25 -8.76837
2.28 -8.76826
2.31 -8.76814
2.34 -8.76802
2.37 -8.7679
2.4 -8.76779
2.43 -8.76767
2.46 -8.76755
2.49 -8.76744
2.52 -8.76732
2.55 -8.7672
2.58 -8.76709
2.61 -8.76697
2.64 -8.76685
2.67 -8.76674
2.7 -8.76662
2.73 -8.76651
2.76 -8.76639
2.79 -8.76627
2.82 -8.76616
2.85 -8.76604
2.88 -8.76593
2.91 -8.76581
2.94 -8.7657
2.97 -8.76558
3 -8.76547
3.03 -8.76535
3.06 -8.76524
3.09 -8.76512
3.12 -8.76501
3.15 -8.76489
3.18 -8.76478
3.21 -8.76466
3.24 -8.76455
3.27 -8.76444
3.3 -8.76432
3.33 -8.76421
3.36 -8.76409
3.39 -8.76398
3.42 -8.76387
3.45 -8.76375
3.48 -8.76364
3.51 -8.76353
3.54 -8.76341
3.57 -8.7633
3.6 -8.76319
3.63 -8.76308
3.66 -8.76296
3.69 -8.76285
3.72 -8.76274
3.75 -8.76263
3.78 -8.76251
3.81 -8.7624
3.84 -8.76229
3.87 -8.76218
3.9 -8.76207
3.93 -8.76195
3.96 -8.76184
3.99 -8.76173
4.02 -8.76162
4.05 -8.76151
4.08 -8.7614
4.11 -8.76129
4.14 -8.76118
4.17 -8.76107
4.2 -8.76095
4.23 -8.76084
4.26 -8.76073
4.29 -8.76062
4.32 -8.76051
4.35 -8.7604
4.38 -8.76029
4.41 -8.76018
4.44 -8.76007
4.47 -8.75996
4.5 -8.75986
4.53 -8.75975
4.56 -8.75964
4.59 -8.75953
4.62 -8.75942
4.65 -8.75931
4.68 -8.7592
4.71 -8.75909
4.74 -8.75898
4.77 -8.75888
4.8 -8.75877
4.83 -8.75866
4.86 -8.75855
4.89 -8.75844
4.92 -8.75834
4.95 -8.75823
4.98 -8.75812
5.01 -8.75801
5.04 -8.75791
5.07 -8.7578
5.1 -8.75769
5.13 -8.75759
5.16 -8.75748
5.19 -8.75737
5.22 -8.75727
5.25 -8.75716
5.28 -8.75705
5.31 -8.75695
5.34 -8.75684
5.37 -8.75674
5.4 -8.75663
5.43 -8.75652
5.46 -8.75642
5.49 -8.75631
5.52 -8.75621
5.55 -8.7561
5.58 -8.756
5.61 -8.75589
5.64 -8.75579
5.67 -8.75568
5.7 -8.75558
5.73 -8.75547
5.76 -8.75537
5.79 -8.75527
5.82 -8.75516
5.85 -8.75506
5.88 -8.75495
5.91 -8.75485
5.94 -8.75475
5.97 -8.75464
6 -8.75454
6.03 -8.75444
6.06 -8.75434
6.09 -8.75423
6.12 -8.75413
6.15 -8.75403
6.18 -8.75392
6.21 -8.75382
6.24 -8.75372
6.27 -8.75362
6.3 -8.75352
6.33 -8.75341
6.36 -8.75331
6.39 -8.75321
6.42 -8.75311
6.45 -8.75301
6.48 -8.75291
6.51 -8.75281
6.54 -8.75271
6.57 -8.7526
6.6 -8.7525
6.63 -8.7524
6.66 -8.7523
6.69 -8.7522
6.72 -8.7521
6.75 -8.752
6.78 -8.7519
6.81 -8.7518
6.84 -8.7517
6.87 -8.7516
6.9 -8.7515
6.93 -8.75141
6.96 -8.75131
6.99 -8.75121
7.02 -8.75111
7.05 -8.75101
7.08 -8.75091
7.11 -8.75081
7.14 -8.75071
7.17 -8.75062
7.2 -8.75052
7.23 -8.75042
7.26 -8.75032
7.29 -8.75022
7.32 -8.75013
7.35 -8.75003
7.38 -8.74993
7.41 -8.74984
7.44 -8.74974
7.47 -8.74964
7.5 -8.74955
7.53 -8.74945
7.56 -8.74935
7.59 -8.74926
7.62 -8.74916
7.65 -8.74906
7.68 -8.74897
7.71 -8.74887
7.74 -8.74878
7.77 -8.74868
7.8 -8.74859
7.83 -8.74849
7.86 -8.74839
7.89 -8.7483
7.92 -8.7482
7.95 -8.74811
7.98 -8.74802
8.01 -8.74792
8.04 -8.74783
8.07 -8.74773
8.1 -8.74764
8.13 -8.74754
8.16 -8.74745
8.19 -8.74736
8.22 -8.74726
8.25 -8.74717
8.28 -8.74708
8.31 -8.74698
8.34 -8.74689
8.37 -8.7468
8.4 -8.7467
8.43 -8.74661
8.46 -8.74652
8.49 -8.74643
8.52 -8.74633
8.55 -8.74624
8.58 -8.74615
8.61 -8.74606
8.64 -8.74597
8.67 -8.74588
8.7 -8.74578
8.73 -8.74569
8.76 -8.7456
8.79 -8.74551
8.82 -8.74542
8.85 -8.74533
8.88 -8.74524
8.91 -8.74515
8.94 -8.74506
8.97 -8.74497
9 -8.74488
9.03 -8.74479
9.06 -8.7447
9.09 -8.74461
9.12 -8.74452
9.15 -8.74443
9.18 -8.74434
9.21 -8.74425
9.24 -8.74416
9.27 -8.74407
9.3 -8.74398
9.33 -8.74389
9.36 -8.74381
9.39 -8.74372
9.42 -8.74363
9.45 -8.74354
9.48 -8.74345
9.51 -8.74336
9.54 -8.74328
9.57 -8.74319
9.6 -8.7431
9.63 -8.74301
9.66 -8.74293
9.69 -8.74284
9.72 -8.74275
9.75 -8.74267
9.78 -8.74258
9.81 -8.74249
9.84 -8.74241
9.87 -8.74232
9.9 -8.74223
9.93 -8.74215
9.96 -8.74206
9.99 -8.74198
10.02 -8.74189
10.05 -8.7418
10.08 -8.74172
10.11 -8.74163
10.14 -8.74155
10.17 -8.74146
10.2 -8.74138
10.23 -8.74129
10.26 -8.74121
10.29 -8.74112
10.32 -8.74104
10.35 -8.74096
10.38 -8.74087
10.41 -8.74079
10.44 -8.7407
10.47 -8.74062
10.5 -8.74054
10.53 -8.74045
10.56 -8.74037
10.59 -8.74029
10.62 -8.7402
10.65 -8.74012
10.68 -8.74004
10.71 -8.73995
10.74 -8.73987
10.77 -8.73979
10.8 -8.73971
10.83 -8.73962
10.86 -8.73954
10.89 -8.73946
10.92 -8.73938
10.95 -8.7393
10.98 -8.73922
11.01 -8.73913
11.04 -8.73905
11.07 -8.73897
11.1 -8.73889
11.13 -8.73881
11.16 -8.73873
11.19 -8.73865
11.22 -8.73857
11.25 -8.73849
11.28 -8.73841
11.31 -8.73833
11.34 -8.73825
11.37 -8.73817
11.4 -8.73809
11.43 -8.73801
11.46 -8.73793
11.49 -8.73785
11.52 -8.73777
11.55 -8.73769
11.58 -8.73761
11.61 -8.73753
11.64 -8.73745
11.67 -8.73737
11.7 -8.73729
11.73 -8.73722
11.76 -8.73714
11.79 -8.73706
11.82 -8.73698
11.85 -8.7369
11.88 -8.73682
11.91 -8.73675
11.94 -8.73667
11.97 -8.73659
12 -8.73651
12.03 -8.73644
12.06 -8.73636
12.09 -8.73628
12.12 -8.73621
12.15 -8.73613
12.18 -8.73605
12.21 -8.73598
12.24 -8.7359
12.27 -8.73582
12.3 -8.73575
12.33 -8.73567
12.36 -8.7356
12.39 -8.73552
12.42 -8.73544
12.45 -8.73537
12.48 -8.73529
12.51 -8.73522
12.54 -8.73514
12.57 -8.73507
12.6 -8.73499
12.63 -8.73492
12.66 -8.73484
12.69 -8.73477
12.72 -8.73469
12.75 -8.73462
12.78 -8.73454
12.81 -8.73447
12.84 -8.7344
12.87 -8.73432
12.9 -8.73425
12.93 -8.73418
12.96 -8.7341
12.99 -8.73403
13.02 -8.73396
13.05 -8.73388
13.08 -8.73381
13.11 -8.73374
13.14 -8.73366
13.17 -8.73359
13.2 -8.73352
13.23 -8.73345
13.26 -8.73337
13.29 -8.7333
13.32 -8.73323
13.35 -8.73316
13.38 -8.73309
13.41 -8.73301
13.44 -8.73294
13.47 -8.73287
13.5 -8.7328
13.53 -8.73273
13.56 -8.73266
13.59 -8.73259
13.62 -8.73252
13.65 -8.73245
13.68 -8.73237
13.71 -8.7323
13.74 -8.73223
13.77 -8.73216
13.8 -8.73209
13.83 -8.73202
13.86 -8.73195
13.89 -8.73188
13.92 -8.73181
13.95 -8.73174
13.98 -8.73168
14.01 -8.73161
14.04 -8.73154
14.07 -8.73147
14.1 -8.7314
14.13 -8.73133
14.16 -8.73126
14.19 -8.73119
14.22 -8.73112
14.25 -8.73106
14.28 -8.73099
14.31 -8.73092
14.34 -8.73085
14.37 -8.73078
14.4 -8.73072
14.43 -8.73065
14.46 -8.73058
14.49 -8.73051
14.52 -8.73045
14.55 -8.73038
14.58 -8.73031
14.61 -8.73025
14.64 -8.73018
14.67 -8.73011
14.7 -8.73005
14.73 -8.72998
14.76 -8.72991
14.79 -8.72985
14.82 -8.72978
14.85 -8.72972
14.88 -8.72965
14.91 -8.72959
14.94 -8.72952
14.97 -8.72945
15 -8.72939
15.03 -8.72932
15.06 -8.72926
15.09 -8.72919
15.12 -8.72913
15.15 -8.72907
15.18 -8.729
15.21 -8.72894
15.24 -8.72887
15.27 -8.72881
15.3 -8.72874
15.33 -8.72868
15.36 -8.72862
15.39 -8.72855
15.42 -8.72849
15.45 -8.72843
15.48 -8.72836
15.51 -8.7283
15.54 -8.72824
15.57 -8.72818
15.6 -8.72811
15.63 -8.72805
15.66 -8.72799
15.69 -8.72793
15.72 -8.72786
15.75 -8.7278
15.78 -8.72774
15.81 -8.72768
15.84 -8.72762
15.87 -8.72756
15.9 -8.72749
15.93 -8.72743
15.96 -8.72737
15.99 -8.72731
16.02 -8.72725
16.05 -8.72719
16.08 -8.72713
16.11 -8.72707
16.14 -8.72701
16.17 -8.72695
16.2 -8.72689
16.23 -8.72683
16.26 -8.72677
16.29 -8.72671
16.32 -8.72665
16.35 -8.72659
16.38 -8.72654
16.41 -8.72648
16.44 -8.72642
16.47 -8.72636
16.5 -8.7263
16.53 -8.72624
16.56 -8.72619
16.59 -8.72613
16.62 -8.72607
16.65 -8.72601
16.68 -8.72596
16.71 -8.7259
16.74 -8.72584
16.77 -8.72579
16.8 -8.72573
16.83 -8.72567
16.86 -8.72562
16.89 -8.72556
16.92 -8.7255
16.95 -8.72545
16.98 -8.72539
17.01 -8.72534
17.04 -8.72528
17.07 -8.72523
17.1 -8.72517
17.13 -8.72512
17.16 -8.72506
17.19 -8.72501
17.22 -8.72496
17.25 -8.7249
17.28 -8.72485
17.31 -8.72479
17.34 -8.72474
17.37 -8.72469
17.4 -8.72463
17.43 -8.72458
17.46 -8.72453
17.49 -8.72448
17.52 -8.72442
17.55 -8.72437
17.58 -8.72432
17.61 -8.72427
17.64 -8.72422
17.67 -8.72417
17.7 -8.72412
17.73 -8.72407
17.76 -8.72402
17.79 -8.72396
17.82 -8.72391
17.85 -8.72386
17.88 -8.72382
17.91 -8.72377
17.94 -8.72372
17.97 -8.72367
18 -8.72362
18.03 -8.72357
18.06 -8.72352
18.09 -8.72347
18.12 -8.72343
18.15 -8.72338
18.18 -8.72333
18.21 -8.72328
18.24 -8.72324
18.27 -8.72319
18.3 -8.72315
18.33 -8.7231
18.36 -8.72305
18.39 -8.72301
18.42 -8.72296
18.45 -8.72292
18.48 -8.72287
18.51 -8.72283
18.54 -8.72279
18.57 -8.72274
18.6 -8.7227
18.63 -8.72265
18.66 -8.72261
18.69 -8.72257
18.72 -8.72253
18.75 -8.72248
18.78 -8.72244
18.81 -8.7224
18.84 -8.72236
18.87 -8.72232
18.9 -8.72228
18.93 -8.72224
18.96 -8.7222
18.99 -8.72216
19.02 -8.72212
19.05 -8.72208
19.08 -8.72204
19.11 -8.72201
19.14 -8.72197
19.17 -8.72193
19.2 -8.72189
19.23 -8.72186
19.26 -8.72182
19.29 -8.72178
19.32 -8.72175
19.35 -8.72171
19.38 -8.72168
19.41 -8.72165
19.44 -8.72161
19.47 -8.72158
19.5 -8.72154
19.53 -8.72151
19.56 -8.72148
19.59 -8.72145
19.62 -8.72142
19.65 -8.72138
19.68 -8.72135
19.71 -8.72132
19.74 -8.72129
19.77 -8.72127
19.8 -8.72124
19.83 -8.72121
19.86 -8.72118
19.89 -8.72115
19.92 -8.72113
19.95 -8.7211
19.98 -8.72107
20.01 -8.72105
20.04 -8.72102
20.07 -8.721
20.1 -8.72098
20.13 -8.72095
20.16 -8.72093
20.19 -8.72091
20.22 -8.72089
20.25 -8.72086
20.28 -8.72084
20.31 -8.72082
20.34 -8.7208
20.37 -8.72079
20.4 -8.72077
20.43 -8.72075
20.46 -8.72073
20.49 -8.72072
20.52 -8.7207
20.55 -8.72069
20.58 -8.72067
20.61 -8.72066
20.64 -8.72064
20.67 -8.72063
20.7 -8.72062
20.73 -8.72061
20.76 -8.7206
20.79 -8.72059
20.82 -8.72058
20.85 -8.72057
20.88 -8.72057
20.91 -8.72056
20.94 -8.72055
20.97 -8.72055
21 -8.72054
21.03 -8.72054
21.06 -8.72054
21.09 -8.72054
21.12 -8.72053
21.15 -8.72053
21.18 -8.72053
21.21 -8.72054
21.24 -8.72054
21.27 -8.72054
21.3 -8.72055
21.33 -8.72055
21.36 -8.72056
21.39 -8.72056
21.42 -8.72057
21.45 -8.72058
21.48 -8.72059
21.51 -8.7206
21.54 -8.72061
21.57 -8.72063
21.6 -8.72064
21.63 -8.72066
21.66 -8.72067
21.69 -8.72069
21.72 -8.72071
21.75 -8.72073
21.78 -8.72075
21.81 -8.72077
21.84 -8.72079
21.87 -8.72082
21.9 -8.72084
21.93 -8.72087
21.96 -8.7209
21.99 -8.72093
22.02 -8.72096
22.05 -8.72099
22.08 -8.72102
22.11 -8.72106
22.14 -8.72109
22.17 -8.72113
22.2 -8.72117
22.23 -8.72121
22.26 -8.72125
22.29 -8.72129
22.32 -8.72134
22.35 -8.72138
22.38 -8.72143
22.41 -8.72148
22.44 -8.72153
22.47 -8.72158
22.5 -8.72164
22.53 -8.72169
22.56 -8.72175
22.59 -8.72181
22.62 -8.72187
22.65 -8.72193
22.68 -8.722
22.71 -8.72206
22.74 -8.72213
22.77 -8.7222
22.8 -8.72227
22.83 -8.72234
22.86 -8.72242
22.89 -8.7225
22.92 -8.72258
22.95 -8.72266
22.98 -8.72274
23.01 -8.72283
23.04 -8.72292
23.07 -8.72301
23.1 -8.7231
23.13 -8.72319
23.16 -8.72329
23.19 -8.72339
23.22 -8.72349
23.25 -8.7236
23.28 -8.7237
23.31 -8.72381
23.34 -8.72392
23.37 -8.72404
23.4 -8.72416
23.43 -8.72427
23.46 -8.7244
23.49 -8.72452
23.52 -8.72465
23.55 -8.72478
23.58 -8.72491
23.61 -8.72505
23.64 -8.72519
23.67 -8.72533
23.7 -8.72548
23.73 -8.72563
23.76 -8.72578
23.79 -8.72593
23.82 -8.72609
23.85 -8.72625
23.88 -8.72642
23.91 -8.72658
23.94 -8.72676
23.97 -8.72693
24 -8.72711
24.03 -8.72729
24.06 -8.72748
24.09 -8.72767
24.12 -8.72786
24.15 -8.72806
24.18 -8.72826
24.21 -8.72847
24.24 -8.72868
24.27 -8.7289
24.3 -8.72911
24.33 -8.72934
24.36 -8.72956
24.39 -8.7298
24.42 -8.73003
24.45 -8.73027
24.48 -8.73052
24.51 -8.73077
24.54 -8.73103
24.57 -8.73129
24.6 -8.73155
24.63 -8.73182
24.66 -8.7321
24.69 -8.73238
24.72 -8.73267
24.75 -8.73296
24.78 -8.73326
24.81 -8.73356
24.84 -8.73387
24.87 -8.73418
24.9 -8.7345
24.93 -8.73483
24.96 -8.73516
24.99 -8.7355
25.02 -8.73585
25.05 -8.7362
25.08 -8.73656
25.11 -8.73692
25.14 -8.7373
25.17 -8.73768
25.2 -8.73806
25.23 -8.73846
25.26 -8.73886
25.29 -8.73926
25.32 -8.73968
25.35 -8.7401
25.38 -8.74053
25.41 -8.74097
25.44 -8.74142
25.47 -8.74187
25.5 -8.74234
25.53 -8.74281
25.56 -8.74329
25.59 -8.74378
25.62 -8.74427
25.65 -8.74478
25.68 -8.7453
25.71 -8.74582
25.74 -8.74636
25.77 -8.7469
25.8 -8.74745
25.83 -8.74802
25.86 -8.74859
25.89 -8.74917
25.92 -8.74977
25.95 -8.75037
25.98 -8.75099
26.01 -8.75161
26.04 -8.75225
26.07 -8.7529
26.1 -8.75355
26.13 -8.75422
26.16 -8.75491
26.19 -8.7556
26.22 -8.7563
26.25 -8.75702
26.28 -8.75775
26.31 -8.75849
26.34 -8.75925
26.37 -8.76001
26.4 -8.76079
26.43 -8.76158
26.46 -8.76239
26.49 -8.76321
26.52 -8.76404
26.55 -8.76489
26.58 -8.76575
26.61 -8.76662
26.64 -8.76751
26.67 -8.76841
26.7 -8.76932
26.73 -8.77025
26.76 -8.7712
26.79 -8.77216
26.82 -8.77313
26.85 -8.77412
26.88 -8.77513
26.91 -8.77615
26.94 -8.77718
26.97 -8.77823
27 -8.7793
27.03 -8.78038
27.06 -8.78147
27.09 -8.78259
27.12 -8.78372
27.15 -8.78486
27.18 -8.78602
27.21 -8.7872
27.24 -8.78839
27.27 -8.7896
27.3 -8.79082
27.33 -8.79206
27.36 -8.79332
27.39 -8.79459
27.42 -8.79588
27.45 -8.79719
27.48 -8.79851
27.51 -8.79984
27.54 -8.8012
27.57 -8.80257
27.6 -8.80395
27.63 -8.80535
27.66 -8.80677
27.69 -8.8082
27.72 -8.80964
27.75 -8.8111
27.78 -8.81258
27.81 -8.81407
27.84 -8.81558
27.87 -8.8171
27.9 -8.81863
27.93 -8.82018
27.96 -8.82174
27.99 -8.82331
28.02 -8.8249
28.05 -8.8265
28.08 -8.82811
28.11 -8.82974
28.14 -8.83138
28.17 -8.83302
28.2 -8.83468
28.23 -8.83635
28.26 -8.83803
28.29 -8.83972
28.32 -8.84142
28.35 -8.84313
28.38 -8.84484
28.41 -8.84657
28.44 -8.8483
28.47 -8.85004
28.5 -8.85178
28.53 -8.85354
28.56 -8.85529
28.59 -8.85706
28.62 -8.85882
28.65 -8.86059
28.68 -8.86237
28.71 -8.86414
28.74 -8.86592
28.77 -8.86771
28.8 -8.86949
28.83 -8.87127
28.86 -8.87306
28.89 -8.87484
28.92 -8.87662
28.95 -8.8784
28.98 -8.88018
29.01 -8.88196
29.04 -8.88373
29.07 -8.8855
29.1 -8.88727
29.13 -8.88903
29.16 -8.89079
29.19 -8.89254
29.22 -8.89429
29.25 -8.89603
29.28 -8.89776
29.31 -8.89949
29.34 -8.9012
29.37 -8.90291
29.4 -8.90461
29.43 -8.90631
29.46 -8.90799
29.49 -8.90966
29.52 -8.91133
29.55 -8.91298
29.58 -8.91462
29.61 -8.91625
29.64 -8.91787
29.67 -8.91948
29.7 -8.92108
29.73 -8.92266
29.76 -8.92423
29.79 -8.92579
29.82 -8.92734
29.85 -8.92887
29.88 -8.93039
29.91 -8.9319
29.94 -8.93339
29.97 -8.93487
30 -8.93634
30.001 -10
