0 5
0.03 5.01757
0.06 5.01786
0.09 5.01815
0.12 5.01844
0.15 5.01873
0.18 5.01902
0.21 5.01932
0.24 5.01961
0.27 5.01991
0.3 5.02021
0.33 5.02051
0.36 5.02081
0.39 5.02111
0.42 5.02141
0.45 5.02172
0.48 5.02203
0.51 5.02233
0.54 5.02264
0.57 5.02295
0.6 5.02326
0.63 5.02357
0.66 5.02389
0.69 5.0242
0.72 5.02452
0.75 5.02484
0.78 5.02515
0.81 5.02547
0.84 5.02579
0.87 5.02612
0.9 5.02644
0.93 5.02677
0.96 5.02709
0.99 5.02742
1.02 5.02775
1.05 5.02808
1.08 5.02841
1.11 5.02874
1.14 5.02907
1.17 5.02941
1.2 5.02974
1.23 5.03008
1.26 5.03042
1.29 5.03076
1.32 5.0311
1.35 5.03144
1.38 5.03179
1.41 5.03213
1.44 5.03248
1.47 5.03282
1.5 5.03317
1.53 5.03352
1.56 5.03387
1.59 5.03422
1.62 5.03458
1.65 5.03493
1.68 5.03529
1.71 5.03564
1.74 5.036
1.77 5.03636
1.8 5.03672
1.83 5.03708
1.86 5.03744
1.89 5.03781
1.92 5.03817
1.95 5.03854
1.98 5.0389
2.01 5.03927
2.04 5.03964
2.07 5.04001
2.1 5.04038
2.13 5.04076
2.16 5.04113
2.19 5.04151
2.22 5.04188
2.25 5.04226
2.28 5.04264
2.31 5.04302
2.34 5.0434
2.37 5.04378
2.4 5.04416
2.43 5.04454
2.46 5.04493
2.49 5.04531
2.52 5.0457
2.55 5.04609
2.58 5.04648
2.61 5.04687
2.64 5.04726
2.67 5.04765
2.7 5.04804
2.73 5.04844
2.76 5.04883
2.79 5.04923
2.82 5.04962
2.85 5.05002
2.88 5.05042
2.91 5.05082
2.94 5.05122
2.97 5.05162
3 5.05202
3.03 5.05243
3.06 5.05283
3.09 5.05324
3.12 5.05364
3.15 5.05405
3.18 5.05446
3.21 5.05487
3.24 5.05528
3.27 5.05569
3.3 5.0561
3.33 5.05651
3.36 5.05692
3.39 5.05734
3.42 5.05775
3.45 5.05817
3.48 5.05858
3.51 5.059
3.54 5.05942
3.57 5.05984
3.6 5.06026
3.63 5.06068
3.66 5.0611
3.69 5.06152
3.72 5.06194
3.75 5.06237
3.78 5.06279
3.81 5.06321
3.84 5.06364
3.87 5.06407
3.9 5.06449
3.93 5.06492
3.96 5.06535
3.99 5.06578
4.02 5.06621
4.05 5.06664
4.08 5.06707
4.11 5.0675
4.14 5.06793
4.17 5.06836
4.2 5.0688
4.23 5.06923
4.26 5.06966
4.29 5.0701
4.32 5.07053
4.35 5.07097
4.38 5.07141
4.41 5.07184
4.44 5.07228
4.47 5.07272
4.5 5.07316
4.53 5.0736
4.56 5.07404
4.59 5.07448
4.62 5.07492
4.65 5.07536
4.68 5.0758
4.71 5.07624
4.74 5.07668
4.77 5.07713
4.8 5.07757
4.83 5.07801
4.86 5.07846
4.89 5.0789
4.92 5.07935
4.95 5.07979
4.98 5.08024
5.01 5.08068
5.04 5.08113
5.07 5.08158
5.1 5.08203
5.13 5.08247
5.16 5.08292
5.19 5.08337
5.22 5.08382
5.25 5.08427
5.28 5.08471
5.31 5.08516
5.34 5.08561
5.37 5.08606
5.4 5.08651
5.43 5.08696
5.46 5.08741
5.49 5.08786
5.52 5.08832
5.55 5.08877
5.58 5.08922
5.61 5.08967
5.64 5.09012
5.67 5.09057
5.7 5.09103
5.73 5.09148
5.76 5.09193
5.79 5.09238
5.82 5.09284
5.85 5.09329
5.88 5.09374
5.91 5.0942
5.94 5.09465
5.97 5.0951
6 5.09556
6.03 5.09601
6.06 5.09646
6.09 5.09692
6.12 5.09737
6.15 5.09783
6.18 5.09828
6.21 5.09874
6.24 5.09919
6.27 5.09964
6.3 5.1001
6.33 5.10055
6.36 5.10101
6.39 5.10146
6.42 5.10192
6.45 5.10237
6.48 5.10283
6.51 5.10328
6.54 5.10373
6.57 5.10419
6.6 5.10464
6.63 5.1051
6.66 5.10555
6.69 5.10601
6.72 5.10646
6.75 5.10692
6.78 5.10737
6.81 5.10782
6.84 5.10828
6.87 5.10873
6.9 5.10919
6.93 5.10964
6.96 5.1101
6.99 5.11055
7.02 5.111
7.05 5.11146
7.08 5.11191
7.11 5.11236
7.14 5.11282
7.17 5.11327
7.2 5.11373
7.23 5.11418
7.26 5.11463
7.29 5.11508
7.32 5.11554
7.35 5.11599
7.38 5.11644
7.41 5.1169
7.44 5.11735
7.47 5.1178
7.5 5.11825
7.53 5.1187
7.56 5.11916
7.59 5.11961
7.62 5.12006
7.65 5.12051
7.68 5.12096
7.71 5.12141
7.74 5.12186
7.77 5.12232
7.8 5.12277
7.83 5.12322
7.86 5.12367
7.89 5.12412
7.92 5.12457
7.95 5.12502
7.98 5.12547
8.01 5.12592
8.04 5.12637
8.07 5.12681
8.1 5.12726
8.13 5.12771
8.16 5.12816
8.19 5.12861
8.22 5.12906
8.25 5.12951
8.28 5.12995
8.31 5.1304
8.34 5.13085
8.37 5.1313
8.4 5.13174
8.43 5.13219
8.46 5.13264
8.49 5.13308
8.52 5.13353
8.55 5.13398
8.58 5.13442
8.61 5.13487
8.64 5.13531
8.67 5.13576
8.7 5.1362
8.73 5.13665
8.76 5.13709
8.79 5.13754
8.82 5.13798
8.85 5.13843
8.88 5.13887
8.91 5.13932
8.94 5.13976
8.97 5.1402
9 5.14065
9.03 5.14109
9.06 5.14153
9.09 5.14198
9.12 5.14242
9.15 5.14286
9.18 5.1433
9.21 5.14375
9.24 5.14419
9.27 5.14463
9.3 5.14507
9.33 5.14551
9.36 5.14595
9.39 5.14639
9.42 5.14684
9.45 5.14728
9.48 5.14772
9.51 5.14816
9.54 5.1486
9.57 5.14904
9.6 5.14948
9.63 5.14992
9.66 5.15036
9.69 5.1508
9.72 5.15124
9.75 5.15168
9.78 5.15212
9.81 5.15256
9.84 5.153
9.87 5.15343
9.9 5.15387
9.93 5.15431
9.96 5.15475
9.99 5.15519
10.02 5.15563
10.05 5.15607
10.08 5.1565
10.11 5.15694
10.14 5.15738
10.17 5.15782
10.2 5.15826
10.23 5.15869
10.26 5.15913
10.29 5.15957
10.32 5.16001
10.35 5.16045
10.38 5.16088
10.41 5.16132
10.44 5.16176
10.47 5.16219
10.5 5.16263
10.53 5.16307
10.56 5.16351
10.59 5.16394
10.62 5.16438
10.65 5.16482
10.68 5.16526
10.71 5.16569
10.74 5.16613
10.77 5.16657
10.8 5.167
10.83 5.16744
10.86 5.16788
10.89 5.16832
10.92 5.16875
10.95 5.16919
10.98 5.16963
11.01 5.17007
11.04 5.1705
11.07 5.17094
11.1 5.17138
11.13 5.17182
11.16 5.17225
11.19 5.17269
11.22 5.17313
11.25 5.17357
11.28 5.174
11.31 5.17444
11.34 5.17488
11.37 5.17532
11.4 5.17576
11.43 5.1762
11.46 5.17664
11.49 5.17707
11.52 5.17751
11.55 5.17795
11.58 5.17839
11.61 5.17883
11.64 5.17927
11.67 5.17971
11.7 5.18015
11.73 5.18059
11.76 5.18103
11.79 5.18147
11.82 5.18191
11.85 5.18235
11.88 5.18279
11.91 5.18324
11.94 5.18368
11.97 5.18412
12 5.18456
12.03 5.185
12.06 5.18545
12.09 5.18589
12.12 5.18633
12.15 5.18678
12.18 5.18722
12.21 5.18766
12.24 5.18811
12.27 5.18855
12.3 5.189
12.33 5.18944
12.36 5.18989
12.39 5.19033
12.42 5.19078
12.45 5.19123
12.48 5.19167
12.51 5.19212
12.54 5.19257
12.57 5.19302
12.6 5.19346
12.63 5.19391
12.66 5.19436
12.69 5.19481
12.72 5.19526
12.75 5.19571
12.78 5.19616
12.81 5.19662
12.84 5.19707
12.87 5.19752
12.9 5.19797
12.93 5.19843
12.96 5.19888
12.99 5.19933
13.02 5.19979
13.05 5.20024
13.08 5.2007
13.11 5.20116
13.14 5.20161
13.17 5.20207
13.2 5.20253
13.23 5.20299
13.26 5.20344
13.29 5.2039
13.32 5.20436
13.35 5.20482
13.38 5.20529
13.41 5.20575
13.44 5.20621
13.47 5.20667
13.5 5.20714
13.53 5.2076
13.56 5.20807
13.59 5.20853
13.62 5.209
13.65 5.20946
13.68 5.20993
13.71 5.2104
13.74 5.21087
13.77 5.21134
13.8 5.21181
13.83 5.21228
13.86 5.21275
13.89 5.21322
13.92 5.2137
13.95 5.21417
13.98 5.21465
14.01 5.21512
14.04 5.2156
14.07 5.21607
14.1 5.21655
14.13 5.21703
14.16 5.21751
14.19 5.21799
14.22 5.21847
14.25 5.21895
14.28 5.21944
14.31 5.21992
14.34 5.2204
14.37 5.22089
14.4 5.22138
14.43 5.22186
14.46 5.22235
14.49 5.22284
14.52 5.22333
14.55 5.22382
14.58 5.22431
14.61 5.2248
14.64 5.2253
14.67 5.22579
14.7 5.22629
14.73 5.22678
14.76 5.22728
14.79 5.22778
14.82 5.22828
14.85 5.22878
14.88 5.22928
14.91 5.22978
14.94 5.23028
14.97 5.23079
15 5.23129
15.03 5.2318
15.06 5.23231
15.09 5.23282
15.12 5.23333
15.15 5.23384
15.18 5.23435
15.21 5.23486
15.24 5.23537
15.27 5.23589
15.3 5.23641
15.33 5.23692
15.36 5.23744
15.39 5.23796
15.42 5.23848
15.45 5.239
15.48 5.23953
15.51 5.24005
15.54 5.24057
15.57 5.2411
15.6 5.24163
15.63 5.24216
15.66 5.24269
15.69 5.24322
15.72 5.24375
15.75 5.24428
15.78 5.24482
15.81 5.24536
15.84 5.24589
15.87 5.24643
15.9 5.24697
15.93 5.24751
15.96 5.24806
15.99 5.2486
16.02 5.24914
16.05 5.24969
16.08 5.25024
16.11 5.25079
16.14 5.25134
16.17 5.25189
16.2 5.25244
16.23 5.253
16.26 5.25355
16.29 5.25411
16.32 5.25467
16.35 5.25523
16.38 5.25579
16.41 5.25635
16.44 5.25691
16.47 5.25748
16.5 5.25805
16.53 5.25861
16.56 5.25918
16.59 5.25975
16.62 5.26033
16.65 5.2609
16.68 5.26147
16.71 5.26205
16.74 5.26263
16.77 5.26321
16.8 5.26379
16.83 5.26437
16.86 5.26495
16.89 5.26554
16.92 5.26613
16.95 5.26671
16.98 5.2673
17.01 5.2679
17.04 5.26849
17.07 5.26908
17.1 5.26968
17.13 5.27027
17.16 5.27087
17.19 5.27147
17.22 5.27207
17.25 5.27268
17.28 5.27328
17.31 5.27389
17.34 5.27449
17.37 5.2751
17.4 5.27571
17.43 5.27633
17.46 5.27694
17.49 5.27755
17.52 5.27817
17.55 5.27879
17.58 5.27941
17.61 5.28003
17.64 5.28065
17.67 5.28128
17.7 5.2819
17.73 5.28253
17.76 5.28316
17.79 5.28379
17.82 5.28442
17.85 5.28506
17.88 5.28569
17.91 5.28633
17.94 5.28697
17.97 5.28761
18 5.28825
18.03 5.28889
18.06 5.28953
18.09 5.29018
18.12 5.29083
18.15 5.29148
18.18 5.29213
18.21 5.29278
18.24 5.29343
18.27 5.29409
18.3 5.29475
18.33 5.2954
18.36 5.29606
18.39 5.29673
18.42 5.29739
18.45 5.29805
18.48 5.29872
18.51 5.29939
18.54 5.30006
18.57 5.30073
18.6 5.3014
18.63 5.30208
18.66 5.30275
18.69 5.30343
18.72 5.30411
18.75 5.30479
18.78 5.30547
18.81 5.30615
18.84 5.30684
18.87 5.30752
18.9 5.30821
18.93 5.3089
18.96 5.30959
18.99 5.31028
19.02 5.31098
19.05 5.31167
19.08 5.31237
19.11 5.31307
19.14 5.31377
19.17 5.31447
19.2 5.31517
19.23 5.31588
19.26 5.31658
19.29 5.31729
19.32 5.318
19.35 5.31871
19.38 5.31942
19.41 5.32013
19.44 5.32085
19.47 5.32156
19.5 5.32228
19.53 5.323
19.56 5.32372
19.59 5.32444
19.62 5.32516
19.65 5.32589
19.68 5.32661
19.71 5.32734
19.74 5.32807
19.77 5.3288
19.8 5.32953
19.83 5.33026
19.86 5.331
19.89 5.33173
19.92 5.33247
19.95 5.33321
19.98 5.33395
20.01 5.33469
20.04 5.33543
20.07 5.33617
20.1 5.33692
20.13 5.33766
20.16 5.33841
20.19 5.33916
20.22 5.33991
20.25 5.34066
20.28 5.34141
20.31 5.34217
20.34 5.34292
20.37 5.34368
20.4 5.34443
20.43 5.34519
20.46 5.34595
20.49 5.34671
20.52 5.34748
20.55 5.34824
20.58 5.349
20.61 5.34977
20.64 5.35054
20.67 5.3513
20.7 5.35207
20.73 5.35284
20.76 5.35361
20.79 5.35439
20.82 5.35516
20.85 5.35593
20.88 5.35671
20.91 5.35749
20.94 5.35826
20.97 5.35904
21 5.35982
21.03 5.3606
21.06 5.36138
21.09 5.36217
21.12 5.36295
21.15 5.36374
21.18 5.36452
21.21 5.36531
21.24 5.3661
21.27 5.36689
21.3 5.36768
21.33 5.36847
21.36 5.36926
21.39 5.37005
21.42 5.37084
21.45 5.37164
21.48 5.37243
21.51 5.37323
21.54 5.37403
21.57 5.37482
21.6 5.37562
21.63 5.37642
21.66 5.37722
21.69 5.37802
21.72 5.37883
21.75 5.37963
21.78 5.38043
21.81 5.38124
21.84 5.38204
21.87 5.38285
21.9 5.38366
21.93 5.38446
21.96 5.38527
21.99 5.38608
22.02 5.38689
22.05 5.3877
22.08 5.38852
22.11 5.38933
22.14 5.39014
22.17 5.39095
22.2 5.39177
22.23 5.39258
22.26 5.3934
22.29 5.39422
22.32 5.39503
22.35 5.39585
22.38 5.39667
22.41 5.39749
22.44 5.39831
22.47 5.39913
22.5 5.39995
22.53 5.40077
22.56 5.40159
22.59 5.40242
22.62 5.40324
22.65 5.40406
22.68 5.40489
22.71 5.40571
22.74 5.40654
22.77 5.40737
22.8 5.40819
22.83 5.40902
22.86 5.40985
22.89 5.41068
22.92 5.41151
22.95 5.41234
22.98 5.41317
23.01 5.414
23.04 5.41483
23.07 5.41566
23.1 5.41649
23.13 5.41733
23.16 5.41816
23.19 5.419
23.22 5.41983
23.25 5.42067
23.28 5.4215
23.31 5.42234
23.34 5.42317
23.37 5.42401
23.4 5.42485
23.43 5.42569
23.46 5.42653
23.49 5.42737
23.52 5.42821
23.55 5.42905
23.58 5.42989
23.61 5.43073
23.64 5.43157
23.67 5.43242
23.7 5.43326
23.73 5.4341
23.76 5.43495
23.79 5.43579
23.82 5.43664
23.85 5.43748
23.88 5.43833
23.91 5.43918
23.94 5.44003
23.97 5.44087
24 5.44172
24.03 5.44257
24.06 5.44342
24.09 5.44427
24.12 5.44512
24.15 5.44597
24.18 5.44683
24.21 5.44768
24.24 5.44853
24.27 5.44939
24.3 5.45024
24.33 5.4511
24.36 5.45195
24.39 5.45281
24.42 5.45367
24.45 5.45453
24.48 5.45538
24.51 5.45624
24.54 5.4571
24.57 5.45797
24.6 5.45883
24.63 5.45969
24.66 5.46055
24.69 5.46142
24.72 5.46228
24.75 5.46315
24.78 5.46401
24.81 5.46488
24.84 5.46575
24.87 5.46661
24.9 5.46748
24.93 5.46835
24.96 5.46922
24.99 5.4701
25.02 5.47097
25.05 5.47184
25.08 5.47272
25.11 5.47359
25.14 5.47447
25.17 5.47535
25.2 5.47623
25.23 5.47711
25.26 5.47799
25.29 5.47887
25.32 5.47975
25.35 5.48063
25.38 5.48152
25.41 5.48241
25.44 5.48329
25.47 5.48418
25.5 5.48507
25.53 5.48596
25.56 5.48685
25.59 5.48775
25.62 5.48864
25.65 5.48954
25.68 5.49043
25.71 5.49133
25.74 5.49223
25.77 5.49313
25.8 5.49403
25.83 5.49494
25.86 5.49584
25.89 5.49675
25.92 5.49766
25.95 5.49857
25.98 5.49948
26.01 5.50039
26.04 5.50131
26.07 5.50222
26.1 5.50314
26.13 5.50406
26.16 5.50498
26.19 5.5059
26.22 5.50683
26.25 5.50775
26.28 5.50868
26.31 5.50961
26.34 5.51054
26.37 5.51148
26.4 5.51241
26.43 5.51335
26.46 5.51429
26.49 5.51523
26.52 5.51617
26.55 5.51712
26.58 5.51806
26.61 5.51901
26.64 5.51996
26.67 5.52092
26.7 5.52187
26.73 5.52283
26.76 5.52379
26.79 5.52475
26.82 5.52572
26.85 5.52668
26.88 5.52765
26.91 5.52862
26.94 5.5296
26.97 5.53057
27 5.53155
27.03 5.53253
27.06 5.53352
27.09 5.5345
27.12 5.53549
27.15 5.53648
27.18 5.53747
27.21 5.53847
27.24 5.53947
27.27 5.54047
27.3 5.54147
27.33 5.54248
27.36 5.54349
27.39 5.5445
27.42 5.54552
27.45 5.54653
27.48 5.54755
27.51 5.54858
27.54 5.5496
27.57 5.55063
27.6 5.55166
27.63 5.5527
27.66 5.55373
27.69 5.55477
27.72 5.55582
27.75 5.55686
27.78 5.55791
27.81 5.55896
27.84 5.56002
27.87 5.56107
27.9 5.56213
27.93 5.5632
27.96 5.56426
27.99 5.56533
28.02 5.56641
28.05 5.56748
28.08 5.56856
28.11 5.56964
28.14 5.57073
28.17 5.57182
28.2 5.57291
28.23 5.574
28.26 5.5751
28.29 5.5762
28.32 5.5773
28.35 5.57841
28.38 5.57952
28.41 5.58063
28.44 5.58175
28.47 5.58287
28.5 5.58399
28.53 5.58511
28.56 5.58624
28.59 5.58737
28.62 5.58851
28.65 5.58965
28.68 5.59079
28.71 5.59193
28.74 5.59308
28.77 5.59423
28.8 5.59538
28.83 5.59653
28.86 5.59769
28.89 5.59885
28.92 5.60002
28.95 5.60118
28.98 5.60235
29.01 5.60353
29.04 5.6047
29.07 5.60588
29.1 5.60706
29.13 5.60825
29.16 5.60943
29.19 5.61062
29.22 5.61181
29.25 5.61301
29.28 5.61421
29.31 5.6154
29.34 5.61661
29.37 5.61781
29.4 5.61902
29.43 5.62023
29.46 5.62144
29.49 5.62265
29.52 5.62387
29.55 5.62509
29.58 5.62631
29.61 5.62753
29.64 5.62875
29.67 5.62998
29.7 5.63121
29.73 5.63244
29.76 5.63367
29.79 5.63491
29.82 5.63614
29.85 5.63738
29.88 5.63862
29.91 5.63986
29.94 5.6411
29.97 5.64235
30 5.64359
30.001 5
