0 -10
0.03 -8.90971
0.06 -8.9093
0.09 -8.90889
0.12 -8.90848
0.15 -8.90807
0.18 -8.90765
0.21 -8.90724
0.24 -8.90682
0.27 -8.9064
0.3 -8.90598
0.33 -8.90556
0.36 -8.90514
0.39 -8.90471
0.42 -8.90429
0.45 -8.90386
0.48 -8.90343
0.51 -8.903
0.54 -8.90257
0.57 -8.90214
0.6 -8.9017
0.63 -8.90127
0.66 -8.90083
0.69 -8.9004
0.72 -8.89996
0.75 -8.89952
0.78 -8.89908
0.81 -8.89864
0.84 -8.89819
0.87 -8.89775
0.9 -8.8973
0.93 -8.89686
0.96 -8.89641
0.99 -8.89596
1.02 -8.89551
1.05 -8.89506
1.08 -8.89461
1.11 -8.89415
1.14 -8.8937
1.17 -8.89324
1.2 -8.89278
1.23 -8.89233
1.26 -8.89187
1.29 -8.89141
1.32 -8.89094
1.35 -8.89048
1.38 -8.89002
1.41 -8.88955
1.44 -8.88909
1.47 -8.88862
1.5 -8.88815
1.53 -8.88769
1.56 -8.88722
1.59 -8.88675
1.62 -8.88627
1.65 -8.8858
1.68 -8.88533
1.71 -8.88485
1.74 -8.88438
1.77 -8.8839
1.8 -8.88343
1.83 -8.88295
1.86 -8.88247
1.89 -8.88199
1.92 -8.88151
1.95 -8.88103
1.98 -8.88055
2.01 -8.88006
2.04 -8.87958
2.07 -8.87909
2.1 -8.87861
2.13 -8.87812
2.16 -8.87764
2.19 -8.87715
2.22 -8.87666
2.25 -8.87617
2.28 -8.87568
2.31 -8.87519
2.34 -8.8747
2.37 -8.87421
2.4 -8.87372
2.43 -8.87323
2.46 -8.87273
2.49 -8.87224
2.52 -8.87174
2.55 -8.87125
2.58 -8.87075
2.61 -8.87026
2.64 -8.86976
2.67 -8.86926
2.7 -8.86877
2.73 -8.86827
2.76 -8.86777
2.79 -8.86727
2.82 -8.86677
2.85 -8.86627
2.88 -8.86577
2.91 -8.86527
2.94 -8.86477
2.97 -8.86427
3 -8.86377
3.03 -8.86326
3.06 -8.86276
3.09 -8.86226
3.12 -8.86176
3.15 -8.86125
3.18 -8.86075
3.21 -8.86024
3.24 -8.85974
3.27 -8.85924
3.3 -8.85873
3.33 -8.85823
3.36 -8.85772
3.39 -8.85722
3.42 -8.85671
3.45 -8.85621
3.48 -8.8557
3.51 -8.85519
3.54 -8.85469
3.57 -8.85418
3.6 -8.85368
3.63 -8.85317
3.66 -8.85267
3.69 -8.85216
3.72 -8.85165
3.75 -8.85115
3.78 -8.85064
3.81 -8.85014
3.84 -8.84963
3.87 -8.84912
3.9 -8.84862
3.93 -8.84811
3.96 -8.84761
3.99 -8.8471
4.02 -8.84659
4.05 -8.84609
4.08 -8.84558
4.11 -8.84508
4.14 -8.84457
4.17 -8.84407
4.2 -8.84357
4.23 -8.84306
4.26 -8.84256
4.29 -8.84205
4.32 -8.84155
4.35 -8.84105
4.38 -8.84054
4.41 -8.84004
4.44 -8.83954
4.47 -8.83904
4.5 -8.83853
4.53 -8.83803
4.56 -8.83753
4.59 -8.83703
4.62 -8.83653
4.65 -8.83603
4.68 -8.83553
4.71 -8.83503
4.74 -8.83453
4.77 -8.83403
4.8 -8.83354
4.83 -8.83304
4.86 -8.83254
4.89 -8.83204
4.92 -8.83155
4.95 -8.83105
4.98 -8.83056
5.01 -8.83006
5.04 -8.82957
5.07 -8.82907
5.1 -8.82858
5.13 -8.82809
5.16 -8.8276
5.19 -8.8271
5.22 -8.82661
5.25 -8.82612
5.28 -8.82563
5.31 -8.82514
5.34 -8.82466
5.37 -8.82417
5.4 -8.82368
5.43 -8.82319
5.46 -8.82271
5.49 -8.82222
5.52 -8.82174
5.55 -8.82125
5.58 -8.82077
5.61 -8.82029
5.64 -8.81981
5.67 -8.81932
5.7 -8.81884
5.73 -8.81836
5.76 -8.81788
5.79 -8.81741
5.82 -8.81693
5.85 -8.81645
5.88 -8.81597
5.91 -8.8155
5.94 -8.81502
5.97 -8.81455
6 -8.81408
6.03 -8.8136
6.06 -8.81313
6.09 -8.81266
6.12 -8.81219
6.15 -8.81172
6.18 -8.81125
6.21 -8.81079
6.24 -8.81032
6.27 -8.80985
6.3 -8.80939
6.33 -8.80892
6.36 -8.80846
6.39 -8.808
6.42 -8.80753
6.45 -8.80707
6.48 -8.80661
6.51 -8.80615
6.54 -8.8057
6.57 -8.80524
6.6 -8.80478
6.63 -8.80432
6.66 -8.80387
6.69 -8.80342
6.72 -8.80296
6.75 -8.80251
6.78 -8.80206
6.81 -8.80161
6.84 -8.80116
6.87 -8.80071
6.9 -8.80026
6.93 -8.79981
6.96 -8.79937
6.99 -8.79892
7.02 -8.79848
7.05 -8.79803
7.08 -8.79759
7.11 -8.79715
7.14 -8.79671
7.17 -8.79627
7.2 -8.79583
7.23 -8.79539
7.26 -8.79496
7.29 -8.79452
7.32 -8.79408
7.35 -8.79365
7.38 -8.79322
7.41 -8.79278
7.44 -8.79235
7.47 -8.79192
7.5 -8.79149
7.53 -8.79106
7.56 -8.79064
7.59 -8.79021
7.62 -8.78978
7.65 -8.78936
7.68 -8.78893
7.71 -8.78851
7.74 -8.78809
7.77 -8.78767
7.8 -8.78725
7.83 -8.78683
7.86 -8.78641
7.89 -8.78599
7.92 -8.78557
7.95 -8.78516
7.98 -8.78474
8.01 -8.78433
8.04 -8.78392
8.07 -8.7835
8.1 -8.78309
8.13 -8.78268
8.16 -8.78227
8.19 -8.78186
8.22 -8.78146
8.25 -8.78105
8.28 -8.78064
8.31 -8.78024
8.34 -8.77983
8.37 -8.77943
8.4 -8.77903
8.43 -8.77863
8.46 -8.77823
8.49 -8.77783
8.52 -8.77743
8.55 -8.77703
8.58 -8.77663
8.61 -8.77624
8.64 -8.77584
8.67 -8.77545
8.7 -8.77506
8.73 -8.77466
8.76 -8.77427
8.79 -8.77388
8.82 -8.77349
8.85 -8.7731
8.88 -8.77271
8.91 -8.77233
8.94 -8.77194
8.97 -8.77155
9 -8.77117
9.03 -8.77079
9.06 -8.7704
9.09 -8.77002
9.12 -8.76964
9.15 -8.76926
9.18 -8.76888
9.21 -8.7685
9.24 -8.76812
9.27 -8.76774
9.3 -8.76737
9.33 -8.76699
9.36 -8.76662
9.39 -8.76624
9.42 -8.76587
9.45 -8.7655
9.48 -8.76513
9.51 -8.76475
9.54 -8.76438
9.57 -8.76401
9.6 -8.76365
9.63 -8.76328
9.66 -8.76291
9.69 -8.76255
9.72 -8.76218
9.75 -8.76181
9.78 -8.76145
9.81 -8.76109
9.84 -8.76072
9.87 -8.76036
9.9 -8.76
9.93 -8.75964
9.96 -8.75928
9.99 -8.75892
10.02 -8.75856
10.05 -8.75821
10.08 -8.75785
10.11 -8.75749
10.14 -8.75714
10.17 -8.75678
10.2 -8.75643
10.23 -8.75608
10.26 -8.75572
10.29 -8.75537
10.32 -8.75502
10.35 -8.75467
10.38 -8.75432
10.41 -8.75397
10.44 -8.75362
10.47 -8.75327
10.5 -8.75293
10.53 -8.75258
10.56 -8.75223
10.59 -8.75189
10.62 -8.75154
10.65 -8.7512
10.68 -8.75085
10.71 -8.75051
10.74 -8.75017
10.77 -8.74983
10.8 -8.74948
10.83 -8.74914
10.86 -8.7488
10.89 -8.74846
10.92 -8.74812
10.95 -8.74779
10.98 -8.74745
11.01 -8.74711
11.04 -8.74677
11.07 -8.74644
11.1 -8.7461
11.13 -8.74577
11.16 -8.74543
11.19 -8.7451
11.22 -8.74476
11.25 -8.74443
11.28 -8.7441
11.31 -8.74377
11.34 -8.74343
11.37 -8.7431
11.4 -8.74277
11.43 -8.74244
11.46 -8.74211
11.49 -8.74178
11.52 -8.74145
11.55 -8.74113
11.58 -8.7408
11.61 -8.74047
11.64 -8.74014
11.67 -8.73982
11.7 -8.73949
11.73 -8.73916
11.76 -8.73884
11.79 -8.73851
11.82 -8.73819
11.85 -8.73787
11.88 -8.73754
11.91 -8.73722
11.94 -8.7369
11.97 -8.73657
12 -8.73625
12.03 -8.73593
12.06 -8.73561
12.09 -8.73529
12.12 -8.73497
12.15 -8.73465
12.18 -8.73433
12.21 -8.73401
12.24 -8.73369
12.27 -8.73337
12.3 -8.73305
12.33 -8.73273
12.36 -8.73242
12.39 -8.7321
12.42 -8.73178
12.45 -8.73146
12.48 -8.73115
12.51 -8.73083
12.54 -8.73052
12.57 -8.7302
12.6 -8.72988
12.63 -8.72957
12.66 -8.72925
12.69 -8.72894
12.72 -8.72863
12.75 -8.72831
12.78 -8.728
12.81 -8.72768
12.84 -8.72737
12.87 -8.72706
12.9 -8.72675
12.93 -8.72643
12.96 -8.72612
12.99 -8.72581
13.02 -8.7255
13.05 -8.72519
13.08 -8.72487
13.11 -8.72456
13.14 -8.72425
13.17 -8.72394
13.2 -8.72363
13.23 -8.72332
13.26 -8.72301
13.29 -8.7227
13.32 -8.72239
13.35 -8.72208
13.38 -8.72177
13.41 -8.72146
13.44 -8.72115
13.47 -8.72084
13.5 -8.72053
13.53 -8.72022
13.56 -8.71992
13.59 -8.71961
13.62 -8.7193
13.65 -8.71899
13.68 -8.71868
13.71 -8.71838
13.74 -8.71807
13.77 -8.71776
13.8 -8.71745
13.83 -8.71714
13.86 -8.71684
13.89 -8.71653
13.92 -8.71622
13.95 -8.71592
13.98 -8.71561
14.01 -8.7153
14.04 -8.71499
14.07 -8.71469
14.1 -8.71438
14.13 -8.71407
14.16 -8.71377
14.19 -8.71346
14.22 -8.71316
14.25 -8.71285
14.28 -8.71254
14.31 -8.71224
14.34 -8.71193
14.37 -8.71162
14.4 -8.71132
14.43 -8.71101
14.46 -8.71071
14.49 -8.7104
14.52 -8.71009
14.55 -8.70979
14.58 -8.70948
14.61 -8.70918
14.64 -8.70887
14.67 -8.70856
14.7 -8.70826
14.73 -8.70795
14.76 -8.70765
14.79 -8.70734
14.82 -8.70704
14.85 -8.70673
14.88 -8.70642
14.91 -8.70612
14.94 -8.70581
14.97 -8.70551
15 -8.7052
15.03 -8.7049
15.06 -8.70459
15.09 -8.70428
15.12 -8.70398
15.15 -8.70367
15.18 -8.70337
15.21 -8.70306
15.24 -8.70275
15.27 -8.70245
15.3 -8.70214
15.33 -8.70184
15.36 -8.70153
15.39 -8.70122
15.42 -8.70092
15.45 -8.70061
15.48 -8.70031
15.51 -8.7
15.54 -8.69969
15.57 -8.69939
15.6 -8.69908
15.63 -8.69877
15.66 -8.69847
15.69 -8.69816
15.72 -8.69785
15.75 -8.69755
15.78 -8.69724
15.81 -8.69693
15.84 -8.69663
15.87 -8.69632
15.9 -8.69601
15.93 -8.69571
15.96 -8.6954
15.99 -8.69509
16.02 -8.69479
16.05 -8.69448
16.08 -8.69417
16.11 -8.69387
16.14 -8.69356
16.17 -8.69325
16.2 -8.69294
16.23 -8.69264
16.26 -8.69233
16.29 -8.69202
16.32 -8.69171
16.35 -8.69141
16.38 -8.6911
16.41 -8.69079
16.44 -8.69048
16.47 -8.69018
16.5 -8.68987
16.53 -8.68956
16.56 -8.68925
16.59 -8.68894
16.62 -8.68864
16.65 -8.68833
16.68 -8.68802
16.71 -8.68771
16.74 -8.6874
16.77 -8.6871
16.8 -8.68679
16.83 -8.68648
16.86 -8.68617
16.89 -8.68586
16.92 -8.68556
16.95 -8.68525
16.98 -8.68494
17.01 -8.68463
17.04 -8.68432
17.07 -8.68401
17.1 -8.6837
17.13 -8.6834
17.16 -8.68309
17.19 -8.68278
17.22 -8.68247
17.25 -8.68216
17.28 -8.68185
17.31 -8.68155
17.34 -8.68124
17.37 -8.68093
17.4 -8.68062
17.43 -8.68031
17.46 -8.68
17.49 -8.67969
17.52 -8.67939
17.55 -8.67908
17.58 -8.67877
17.61 -8.67846
17.64 -8.67815
17.67 -8.67784
17.7 -8.67754
17.73 -8.67723
17.76 -8.67692
17.79 -8.67661
17.82 -8.6763
17.85 -8.676
17.88 -8.67569
17.91 -8.67538
17.94 -8.67507
17.97 -8.67477
18 -8.67446
18.03 -8.67415
18.06 -8.67384
18.09 -8.67354
18.12 -8.67323
18.15 -8.67292
18.18 -8.67261
18.21 -8.67231
18.24 -8.672
18.27 -8.67169
18.3 -8.67139
18.33 -8.67108
18.36 -8.67077
18.39 -8.67047
18.42 -8.67016
18.45 -8.66986
18.48 -8.66955
18.51 -8.66924
18.54 -8.66894
18.57 -8.66863
18.6 -8.66833
18.63 -8.66802
18.66 -8.66772
18.69 -8.66741
18.72 -8.66711
18.75 -8.6668
18.78 -8.6665
18.81 -8.6662
18.84 -8.66589
18.87 -8.66559
18.9 -8.66529
18.93 -8.66498
18.96 -8.66468
18.99 -8.66438
19.02 -8.66408
19.05 -8.66377
19.08 -8.66347
19.11 -8.66317
19.14 -8.66287
19.17 -8.66257
19.2 -8.66227
19.23 -8.66197
19.26 -8.66167
19.29 -8.66137
19.32 -8.66107
19.35 -8.66077
19.38 -8.66047
19.41 -8.66017
19.44 -8.65987
19.47 -8.65958
19.5 -8.65928
19.53 -8.65898
19.56 -8.65868
19.59 -8.65839
19.62 -8.65809
19.65 -8.6578
19.68 -8.6575
19.71 -8.65721
19.74 -8.65691
19.77 -8.65662
19.8 -8.65632
19.83 -8.65603
19.86 -8.65574
19.89 -8.65544
19.92 -8.65515
19.95 -8.65486
19.98 -8.65457
20.01 -8.65428
20.04 -8.65399
20.07 -8.6537
20.1 -8.65341
20.13 -8.65312
20.16 -8.65283
20.19 -8.65254
20.22 -8.65226
20.25 -8.65197
20.28 -8.65168
20.31 -8.6514
20.34 -8.65111
20.37 -8.65083
20.4 -8.65054
20.43 -8.65026
20.46 -8.64998
20.49 -8.64969
20.52 -8.64941
20.55 -8.64913
20.58 -8.64885
20.61 -8.64857
20.64 -8.64829
20.67 -8.64801
20.7 -8.64773
20.73 -8.64745
20.76 -8.64717
20.79 -8.6469
20.82 -8.64662
20.85 -8.64634
20.88 -8.64607
20.91 -8.6458
20.94 -8.64552
20.97 -8.64525
21 -8.64498
21.03 -8.6447
21.06 -8.64443
21.09 -8.64416
21.12 -8.64389
21.15 -8.64362
21.18 -8.64336
21.21 -8.64309
21.24 -8.64282
21.27 -8.64255
21.3 -8.64229
21.33 -8.64202
21.36 -8.64176
21.39 -8.6415
21.42 -8.64123
21.45 -8.64097
21.48 -8.64071
21.51 -8.64045
21.54 -8.64019
21.57 -8.63993
21.6 -8.63967
21.63 -8.63942
21.66 -8.63916
21.69 -8.6389
21.72 -8.63865
21.75 -8.63839
21.78 -8.63814
21.81 -8.63789
21.84 -8.63764
21.87 -8.63739
21.9 -8.63714
21.93 -8.63689
21.96 -8.63664
21.99 -8.63639
22.02 -8.63614
22.05 -8.6359
22.08 -8.63565
22.11 -8.63541
22.14 -8.63517
22.17 -8.63492
22.2 -8.63468
22.23 -8.63444
22.26 -8.6342
22.29 -8.63396
22.32 -8.63373
22.35 -8.63349
22.38 -8.63325
22.41 -8.63302
22.44 -8.63278
22.47 -8.63255
22.5 -8.63232
22.53 -8.63208
22.56 -8.63185
22.59 -8.63162
22.62 -8.6314
22.65 -8.63117
22.68 -8.63094
22.71 -8.63072
22.74 -8.63049
22.77 -8.63027
22.8 -8.63004
22.83 -8.62982
22.86 -8.6296
22.89 -8.62938
22.92 -8.62916
22.95 -8.62894
22.98 -8.62873
23.01 -8.62851
23.04 -8.62829
23.07 -8.62808
23.1 -8.62787
23.13 -8.62765
23.16 -8.62744
23.19 -8.62723
23.22 -8.62702
23.25 -8.62682
23.28 -8.62661
23.31 -8.6264
23.34 -8.6262
23.37 -8.62599
23.4 -8.62579
23.43 -8.62559
23.46 -8.62539
23.49 -8.62519
23.52 -8.62499
23.55 -8.62479
23.58 -8.6246
23.61 -8.6244
23.64 -8.62421
23.67 -8.62401
23.7 -8.62382
23.73 -8.62363
23.76 -8.62344
23.79 -8.62325
23.82 -8.62306
23.85 -8.62287
23.88 -8.62269
23.91 -8.6225
23.94 -8.62232
23.97 -8.62214
24 -8.62196
24.03 -8.62178
24.06 -8.6216
24.09 -8.62142
24.12 -8.62124
24.15 -8.62107
24.18 -8.62089
24.21 -8.62072
24.24 -8.62054
24.27 -8.62037
24.3 -8.6202
24.33 -8.62003
24.36 -8.61987
24.39 -8.6197
24.42 -8.61953
24.45 -8.61937
24.48 -8.61921
24.51 -8.61904
24.54 -8.61888
24.57 -8.61872
24.6 -8.61856
24.63 -8.61841
24.66 -8.61825
24.69 -8.61809
24.72 -8.61794
24.75 -8.61779
24.78 -8.61763
24.81 -8.61748
24.84 -8.61733
24.87 -8.61719
24.9 -8.61704
24.93 -8.61689
24.96 -8.61675
24.99 -8.6166
25.02 -8.61646
25.05 -8.61632
25.08 -8.61618
25.11 -8.61604
25.14 -8.61591
25.17 -8.61577
25.2 -8.61563
25.23 -8.6155
25.26 -8.61537
25.29 -8.61524
25.32 -8.61511
25.35 -8.61498
25.38 -8.61485
25.41 -8.61472
25.44 -8.6146
25.47 -8.61447
25.5 -8.61435
25.53 -8.61423
25.56 -8.61411
25.59 -8.61399
25.62 -8.61387
25.65 -8.61375
25.68 -8.61364
25.71 -8.61352
25.74 -8.61341
25.77 -8.6133
25.8 -8.61319
25.83 -8.61308
25.86 -8.61297
25.89 -8.61287
25.92 -8.61276
25.95 -8.61266
25.98 -8.61255
26.01 -8.61245
26.04 -8.61235
26.07 -8.61225
26.1 -8.61216
26.13 -8.61206
26.16 -8.61197
26.19 -8.61187
26.22 -8.61178
26.25 -8.61169
26.28 -8.6116
26.31 -8.61151
26.34 -8.61142
26.37 -8.61134
26.4 -8.61125
26.43 -8.61117
26.46 -8.61109
26.49 -8.61101
26.52 -8.61093
26.55 -8.61085
26.58 -8.61078
26.61 -8.6107
26.64 -8.61063
26.67 -8.61056
26.7 -8.61049
26.73 -8.61042
26.76 -8.61035
26.79 -8.61028
26.82 -8.61022
26.85 -8.61016
26.88 -8.61009
26.91 -8.61003
26.94 -8.60997
26.97 -8.60992
27 -8.60986
27.03 -8.60981
27.06 -8.60975
27.09 -8.6097
27.12 -8.60965
27.15 -8.6096
27.18 -8.60955
27.21 -8.60951
27.24 -8.60946
27.27 -8.60942
27.3 -8.60938
27.33 -8.60934
27.36 -8.6093
27.39 -8.60927
27.42 -8.60923
27.45 -8.6092
27.48 -8.60916
27.51 -8.60913
27.54 -8.60911
27.57 -8.60908
27.6 -8.60905
27.63 -8.60903
27.66 -8.60901
27.69 -8.60899
27.72 -8.60897
27.75 -8.60895
27.78 -8.60893
27.81 -8.60892
27.84 -8.60891
27.87 -8.6089
27.9 -8.60889
27.93 -8.60888
27.96 -8.60887
27.99 -8.60887
28.02 -8.60887
28.05 -8.60887
28.08 -8.60887
28.11 -8.60887
28.14 -8.60888
28.17 -8.60888
28.2 -8.60889
28.23 -8.6089
28.26 -8.60891
28.29 -8.60893
28.32 -8.60894
28.35 -8.60896
28.38 -8.60898
28.41 -8.609
28.44 -8.60903
28.47 -8.60905
28.5 -8.60908
28.53 -8.60911
28.56 -8.60914
28.59 -8.60917
28.62 -8.60921
28.65 -8.60924
28.68 -8.60928
28.71 -8.60932
28.74 -8.60937
28.77 -8.60941
28.8 -8.60946
28.83 -8.60951
28.86 -8.60956
28.89 -8.60961
28.92 -8.60967
28.95 -8.60972
28.98 -8.60978
29.01 -8.60985
29.04 -8.60991
29.07 -8.60998
29.1 -8.61004
29.13 -8.61011
29.16 -8.61019
29.19 -8.61026
29.22 -8.61034
29.25 -8.61042
29.28 -8.6105
29.31 -8.61058
29.34 -8.61067
29.37 -8.61076
29.4 -8.61085
29.43 -8.61094
29.46 -8.61103
29.49 -8.61113
29.52 -8.61123
29.55 -8.61133
29.58 -8.61144
29.61 -8.61154
29.64 -8.61165
29.67 -8.61177
29.7 -8.61188
29.73 -8.612
29.76 -8.61212
29.79 -8.61224
29.82 -8.61236
29.85 -8.61249
29.88 -8.61262
29.91 -8.61275
29.94 -8.61288
29.97 -8.61302
30 -8.61316
30.001 -10
