0 0
0.03 0.293833
0.06 0.295294
0.09 0.296761
0.12 0.298235
0.15 0.299715
0.18 0.301201
0.21 0.302693
0.24 0.304192
0.27 0.305697
0.3 0.307209
0.33 0.308726
0.36 0.31025
0.39 0.31178
0.42 0.313317
0.45 0.31486
0.48 0.316409
0.51 0.317964
0.54 0.319526
0.57 0.321093
0.6 0.322667
0.63 0.324248
0.66 0.325834
0.69 0.327427
0.72 0.329025
0.75 0.33063
0.78 0.332242
0.81 0.333859
0.84 0.335482
0.87 0.337112
0.9 0.338747
0.93 0.340389
0.96 0.342037
0.99 0.343691
1.02 0.345351
1.05 0.347017
1.08 0.348689
1.11 0.350367
1.14 0.352051
1.17 0.35374
1.2 0.355436
1.23 0.357138
1.26 0.358846
1.29 0.360559
1.32 0.362278
1.35 0.364003
1.38 0.365734
1.41 0.367471
1.44 0.369214
1.47 0.370962
1.5 0.372716
1.53 0.374475
1.56 0.376241
1.59 0.378011
1.62 0.379788
1.65 0.38157
1.68 0.383358
1.71 0.385151
1.74 0.386949
1.77 0.388753
1.8 0.390563
1.83 0.392378
1.86 0.394198
1.89 0.396023
1.92 0.397854
1.95 0.39969
1.98 0.401532
2.01 0.403378
2.04 0.40523
2.07 0.407087
2.1 0.408949
2.13 0.410816
2.16 0.412688
2.19 0.414565
2.22 0.416447
2.25 0.418334
2.28 0.420225
2.31 0.422122
2.34 0.424023
2.37 0.42593
2.4 0.42784
2.43 0.429756
2.46 0.431676
2.49 0.433601
2.52 0.43553
2.55 0.437464
2.58 0.439403
2.61 0.441346
2.64 0.443293
2.67 0.445244
2.7 0.4472
2.73 0.44916
2.76 0.451125
2.79 0.453093
2.82 0.455066
2.85 0.457043
2.88 0.459024
2.91 0.461009
2.94 0.462997
2.97 0.46499
3 0.466987
3.03 0.468987
3.06 0.470991
3.09 0.472999
3.12 0.475011
3.15 0.477026
3.18 0.479045
3.21 0.481067
3.24 0.483093
3.27 0.485123
3.3 0.487155
3.33 0.489191
3.36 0.491231
3.39 0.493273
3.42 0.495319
3.45 0.497368
3.48 0.49942
3.51 0.501476
3.54 0.503534
3.57 0.505595
3.6 0.507659
3.63 0.509726
3.66 0.511796
3.69 0.513868
3.72 0.515944
3.75 0.518022
3.78 0.520102
3.81 0.522185
3.84 0.524271
3.87 0.526359
3.9 0.52845
3.93 0.530543
3.96 0.532638
3.99 0.534735
4.02 0.536835
4.05 0.538937
4.08 0.541041
4.11 0.543147
4.14 0.545256
4.17 0.547366
4.2 0.549478
4.23 0.551592
4.26 0.553708
4.29 0.555825
4.32 0.557945
4.35 0.560066
4.38 0.562188
4.41 0.564313
4.44 0.566438
4.47 0.568566
4.5 0.570695
4.53 0.572825
4.56 0.574956
4.59 0.577089
4.62 0.579223
4.65 0.581359
4.68 0.583495
4.71 0.585633
4.74 0.587771
4.77 0.589911
4.8 0.592052
4.83 0.594193
4.86 0.596336
4.89 0.598479
4.92 0.600623
4.95 0.602768
4.98 0.604914
5.01 0.60706
5.04 0.609207
5.07 0.611354
5.1 0.613502
5.13 0.615651
5.16 0.6178
5.19 0.619949
5.22 0.622099
5.25 0.624249
5.28 0.626399
5.31 0.62855
5.34 0.630701
5.37 0.632852
5.4 0.635003
5.43 0.637154
5.46 0.639305
5.49 0.641456
5.52 0.643607
5.55 0.645758
5.58 0.647909
5.61 0.65006
5.64 0.652211
5.67 0.654361
5.7 0.656511
5.73 0.658661
5.76 0.66081
5.79 0.662959
5.82 0.665108
5.85 0.667256
5.88 0.669404
5.91 0.671551
5.94 0.673698
5.97 0.675844
6 0.677989
6.03 0.680134
6.06 0.682278
6.09 0.684422
6.12 0.686564
6.15 0.688706
6.18 0.690847
6.21 0.692987
6.24 0.695127
6.27 0.697265
6.3 0.699403
6.33 0.701539
6.36 0.703675
6.39 0.70581
6.42 0.707943
6.45 0.710076
6.48 0.712207
6.51 0.714338
6.54 0.716467
6.57 0.718595
6.6 0.720722
6.63 0.722847
6.66 0.724972
6.69 0.727095
6.72 0.729217
6.75 0.731337
6.78 0.733456
6.81 0.735574
6.84 0.737691
6.87 0.739806
6.9 0.741919
6.93 0.744032
6.96 0.746142
6.99 0.748252
7.02 0.75036
7.05 0.752466
7.08 0.754571
7.11 0.756674
7.14 0.758776
7.17 0.760876
7.2 0.762974
7.23 0.765071
7.26 0.767167
7.29 0.76926
7.32 0.771352
7.35 0.773443
7.38 0.775531
7.41 0.777618
7.44 0.779703
7.47 0.781787
7.5 0.783869
7.53 0.785949
7.56 0.788027
7.59 0.790104
7.62 0.792179
7.65 0.794252
7.68 0.796323
7.71 0.798392
7.74 0.80046
7.77 0.802526
7.8 0.80459
7.83 0.806652
7.86 0.808712
7.89 0.810771
7.92 0.812827
7.95 0.814882
7.98 0.816935
8.01 0.818986
8.04 0.821035
8.07 0.823083
8.1 0.825128
8.13 0.827172
8.16 0.829213
8.19 0.831253
8.22 0.833291
8.25 0.835327
8.28 0.837361
8.31 0.839394
8.34 0.841424
8.37 0.843452
8.4 0.845479
8.43 0.847504
8.46 0.849526
8.49 0.851547
8.52 0.853566
8.55 0.855584
8.58 0.857599
8.61 0.859612
8.64 0.861624
8.67 0.863633
8.7 0.865641
8.73 0.867647
8.76 0.869651
8.79 0.871653
8.82 0.873654
8.85 0.875652
8.88 0.877649
8.91 0.879644
8.94 0.881637
8.97 0.883628
9 0.885617
9.03 0.887605
9.06 0.889591
9.09 0.891575
9.12 0.893557
9.15 0.895538
9.18 0.897516
9.21 0.899493
9.24 0.901469
9.27 0.903442
9.3 0.905414
9.33 0.907384
9.36 0.909352
9.39 0.911319
9.42 0.913284
9.45 0.915247
9.48 0.917209
9.51 0.919169
9.54 0.921128
9.57 0.923084
9.6 0.92504
9.63 0.926993
9.66 0.928945
9.69 0.930896
9.72 0.932845
9.75 0.934792
9.78 0.936738
9.81 0.938683
9.84 0.940626
9.87 0.942567
9.9 0.944507
9.93 0.946446
9.96 0.948383
9.99 0.950319
10.02 0.952253
10.05 0.954186
10.08 0.956118
10.11 0.958048
10.14 0.959977
10.17 0.961905
10.2 0.963831
10.23 0.965756
10.26 0.96768
10.29 0.969603
10.32 0.971525
10.35 0.973445
10.38 0.975364
10.41 0.977282
10.44 0.979199
10.47 0.981115
10.5 0.98303
10.53 0.984943
10.56 0.986856
10.59 0.988768
10.62 0.990678
10.65 0.992588
10.68 0.994497
10.71 0.996404
10.74 0.998311
10.77 1.00022
10.8 1.00212
10.83 1.00403
10.86 1.00593
10.89 1.00783
10.92 1.00973
10.95 1.01164
10.98 1.01354
11.01 1.01544
11.04 1.01734
11.07 1.01923
11.1 1.02113
11.13 1.02303
11.16 1.02492
11.19 1.02682
11.22 1.02872
11.25 1.03061
11.28 1.03251
11.31 1.0344
11.34 1.03629
11.37 1.03819
11.4 1.04008
11.43 1.04197
11.46 1.04386
11.49 1.04576
11.52 1.04765
11.55 1.04954
11.58 1.05143
11.61 1.05332
11.64 1.05521
11.67 1.0571
11.7 1.05899
11.73 1.06088
11.76 1.06278
11.79 1.06467
11.82 1.06656
11.85 1.06845
11.88 1.07034
11.91 1.07223
11.94 1.07412
11.97 1.07601
12 1.0779
12.03 1.07979
12.06 1.08168
12.09 1.08358
12.12 1.08547
12.15 1.08736
12.18 1.08925
12.21 1.09115
12.24 1.09304
12.27 1.09493
12.3 1.09683
12.33 1.09872
12.36 1.10062
12.39 1.10251
12.42 1.10441
12.45 1.10631
12.48 1.10821
12.51 1.11011
12.54 1.112
12.57 1.1139
12.6 1.11581
12.63 1.11771
12.66 1.11961
12.69 1.12151
12.72 1.12342
12.75 1.12532
12.78 1.12723
12.81 1.12914
12.84 1.13104
12.87 1.13295
12.9 1.13486
12.93 1.13677
12.96 1.13869
12.99 1.1406
13.02 1.14251
13.05 1.14443
13.08 1.14635
13.11 1.14827
13.14 1.15019
13.17 1.15211
13.2 1.15403
13.23 1.15596
13.26 1.15788
13.29 1.15981
13.32 1.16174
13.35 1.16367
13.38 1.1656
13.41 1.16753
13.44 1.16947
13.47 1.1714
13.5 1.17334
13.53 1.17528
13.56 1.17722
13.59 1.17917
13.62 1.18111
13.65 1.18306
13.68 1.18501
13.71 1.18696
13.74 1.18891
13.77 1.19087
13.8 1.19283
13.83 1.19478
13.86 1.19675
13.89 1.19871
13.92 1.20068
13.95 1.20264
13.98 1.20461
14.01 1.20658
14.04 1.20856
14.07 1.21054
14.1 1.21252
14.13 1.2145
14.16 1.21648
14.19 1.21847
14.22 1.22046
14.25 1.22245
14.28 1.22444
14.31 1.22644
14.34 1.22844
14.37 1.23044
14.4 1.23244
14.43 1.23445
14.46 1.23646
14.49 1.23847
14.52 1.24048
14.55 1.2425
14.58 1.24452
14.61 1.24655
14.64 1.24857
14.67 1.2506
14.7 1.25263
14.73 1.25467
14.76 1.25671
14.79 1.25875
14.82 1.26079
14.85 1.26284
14.88 1.26489
14.91 1.26694
14.94 1.269
14.97 1.27106
15 1.27312
15.03 1.27519
15.06 1.27726
15.09 1.27933
15.12 1.28141
15.15 1.28349
15.18 1.28557
15.21 1.28766
15.24 1.28975
15.27 1.29184
15.3 1.29394
15.33 1.29604
15.36 1.29814
15.39 1.30025
15.42 1.30236
15.45 1.30448
15.48 1.3066
15.51 1.30872
15.54 1.31084
15.57 1.31297
15.6 1.31511
15.63 1.31724
15.66 1.31939
15.69 1.32153
15.72 1.32368
15.75 1.32583
15.78 1.32799
15.81 1.33015
15.84 1.33231
15.87 1.33448
15.9 1.33665
15.93 1.33883
15.96 1.34101
15.99 1.34319
16.02 1.34538
16.05 1.34758
16.08 1.34977
16.11 1.35197
16.14 1.35418
16.17 1.35639
16.2 1.3586
16.23 1.36082
16.26 1.36304
16.29 1.36527
16.32 1.3675
16.35 1.36973
16.38 1.37197
16.41 1.37421
16.44 1.37646
16.47 1.37871
16.5 1.38097
16.53 1.38323
16.56 1.3855
16.59 1.38777
16.62 1.39004
16.65 1.39232
16.68 1.3946
16.71 1.39689
16.74 1.39918
16.77 1.40148
16.8 1.40378
16.83 1.40608
16.86 1.40839
16.89 1.41071
16.92 1.41303
16.95 1.41535
16.98 1.41768
17.01 1.42001
17.04 1.42235
17.07 1.42469
17.1 1.42704
17.13 1.42939
17.16 1.43175
17.19 1.43411
17.22 1.43647
17.25 1.43884
17.28 1.44122
17.31 1.4436
17.34 1.44598
17.37 1.44837
17.4 1.45076
17.43 1.45316
17.46 1.45557
17.49 1.45797
17.52 1.46039
17.55 1.4628
17.58 1.46523
17.61 1.46765
17.64 1.47008
17.67 1.47252
17.7 1.47496
17.73 1.47741
17.76 1.47986
17.79 1.48231
17.82 1.48477
17.85 1.48724
17.88 1.4897
17.91 1.49218
17.94 1.49466
17.97 1.49714
18 1.49963
18.03 1.50212
18.06 1.50462
18.09 1.50712
18.12 1.50963
18.15 1.51214
18.18 1.51466
18.21 1.51718
18.24 1.5197
18.27 1.52223
18.3 1.52477
18.33 1.52731
18.36 1.52985
18.39 1.5324
18.42 1.53495
18.45 1.53751
18.48 1.54008
18.51 1.54264
18.54 1.54521
18.57 1.54779
18.6 1.55037
18.63 1.55296
18.66 1.55555
18.69 1.55814
18.72 1.56074
18.75 1.56334
18.78 1.56595
18.81 1.56857
18.84 1.57118
18.87 1.5738
18.9 1.57643
18.93 1.57906
18.96 1.58169
18.99 1.58433
19.02 1.58698
19.05 1.58962
19.08 1.59227
19.11 1.59493
19.14 1.59759
19.17 1.60026
19.2 1.60292
19.23 1.6056
19.26 1.60827
19.29 1.61096
19.32 1.61364
19.35 1.61633
19.38 1.61902
19.41 1.62172
19.44 1.62442
19.47 1.62713
19.5 1.62984
19.53 1.63255
19.56 1.63527
19.59 1.63799
19.62 1.64072
19.65 1.64345
19.68 1.64618
19.71 1.64891
19.74 1.65166
19.77 1.6544
19.8 1.65715
19.83 1.6599
19.86 1.66265
19.89 1.66541
19.92 1.66818
19.95 1.67094
19.98 1.67371
20.01 1.67649
20.04 1.67926
20.07 1.68204
20.1 1.68483
20.13 1.68761
20.16 1.6904
20.19 1.6932
20.22 1.69599
20.25 1.69879
20.28 1.7016
20.31 1.7044
20.34 1.70721
20.37 1.71003
20.4 1.71284
20.43 1.71566
20.46 1.71849
20.49 1.72131
20.52 1.72414
20.55 1.72697
20.58 1.7298
20.61 1.73264
20.64 1.73548
20.67 1.73833
20.7 1.74117
20.73 1.74402
20.76 1.74687
20.79 1.74972
20.82 1.75258
20.85 1.75544
20.88 1.7583
20.91 1.76117
20.94 1.76403
20.97 1.7669
21 1.76977
21.03 1.77265
21.06 1.77553
21.09 1.7784
21.12 1.78129
21.15 1.78417
21.18 1.78706
21.21 1.78994
21.24 1.79283
21.27 1.79573
21.3 1.79862
21.33 1.80152
21.36 1.80442
21.39 1.80732
21.42 1.81022
21.45 1.81313
21.48 1.81603
21.51 1.81894
21.54 1.82185
21.57 1.82477
21.6 1.82768
21.63 1.8306
21.66 1.83352
21.69 1.83644
21.72 1.83936
21.75 1.84228
21.78 1.84521
21.81 1.84813
21.84 1.85106
21.87 1.85399
21.9 1.85692
21.93 1.85986
21.96 1.86279
21.99 1.86573
22.02 1.86867
22.05 1.87161
22.08 1.87455
22.11 1.87749
22.14 1.88043
22.17 1.88338
22.2 1.88632
22.23 1.88927
22.26 1.89222
22.29 1.89517
22.32 1.89812
22.35 1.90107
22.38 1.90403
22.41 1.90698
22.44 1.90994
22.47 1.91289
22.5 1.91585
22.53 1.91881
22.56 1.92177
22.59 1.92473
22.62 1.9277
22.65 1.93066
22.68 1.93363
22.71 1.93659
22.74 1.93956
22.77 1.94253
22.8 1.9455
22.83 1.94847
22.86 1.95144
22.89 1.95441
22.92 1.95738
22.95 1.96036
22.98 1.96333
23.01 1.96631
23.04 1.96928
23.07 1.97226
23.1 1.97524
23.13 1.97822
23.16 1.9812
23.19 1.98418
23.22 1.98716
23.25 1.99015
23.28 1.99313
23.31 1.99612
23.34 1.9991
23.37 2.00209
23.4 2.00508
23.43 2.00807
23.46 2.01106
23.49 2.01405
23.52 2.01704
23.55 2.02003
23.58 2.02303
23.61 2.02602
23.64 2.02902
23.67 2.03202
23.7 2.03501
23.73 2.03801
23.76 2.04101
23.79 2.04401
23.82 2.04702
23.85 2.05002
23.88 2.05302
23.91 2.05603
23.94 2.05904
23.97 2.06205
24 2.06506
24.03 2.06807
24.06 2.07108
24.09 2.07409
24.12 2.07711
24.15 2.08012
24.18 2.08314
24.21 2.08616
24.24 2.08918
24.27 2.0922
24.3 2.09522
24.33 2.09825
24.36 2.10128
24.39 2.1043
24.42 2.10733
24.45 2.11037
24.48 2.1134
24.51 2.11644
24.54 2.11947
24.57 2.12251
24.6 2.12555
24.63 2.1286
24.66 2.13164
24.69 2.13469
24.72 2.13774
24.75 2.14079
24.78 2.14384
24.81 2.1469
24.84 2.14996
24.87 2.15302
24.9 2.15608
24.93 2.15915
24.96 2.16222
24.99 2.16529
25.02 2.16836
25.05 2.17144
25.08 2.17452
25.11 2.1776
25.14 2.18069
25.17 2.18378
25.2 2.18687
25.23 2.18996
25.26 2.19306
25.29 2.19616
25.32 2.19927
25.35 2.20238
25.38 2.20549
25.41 2.2086
25.44 2.21172
25.47 2.21485
25.5 2.21797
25.53 2.2211
25.56 2.22424
25.59 2.22738
25.62 2.23052
25.65 2.23367
25.68 2.23682
25.71 2.23998
25.74 2.24314
25.77 2.24631
25.8 2.24948
25.83 2.25265
25.86 2.25584
25.89 2.25902
25.92 2.26221
25.95 2.26541
25.98 2.26861
26.01 2.27182
26.04 2.27503
26.07 2.27825
26.1 2.28147
26.13 2.2847
26.16 2.28794
26.19 2.29118
26.22 2.29443
26.25 2.29768
26.28 2.30094
26.31 2.30421
26.34 2.30748
26.37 2.31076
26.4 2.31405
26.43 2.31734
26.46 2.32064
26.49 2.32395
26.52 2.32726
26.55 2.33059
26.58 2.33392
26.61 2.33725
26.64 2.3406
26.67 2.34395
26.7 2.34731
26.73 2.35068
26.76 2.35406
26.79 2.35744
26.82 2.36083
26.85 2.36424
26.88 2.36765
26.91 2.37106
26.94 2.37449
26.97 2.37793
27 2.38137
27.03 2.38483
27.06 2.38829
27.09 2.39176
27.12 2.39524
27.15 2.39874
27.18 2.40224
27.21 2.40575
27.24 2.40927
27.27 2.4128
27.3 2.41634
27.33 2.41989
27.36 2.42345
27.39 2.42702
27.42 2.4306
27.45 2.4342
27.48 2.4378
27.51 2.44141
27.54 2.44504
27.57 2.44867
27.6 2.45232
27.63 2.45597
27.66 2.45964
27.69 2.46332
27.72 2.46701
27.75 2.47071
27.78 2.47443
27.81 2.47815
27.84 2.48189
27.87 2.48564
27.9 2.4894
27.93 2.49317
27.96 2.49695
27.99 2.50075
28.02 2.50456
28.05 2.50838
28.08 2.51221
28.11 2.51606
28.14 2.51991
28.17 2.52378
28.2 2.52766
28.23 2.53156
28.26 2.53547
28.29 2.53939
28.32 2.54332
28.35 2.54726
28.38 2.55122
28.41 2.55519
28.44 2.55917
28.47 2.56317
28.5 2.56718
28.53 2.5712
28.56 2.57523
28.59 2.57928
28.62 2.58334
28.65 2.58741
28.68 2.59149
28.71 2.59559
28.74 2.5997
28.77 2.60383
28.8 2.60796
28.83 2.61211
28.86 2.61627
28.89 2.62045
28.92 2.62464
28.95 2.62884
28.98 2.63305
29.01 2.63727
29.04 2.64151
29.07 2.64576
29.1 2.65002
29.13 2.6543
29.16 2.65859
29.19 2.66289
29.22 2.6672
29.25 2.67152
29.28 2.67586
29.31 2.68021
29.34 2.68457
29.37 2.68894
29.4 2.69333
29.43 2.69772
29.46 2.70213
29.49 2.70655
29.52 2.71098
29.55 2.71542
29.58 2.71987
29.61 2.72433
29.64 2.72881
29.67 2.73329
29.7 2.73779
29.73 2.74229
29.76 2.74681
29.79 2.75133
29.82 2.75587
29.85 2.76042
29.88 2.76497
29.91 2.76954
29.94 2.77411
29.97 2.7787
30 2.78329
30.001 0
