0 0
0.03 0.214662
0.06 0.215648
0.09 0.21664
0.12 0.217638
0.15 0.218642
0.18 0.219652
0.21 0.220667
0.24 0.221688
0.27 0.222715
0.3 0.223748
0.33 0.224787
0.36 0.225832
0.39 0.226882
0.42 0.227939
0.45 0.229001
0.48 0.23007
0.51 0.231144
0.54 0.232224
0.57 0.233311
0.6 0.234403
0.63 0.235501
0.66 0.236606
0.69 0.237716
0.72 0.238833
0.75 0.239955
0.78 0.241083
0.81 0.242218
0.84 0.243358
0.87 0.244505
0.9 0.245658
0.93 0.246817
0.96 0.247981
0.99 0.249152
1.02 0.250329
1.05 0.251512
1.08 0.252702
1.11 0.253897
1.14 0.255098
1.17 0.256306
1.2 0.257519
1.23 0.258739
1.26 0.259964
1.29 0.261196
1.32 0.262434
1.35 0.263678
1.38 0.264928
1.41 0.266184
1.44 0.267446
1.47 0.268714
1.5 0.269988
1.53 0.271268
1.56 0.272555
1.59 0.273847
1.62 0.275145
1.65 0.27645
1.68 0.27776
1.71 0.279076
1.74 0.280399
1.77 0.281727
1.8 0.283061
1.83 0.284401
1.86 0.285748
1.89 0.2871
1.92 0.288458
1.95 0.289821
1.98 0.291191
2.01 0.292567
2.04 0.293948
2.07 0.295335
2.1 0.296728
2.13 0.298127
2.16 0.299532
2.19 0.300942
2.22 0.302358
2.25 0.30378
2.28 0.305207
2.31 0.306641
2.34 0.308079
2.37 0.309524
2.4 0.310974
2.43 0.31243
2.46 0.313891
2.49 0.315358
2.52 0.31683
2.55 0.318308
2.58 0.319791
2.61 0.321279
2.64 0.322773
2.67 0.324273
2.7 0.325778
2.73 0.327288
2.76 0.328803
2.79 0.330324
2.82 0.33185
2.85 0.333381
2.88 0.334917
2.91 0.336458
2.94 0.338005
2.97 0.339557
3 0.341113
3.03 0.342675
3.06 0.344242
3.09 0.345813
3.12 0.34739
3.15 0.348972
3.18 0.350558
3.21 0.352149
3.24 0.353745
3.27 0.355346
3.3 0.356951
3.33 0.358562
3.36 0.360176
3.39 0.361796
3.42 0.36342
3.45 0.365048
3.48 0.366681
3.51 0.368319
3.54 0.369961
3.57 0.371607
3.6 0.373258
3.63 0.374913
3.66 0.376573
3.69 0.378236
3.72 0.379904
3.75 0.381576
3.78 0.383252
3.81 0.384933
3.84 0.386617
3.87 0.388305
3.9 0.389997
3.93 0.391694
3.96 0.393394
3.99 0.395098
4.02 0.396806
4.05 0.398517
4.08 0.400233
4.11 0.401952
4.14 0.403675
4.17 0.405401
4.2 0.407131
4.23 0.408865
4.26 0.410602
4.29 0.412342
4.32 0.414086
4.35 0.415833
4.38 0.417584
4.41 0.419338
4.44 0.421096
4.47 0.422856
4.5 0.42462
4.53 0.426387
4.56 0.428157
4.59 0.42993
4.62 0.431706
4.65 0.433485
4.68 0.435267
4.71 0.437052
4.74 0.43884
4.77 0.440631
4.8 0.442424
4.83 0.44422
4.86 0.446019
4.89 0.447821
4.92 0.449626
4.95 0.451433
4.98 0.453242
5.01 0.455054
5.04 0.456869
5.07 0.458686
5.1 0.460506
5.13 0.462327
5.16 0.464152
5.19 0.465978
5.22 0.467807
5.25 0.469638
5.28 0.471472
5.31 0.473307
5.34 0.475145
5.37 0.476985
5.4 0.478827
5.43 0.480671
5.46 0.482517
5.49 0.484365
5.52 0.486214
5.55 0.488066
5.58 0.48992
5.61 0.491775
5.64 0.493633
5.67 0.495492
5.7 0.497353
5.73 0.499215
5.76 0.50108
5.79 0.502945
5.82 0.504813
5.85 0.506682
5.88 0.508553
5.91 0.510425
5.94 0.512299
5.97 0.514174
6 0.516051
6.03 0.517929
6.06 0.519809
6.09 0.52169
6.12 0.523572
6.15 0.525456
6.18 0.52734
6.21 0.529227
6.24 0.531114
6.27 0.533003
6.3 0.534893
6.33 0.536784
6.36 0.538676
6.39 0.540569
6.42 0.542463
6.45 0.544359
6.48 0.546255
6.51 0.548153
6.54 0.550052
6.57 0.551951
6.6 0.553852
6.63 0.555753
6.66 0.557656
6.69 0.559559
6.72 0.561463
6.75 0.563368
6.78 0.565274
6.81 0.567181
6.84 0.569089
6.87 0.570997
6.9 0.572907
6.93 0.574817
6.96 0.576728
6.99 0.578639
7.02 0.580551
7.05 0.582464
7.08 0.584378
7.11 0.586293
7.14 0.588208
7.17 0.590124
7.2 0.59204
7.23 0.593957
7.26 0.595875
7.29 0.597793
7.32 0.599712
7.35 0.601631
7.38 0.603552
7.41 0.605472
7.44 0.607394
7.47 0.609315
7.5 0.611238
7.53 0.613161
7.56 0.615084
7.59 0.617008
7.62 0.618933
7.65 0.620858
7.68 0.622783
7.71 0.62471
7.74 0.626636
7.77 0.628563
7.8 0.630491
7.83 0.632419
7.86 0.634347
7.89 0.636277
7.92 0.638206
7.95 0.640136
7.98 0.642067
8.01 0.643998
8.04 0.645929
8.07 0.647861
8.1 0.649793
8.13 0.651726
8.16 0.65366
8.19 0.655594
8.22 0.657528
8.25 0.659463
8.28 0.661398
8.31 0.663334
8.34 0.66527
8.37 0.667207
8.4 0.669144
8.43 0.671082
8.46 0.673021
8.49 0.674959
8.52 0.676899
8.55 0.678839
8.58 0.680779
8.61 0.68272
8.64 0.684661
8.67 0.686603
8.7 0.688546
8.73 0.690489
8.76 0.692433
8.79 0.694377
8.82 0.696322
8.85 0.698267
8.88 0.700213
8.91 0.70216
8.94 0.704107
8.97 0.706055
9 0.708004
9.03 0.709953
9.06 0.711903
9.09 0.713853
9.12 0.715805
9.15 0.717756
9.18 0.719709
9.21 0.721662
9.24 0.723617
9.27 0.725571
9.3 0.727527
9.33 0.729483
9.36 0.731441
9.39 0.733398
9.42 0.735357
9.45 0.737317
9.48 0.739277
9.51 0.741239
9.54 0.743201
9.57 0.745164
9.6 0.747128
9.63 0.749093
9.66 0.751059
9.69 0.753026
9.72 0.754994
9.75 0.756962
9.78 0.758932
9.81 0.760903
9.84 0.762875
9.87 0.764848
9.9 0.766822
9.93 0.768797
9.96 0.770773
9.99 0.772751
10.02 0.774729
10.05 0.776709
10.08 0.77869
10.11 0.780672
10.14 0.782655
10.17 0.78464
10.2 0.786626
10.23 0.788613
10.26 0.790602
10.29 0.792592
10.32 0.794583
10.35 0.796576
10.38 0.79857
10.41 0.800565
10.44 0.802562
10.47 0.80456
10.5 0.80656
10.53 0.808562
10.56 0.810565
10.59 0.812569
10.62 0.814575
10.65 0.816583
10.68 0.818592
10.71 0.820603
10.74 0.822616
10.77 0.82463
10.8 0.826646
10.83 0.828664
10.86 0.830684
10.89 0.832705
10.92 0.834728
10.95 0.836753
10.98 0.83878
11.01 0.840809
11.04 0.84284
11.07 0.844872
11.1 0.846907
11.13 0.848944
11.16 0.850982
11.19 0.853023
11.22 0.855066
11.25 0.857111
11.28 0.859158
11.31 0.861207
11.34 0.863258
11.37 0.865312
11.4 0.867367
11.43 0.869425
11.46 0.871486
11.49 0.873548
11.52 0.875613
11.55 0.87768
11.58 0.87975
11.61 0.881822
11.64 0.883897
11.67 0.885973
11.7 0.888053
11.73 0.890135
11.76 0.892219
11.79 0.894306
11.82 0.896396
11.85 0.898488
11.88 0.900583
11.91 0.902681
11.94 0.904781
11.97 0.906884
12 0.908989
12.03 0.911098
12.06 0.913209
12.09 0.915323
12.12 0.91744
12.15 0.91956
12.18 0.921683
12.21 0.923809
12.24 0.925937
12.27 0.928069
12.3 0.930204
12.33 0.932341
12.36 0.934482
12.39 0.936626
12.42 0.938773
12.45 0.940923
12.48 0.943076
12.51 0.945233
12.54 0.947393
12.57 0.949556
12.6 0.951722
12.63 0.953892
12.66 0.956064
12.69 0.958241
12.72 0.96042
12.75 0.962603
12.78 0.96479
12.81 0.96698
12.84 0.969173
12.87 0.97137
12.9 0.97357
12.93 0.975774
12.96 0.977982
12.99 0.980193
13.02 0.982408
13.05 0.984626
13.08 0.986849
13.11 0.989074
13.14 0.991304
13.17 0.993537
13.2 0.995774
13.23 0.998015
13.26 1.00026
13.29 1.00251
13.32 1.00476
13.35 1.00702
13.38 1.00928
13.41 1.01154
13.44 1.01381
13.47 1.01608
13.5 1.01836
13.53 1.02064
13.56 1.02292
13.59 1.02521
13.62 1.0275
13.65 1.0298
13.68 1.0321
13.71 1.03441
13.74 1.03672
13.77 1.03903
13.8 1.04135
13.83 1.04367
13.86 1.04599
13.89 1.04832
13.92 1.05066
13.95 1.053
13.98 1.05534
14.01 1.05769
14.04 1.06004
14.07 1.0624
14.1 1.06476
14.13 1.06712
14.16 1.06949
14.19 1.07187
14.22 1.07425
14.25 1.07663
14.28 1.07902
14.31 1.08141
14.34 1.08381
14.37 1.08621
14.4 1.08861
14.43 1.09102
14.46 1.09344
14.49 1.09586
14.52 1.09828
14.55 1.10071
14.58 1.10315
14.61 1.10559
14.64 1.10803
14.67 1.11048
14.7 1.11293
14.73 1.11539
14.76 1.11785
14.79 1.12032
14.82 1.12279
14.85 1.12527
14.88 1.12775
14.91 1.13023
14.94 1.13272
14.97 1.13522
15 1.13772
15.03 1.14023
15.06 1.14274
15.09 1.14525
15.12 1.14777
15.15 1.1503
15.18 1.15283
15.21 1.15537
15.24 1.15791
15.27 1.16045
15.3 1.163
15.33 1.16556
15.36 1.16812
15.39 1.17068
15.42 1.17325
15.45 1.17583
15.48 1.17841
15.51 1.18099
15.54 1.18358
15.57 1.18618
15.6 1.18878
15.63 1.19138
15.66 1.19399
15.69 1.19661
15.72 1.19923
15.75 1.20185
15.78 1.20448
15.81 1.20712
15.84 1.20976
15.87 1.2124
15.9 1.21505
15.93 1.21771
15.96 1.22037
15.99 1.22304
16.02 1.22571
16.05 1.22838
16.08 1.23106
16.11 1.23375
16.14 1.23644
16.17 1.23914
16.2 1.24184
16.23 1.24454
16.26 1.24725
16.29 1.24997
16.32 1.25269
16.35 1.25542
16.38 1.25815
16.41 1.26088
16.44 1.26362
16.47 1.26637
16.5 1.26912
16.53 1.27188
16.56 1.27464
16.59 1.2774
16.62 1.28017
16.65 1.28295
16.68 1.28573
16.71 1.28852
16.74 1.29131
16.77 1.2941
16.8 1.2969
16.83 1.29971
16.86 1.30252
16.89 1.30533
16.92 1.30815
16.95 1.31098
16.98 1.31381
17.01 1.31664
17.04 1.31948
17.07 1.32233
17.1 1.32518
17.13 1.32803
17.16 1.33089
17.19 1.33375
17.22 1.33662
17.25 1.33949
17.28 1.34237
17.31 1.34525
17.34 1.34814
17.37 1.35103
17.4 1.35393
17.43 1.35683
17.46 1.35974
17.49 1.36265
17.52 1.36556
17.55 1.36848
17.58 1.37141
17.61 1.37433
17.64 1.37727
17.67 1.3802
17.7 1.38315
17.73 1.38609
17.76 1.38904
17.79 1.392
17.82 1.39496
17.85 1.39792
17.88 1.40089
17.91 1.40387
17.94 1.40684
17.97 1.40983
18 1.41281
18.03 1.4158
18.06 1.4188
18.09 1.4218
18.12 1.4248
18.15 1.42781
18.18 1.43082
18.21 1.43383
18.24 1.43685
18.27 1.43988
18.3 1.4429
18.33 1.44594
18.36 1.44897
18.39 1.45201
18.42 1.45506
18.45 1.4581
18.48 1.46115
18.51 1.46421
18.54 1.46727
18.57 1.47033
18.6 1.4734
18.63 1.47647
18.66 1.47955
18.69 1.48262
18.72 1.48571
18.75 1.48879
18.78 1.49188
18.81 1.49498
18.84 1.49807
18.87 1.50117
18.9 1.50428
18.93 1.50738
18.96 1.5105
18.99 1.51361
19.02 1.51673
19.05 1.51985
19.08 1.52297
19.11 1.5261
19.14 1.52923
19.17 1.53237
19.2 1.53551
19.23 1.53865
19.26 1.54179
19.29 1.54494
19.32 1.54809
19.35 1.55124
19.38 1.5544
19.41 1.55756
19.44 1.56072
19.47 1.56389
19.5 1.56706
19.53 1.57023
19.56 1.57341
19.59 1.57658
19.62 1.57977
19.65 1.58295
19.68 1.58614
19.71 1.58932
19.74 1.59252
19.77 1.59571
19.8 1.59891
19.83 1.60211
19.86 1.60531
19.89 1.60852
19.92 1.61172
19.95 1.61493
19.98 1.61815
20.01 1.62136
20.04 1.62458
20.07 1.6278
20.1 1.63102
20.13 1.63425
20.16 1.63748
20.19 1.64071
20.22 1.64394
20.25 1.64717
20.28 1.65041
20.31 1.65365
20.34 1.65689
20.37 1.66013
20.4 1.66338
20.43 1.66662
20.46 1.66987
20.49 1.67312
20.52 1.67638
20.55 1.67963
20.58 1.68289
20.61 1.68615
20.64 1.68941
20.67 1.69267
20.7 1.69594
20.73 1.6992
20.76 1.70247
20.79 1.70574
20.82 1.70901
20.85 1.71229
20.88 1.71556
20.91 1.71884
20.94 1.72212
20.97 1.7254
21 1.72868
21.03 1.73197
21.06 1.73525
21.09 1.73854
21.12 1.74183
21.15 1.74512
21.18 1.74841
21.21 1.7517
21.24 1.75499
21.27 1.75829
21.3 1.76159
21.33 1.76489
21.36 1.76819
21.39 1.77149
21.42 1.77479
21.45 1.7781
21.48 1.7814
21.51 1.78471
21.54 1.78802
21.57 1.79133
21.6 1.79464
21.63 1.79795
21.66 1.80127
21.69 1.80458
21.72 1.8079
21.75 1.81121
21.78 1.81453
21.81 1.81785
21.84 1.82118
21.87 1.8245
21.9 1.82782
21.93 1.83115
21.96 1.83447
21.99 1.8378
22.02 1.84113
22.05 1.84446
22.08 1.8478
22.11 1.85113
22.14 1.85446
22.17 1.8578
22.2 1.86114
22.23 1.86448
22.26 1.86782
22.29 1.87116
22.32 1.8745
22.35 1.87784
22.38 1.88119
22.41 1.88454
22.44 1.88789
22.47 1.89124
22.5 1.89459
22.53 1.89794
22.56 1.9013
22.59 1.90465
22.62 1.90801
22.65 1.91137
22.68 1.91473
22.71 1.9181
22.74 1.92146
22.77 1.92483
22.8 1.9282
22.83 1.93157
22.86 1.93494
22.89 1.93831
22.92 1.94169
22.95 1.94507
22.98 1.94845
23.01 1.95183
23.04 1.95522
23.07 1.95861
23.1 1.96199
23.13 1.96539
23.16 1.96878
23.19 1.97218
23.22 1.97558
23.25 1.97898
23.28 1.98238
23.31 1.98579
23.34 1.9892
23.37 1.99261
23.4 1.99603
23.43 1.99945
23.46 2.00287
23.49 2.0063
23.52 2.00973
23.55 2.01316
23.58 2.01659
23.61 2.02003
23.64 2.02348
23.67 2.02692
23.7 2.03037
23.73 2.03383
23.76 2.03728
23.79 2.04075
23.82 2.04421
23.85 2.04768
23.88 2.05116
23.91 2.05464
23.94 2.05812
23.97 2.06161
24 2.0651
24.03 2.0686
24.06 2.07211
24.09 2.07561
24.12 2.07913
24.15 2.08265
24.18 2.08617
24.21 2.0897
24.24 2.09324
24.27 2.09678
24.3 2.10033
24.33 2.10389
24.36 2.10745
24.39 2.11101
24.42 2.11459
24.45 2.11817
24.48 2.12176
24.51 2.12535
24.54 2.12895
24.57 2.13256
24.6 2.13618
24.63 2.13981
24.66 2.14344
24.69 2.14708
24.72 2.15073
24.75 2.15438
24.78 2.15805
24.81 2.16172
24.84 2.16541
24.87 2.1691
24.9 2.1728
24.93 2.17651
24.96 2.18023
24.99 2.18396
25.02 2.1877
25.05 2.19145
25.08 2.1952
25.11 2.19897
25.14 2.20276
25.17 2.20655
25.2 2.21035
25.23 2.21416
25.26 2.21799
25.29 2.22182
25.32 2.22567
25.35 2.22953
25.38 2.2334
25.41 2.23729
25.44 2.24118
25.47 2.24509
25.5 2.24901
25.53 2.25295
25.56 2.2569
25.59 2.26086
25.62 2.26484
25.65 2.26883
25.68 2.27283
25.71 2.27685
25.74 2.28088
25.77 2.28493
25.8 2.28899
25.83 2.29307
25.86 2.29716
25.89 2.30127
25.92 2.30539
25.95 2.30953
25.98 2.31369
26.01 2.31786
26.04 2.32205
26.07 2.32625
26.1 2.33048
26.13 2.33472
26.16 2.33897
26.19 2.34325
26.22 2.34754
26.25 2.35185
26.28 2.35618
26.31 2.36053
26.34 2.36489
26.37 2.36928
26.4 2.37368
26.43 2.37811
26.46 2.38255
26.49 2.38701
26.52 2.39149
26.55 2.39599
26.58 2.40051
26.61 2.40505
26.64 2.40962
26.67 2.4142
26.7 2.4188
26.73 2.42343
26.76 2.42807
26.79 2.43274
26.82 2.43743
26.85 2.44214
26.88 2.44687
26.91 2.45162
26.94 2.4564
26.97 2.4612
27 2.46602
27.03 2.47086
27.06 2.47573
27.09 2.48061
27.12 2.48552
27.15 2.49046
27.18 2.49542
27.21 2.5004
27.24 2.5054
27.27 2.51043
27.3 2.51548
27.33 2.52055
27.36 2.52565
27.39 2.53077
27.42 2.53592
27.45 2.54109
27.48 2.54628
27.51 2.5515
27.54 2.55674
27.57 2.562
27.6 2.56729
27.63 2.57261
27.66 2.57795
27.69 2.58331
27.72 2.58869
27.75 2.5941
27.78 2.59954
27.81 2.605
27.84 2.61048
27.87 2.61599
27.9 2.62152
27.93 2.62707
27.96 2.63265
27.99 2.63825
28.02 2.64388
28.05 2.64953
28.08 2.6552
28.11 2.6609
28.14 2.66662
28.17 2.67236
28.2 2.67813
28.23 2.68392
28.26 2.68973
28.29 2.69557
28.32 2.70143
28.35 2.70731
28.38 2.71321
28.41 2.71913
28.44 2.72508
28.47 2.73104
28.5 2.73703
28.53 2.74304
28.56 2.74907
28.59 2.75512
28.62 2.76119
28.65 2.76728
28.68 2.77339
28.71 2.77952
28.74 2.78567
28.77 2.79184
28.8 2.79803
28.83 2.80423
28.86 2.81045
28.89 2.81669
28.92 2.82295
28.95 2.82922
28.98 2.83551
29.01 2.84181
29.04 2.84814
29.07 2.85447
29.1 2.86082
29.13 2.86719
29.16 2.87356
29.19 2.87995
29.22 2.88636
29.25 2.89277
29.28 2.8992
29.31 2.90564
29.34 2.91209
29.37 2.91855
29.4 2.92503
29.43 2.93151
29.46 2.938
29.49 2.94449
29.52 2.951
29.55 2.95751
29.58 2.96403
29.61 2.97056
29.64 2.97709
29.67 2.98362
29.7 2.99016
29.73 2.99671
29.76 3.00326
29.79 3.00981
29.82 3.01636
29.85 3.02291
29.88 3.02947
29.91 3.03602
29.94 3.04258
29.97 3.04913
30 3.05569
30.001 0
