0 5
0.03 5.00423
0.06 5.0044
0.09 5.00457
0.12 5.00474
0.15 5.00492
0.18 5.00509
0.21 5.00527
0.24 5.00544
0.27 5.00562
0.3 5.0058
0.33 5.00598
0.36 5.00616
0.39 5.00634
0.42 5.00652
0.45 5.0067
0.48 5.00689
0.51 5.00707
0.54 5.00726
0.57 5.00744
0.6 5.00763
0.63 5.00782
0.66 5.00801
0.69 5.0082
0.72 5.00839
0.75 5.00858
0.78 5.00877
0.81 5.00897
0.84 5.00916
0.87 5.00936
0.9 5.00955
0.93 5.00975
0.96 5.00995
0.99 5.01015
1.02 5.01035
1.05 5.01055
1.08 5.01075
1.11 5.01096
1.14 5.01116
1.17 5.01137
1.2 5.01157
1.23 5.01178
1.26 5.01199
1.29 5.0122
1.32 5.01241
1.35 5.01262
1.38 5.01283
1.41 5.01304
1.44 5.01326
1.47 5.01347
1.5 5.01369
1.53 5.01391
1.56 5.01413
1.59 5.01434
1.62 5.01456
1.65 5.01479
1.68 5.01501
1.71 5.01523
1.74 5.01546
1.77 5.01568
1.8 5.01591
1.83 5.01613
1.86 5.01636
1.89 5.01659
1.92 5.01682
1.95 5.01705
1.98 5.01728
2.01 5.01752
2.04 5.01775
2.07 5.01799
2.1 5.01822
2.13 5.01846
2.16 5.0187
2.19 5.01894
2.22 5.01918
2.25 5.01942
2.28 5.01966
2.31 5.0199
2.34 5.02015
2.37 5.02039
2.4 5.02064
2.43 5.02088
2.46 5.02113
2.49 5.02138
2.52 5.02163
2.55 5.02188
2.58 5.02213
2.61 5.02238
2.64 5.02264
2.67 5.02289
2.7 5.02315
2.73 5.0234
2.76 5.02366
2.79 5.02392
2.82 5.02418
2.85 5.02444
2.88 5.0247
2.91 5.02496
2.94 5.02523
2.97 5.02549
3 5.02576
3.03 5.02602
3.06 5.02629
3.09 5.02656
3.12 5.02683
3.15 5.0271
3.18 5.02737
3.21 5.02764
3.24 5.02791
3.27 5.02818
3.3 5.02846
3.33 5.02873
3.36 5.02901
3.39 5.02929
3.42 5.02956
3.45 5.02984
3.48 5.03012
3.51 5.0304
3.54 5.03068
3.57 5.03097
3.6 5.03125
3.63 5.03153
3.66 5.03182
3.69 5.0321
3.72 5.03239
3.75 5.03268
3.78 5.03297
3.81 5.03325
3.84 5.03354
3.87 5.03384
3.9 5.03413
3.93 5.03442
3.96 5.03471
3.99 5.03501
4.02 5.0353
4.05 5.0356
4.08 5.03589
4.11 5.03619
4.14 5.03649
4.17 5.03679
4.2 5.03709
4.23 5.03739
4.26 5.03769
4.29 5.03799
4.32 5.03829
4.35 5.03859
4.38 5.0389
4.41 5.0392
4.44 5.03951
4.47 5.03981
4.5 5.04012
4.53 5.04043
4.56 5.04074
4.59 5.04105
4.62 5.04136
4.65 5.04167
4.68 5.04198
4.71 5.04229
4.74 5.0426
4.77 5.04292
4.8 5.04323
4.83 5.04354
4.86 5.04386
4.89 5.04418
4.92 5.04449
4.95 5.04481
4.98 5.04513
5.01 5.04545
5.04 5.04577
5.07 5.04609
5.1 5.04641
5.13 5.04673
5.16 5.04705
5.19 5.04737
5.22 5.04769
5.25 5.04802
5.28 5.04834
5.31 5.04867
5.34 5.04899
5.37 5.04932
5.4 5.04964
5.43 5.04997
5.46 5.0503
5.49 5.05063
5.52 5.05095
5.55 5.05128
5.58 5.05161
5.61 5.05194
5.64 5.05227
5.67 5.05261
5.7 5.05294
5.73 5.05327
5.76 5.0536
5.79 5.05394
5.82 5.05427
5.85 5.05461
5.88 5.05494
5.91 5.05528
5.94 5.05561
5.97 5.05595
6 5.05629
6.03 5.05662
6.06 5.05696
6.09 5.0573
6.12 5.05764
6.15 5.05798
6.18 5.05832
6.21 5.05866
6.24 5.059
6.27 5.05934
6.3 5.05968
6.33 5.06003
6.36 5.06037
6.39 5.06071
6.42 5.06106
6.45 5.0614
6.48 5.06174
6.51 5.06209
6.54 5.06243
6.57 5.06278
6.6 5.06313
6.63 5.06347
6.66 5.06382
6.69 5.06417
6.72 5.06451
6.75 5.06486
6.78 5.06521
6.81 5.06556
6.84 5.06591
6.87 5.06626
6.9 5.06661
6.93 5.06696
6.96 5.06731
6.99 5.06766
7.02 5.06802
7.05 5.06837
7.08 5.06872
7.11 5.06907
7.14 5.06943
7.17 5.06978
7.2 5.07013
7.23 5.07049
7.26 5.07084
7.29 5.0712
7.32 5.07155
7.35 5.07191
7.38 5.07227
7.41 5.07262
7.44 5.07298
7.47 5.07334
7.5 5.0737
7.53 5.07405
7.56 5.07441
7.59 5.07477
7.62 5.07513
7.65 5.07549
7.68 5.07585
7.71 5.07621
7.74 5.07657
7.77 5.07693
7.8 5.07729
7.83 5.07766
7.86 5.07802
7.89 5.07838
7.92 5.07874
7.95 5.07911
7.98 5.07947
8.01 5.07983
8.04 5.0802
8.07 5.08056
8.1 5.08093
8.13 5.08129
8.16 5.08166
8.19 5.08202
8.22 5.08239
8.25 5.08276
8.28 5.08312
8.31 5.08349
8.34 5.08386
8.37 5.08423
8.4 5.0846
8.43 5.08497
8.46 5.08533
8.49 5.0857
8.52 5.08607
8.55 5.08644
8.58 5.08682
8.61 5.08719
8.64 5.08756
8.67 5.08793
8.7 5.0883
8.73 5.08868
8.76 5.08905
8.79 5.08942
8.82 5.0898
8.85 5.09017
8.88 5.09054
8.91 5.09092
8.94 5.09129
8.97 5.09167
9 5.09205
9.03 5.09242
9.06 5.0928
9.09 5.09318
9.12 5.09356
9.15 5.09393
9.18 5.09431
9.21 5.09469
9.24 5.09507
9.27 5.09545
9.3 5.09583
9.33 5.09621
9.36 5.09659
9.39 5.09697
9.42 5.09736
9.45 5.09774
9.48 5.09812
9.51 5.0985
9.54 5.09889
9.57 5.09927
9.6 5.09966
9.63 5.10004
9.66 5.10043
9.69 5.10081
9.72 5.1012
9.75 5.10159
9.78 5.10198
9.81 5.10236
9.84 5.10275
9.87 5.10314
9.9 5.10353
9.93 5.10392
9.96 5.10431
9.99 5.1047
10.02 5.10509
10.05 5.10549
10.08 5.10588
10.11 5.10627
10.14 5.10667
10.17 5.10706
10.2 5.10745
10.23 5.10785
10.26 5.10825
10.29 5.10864
10.32 5.10904
10.35 5.10944
10.38 5.10984
10.41 5.11023
10.44 5.11063
10.47 5.11103
10.5 5.11143
10.53 5.11183
10.56 5.11224
10.59 5.11264
10.62 5.11304
10.65 5.11344
10.68 5.11385
10.71 5.11425
10.74 5.11466
10.77 5.11507
10.8 5.11547
10.83 5.11588
10.86 5.11629
10.89 5.1167
10.92 5.11711
10.95 5.11752
10.98 5.11793
11.01 5.11834
11.04 5.11875
11.07 5.11916
11.1 5.11958
11.13 5.11999
11.16 5.12041
11.19 5.12082
11.22 5.12124
11.25 5.12165
11.28 5.12207
11.31 5.12249
11.34 5.12291
11.37 5.12333
11.4 5.12375
11.43 5.12417
11.46 5.1246
11.49 5.12502
11.52 5.12544
11.55 5.12587
11.58 5.12629
11.61 5.12672
11.64 5.12715
11.67 5.12757
11.7 5.128
11.73 5.12843
11.76 5.12886
11.79 5.1293
11.82 5.12973
11.85 5.13016
11.88 5.1306
11.91 5.13103
11.94 5.13147
11.97 5.1319
12 5.13234
12.03 5.13278
12.06 5.13322
12.09 5.13366
12.12 5.1341
12.15 5.13454
12.18 5.13499
12.21 5.13543
12.24 5.13588
12.27 5.13632
12.3 5.13677
12.33 5.13722
12.36 5.13767
12.39 5.13812
12.42 5.13857
12.45 5.13902
12.48 5.13947
12.51 5.13993
12.54 5.14038
12.57 5.14084
12.6 5.14129
12.63 5.14175
12.66 5.14221
12.69 5.14267
12.72 5.14313
12.75 5.1436
12.78 5.14406
12.81 5.14452
12.84 5.14499
12.87 5.14546
12.9 5.14593
12.93 5.14639
12.96 5.14686
12.99 5.14734
13.02 5.14781
13.05 5.14828
13.08 5.14876
13.11 5.14923
13.14 5.14971
13.17 5.15019
13.2 5.15067
13.23 5.15115
13.26 5.15163
13.29 5.15211
13.32 5.1526
13.35 5.15308
13.38 5.15357
13.41 5.15406
13.44 5.15455
13.47 5.15504
13.5 5.15553
13.53 5.15602
13.56 5.15652
13.59 5.15701
13.62 5.15751
13.65 5.15801
13.68 5.15851
13.71 5.15901
13.74 5.15951
13.77 5.16001
13.8 5.16052
13.83 5.16102
13.86 5.16153
13.89 5.16204
13.92 5.16255
13.95 5.16306
13.98 5.16358
14.01 5.16409
14.04 5.16461
14.07 5.16512
14.1 5.16564
14.13 5.16616
14.16 5.16668
14.19 5.1672
14.22 5.16773
14.25 5.16825
14.28 5.16878
14.31 5.16931
14.34 5.16984
14.37 5.17037
14.4 5.1709
14.43 5.17144
14.46 5.17197
14.49 5.17251
14.52 5.17305
14.55 5.17359
14.58 5.17413
14.61 5.17467
14.64 5.17522
14.67 5.17576
14.7 5.17631
14.73 5.17686
14.76 5.17741
14.79 5.17796
14.82 5.17851
14.85 5.17907
14.88 5.17962
14.91 5.18018
14.94 5.18074
14.97 5.1813
15 5.18187
15.03 5.18243
15.06 5.183
15.09 5.18356
15.12 5.18413
15.15 5.1847
15.18 5.18528
15.21 5.18585
15.24 5.18643
15.27 5.187
15.3 5.18758
15.33 5.18816
15.36 5.18874
15.39 5.18933
15.42 5.18991
15.45 5.1905
15.48 5.19109
15.51 5.19168
15.54 5.19227
15.57 5.19286
15.6 5.19346
15.63 5.19405
15.66 5.19465
15.69 5.19525
15.72 5.19585
15.75 5.19646
15.78 5.19706
15.81 5.19767
15.84 5.19828
15.87 5.19889
15.9 5.1995
15.93 5.20011
15.96 5.20073
15.99 5.20134
16.02 5.20196
16.05 5.20258
16.08 5.2032
16.11 5.20383
16.14 5.20445
16.17 5.20508
16.2 5.20571
16.23 5.20634
16.26 5.20697
16.29 5.2076
16.32 5.20824
16.35 5.20887
16.38 5.20951
16.41 5.21015
16.44 5.21079
16.47 5.21144
16.5 5.21208
16.53 5.21273
16.56 5.21338
16.59 5.21403
16.62 5.21468
16.65 5.21534
16.68 5.21599
16.71 5.21665
16.74 5.21731
16.77 5.21797
16.8 5.21863
16.83 5.2193
16.86 5.21997
16.89 5.22063
16.92 5.2213
16.95 5.22197
16.98 5.22265
17.01 5.22332
17.04 5.224
17.07 5.22468
17.1 5.22536
17.13 5.22604
17.16 5.22672
17.19 5.22741
17.22 5.22809
17.25 5.22878
17.28 5.22947
17.31 5.23016
17.34 5.23086
17.37 5.23155
17.4 5.23225
17.43 5.23295
17.46 5.23365
17.49 5.23435
17.52 5.23506
17.55 5.23576
17.58 5.23647
17.61 5.23718
17.64 5.23789
17.67 5.2386
17.7 5.23931
17.73 5.24003
17.76 5.24075
17.79 5.24147
17.82 5.24219
17.85 5.24291
17.88 5.24363
17.91 5.24436
17.94 5.24509
17.97 5.24582
18 5.24655
18.03 5.24728
18.06 5.24801
18.09 5.24875
18.12 5.24949
18.15 5.25022
18.18 5.25097
18.21 5.25171
18.24 5.25245
18.27 5.2532
18.3 5.25394
18.33 5.25469
18.36 5.25544
18.39 5.25619
18.42 5.25695
18.45 5.2577
18.48 5.25846
18.51 5.25922
18.54 5.25998
18.57 5.26074
18.6 5.2615
18.63 5.26227
18.66 5.26303
18.69 5.2638
18.72 5.26457
18.75 5.26534
18.78 5.26611
18.81 5.26688
18.84 5.26766
18.87 5.26844
18.9 5.26921
18.93 5.26999
18.96 5.27078
18.99 5.27156
19.02 5.27234
19.05 5.27313
19.08 5.27392
19.11 5.2747
19.14 5.27549
19.17 5.27629
19.2 5.27708
19.23 5.27787
19.26 5.27867
19.29 5.27947
19.32 5.28026
19.35 5.28106
19.38 5.28187
19.41 5.28267
19.44 5.28347
19.47 5.28428
19.5 5.28509
19.53 5.28589
19.56 5.2867
19.59 5.28752
19.62 5.28833
19.65 5.28914
19.68 5.28996
19.71 5.29077
19.74 5.29159
19.77 5.29241
19.8 5.29323
19.83 5.29405
19.86 5.29488
19.89 5.2957
19.92 5.29653
19.95 5.29735
19.98 5.29818
20.01 5.29901
20.04 5.29984
20.07 5.30067
20.1 5.30151
20.13 5.30234
20.16 5.30317
20.19 5.30401
20.22 5.30485
20.25 5.30569
20.28 5.30653
20.31 5.30737
20.34 5.30821
20.37 5.30906
20.4 5.3099
20.43 5.31075
20.46 5.31159
20.49 5.31244
20.52 5.31329
20.55 5.31414
20.58 5.315
20.61 5.31585
20.64 5.3167
20.67 5.31756
20.7 5.31841
20.73 5.31927
20.76 5.32013
20.79 5.32099
20.82 5.32185
20.85 5.32271
20.88 5.32357
20.91 5.32444
20.94 5.3253
20.97 5.32617
21 5.32703
21.03 5.3279
21.06 5.32877
21.09 5.32964
21.12 5.33051
21.15 5.33138
21.18 5.33225
21.21 5.33313
21.24 5.334
21.27 5.33488
21.3 5.33575
21.33 5.33663
21.36 5.33751
21.39 5.33839
21.42 5.33927
21.45 5.34015
21.48 5.34103
21.51 5.34191
21.54 5.3428
21.57 5.34368
21.6 5.34457
21.63 5.34545
21.66 5.34634
21.69 5.34723
21.72 5.34812
21.75 5.34901
21.78 5.3499
21.81 5.35079
21.84 5.35169
21.87 5.35258
21.9 5.35347
21.93 5.35437
21.96 5.35527
21.99 5.35616
22.02 5.35706
22.05 5.35796
22.08 5.35886
22.11 5.35976
22.14 5.36066
22.17 5.36157
22.2 5.36247
22.23 5.36337
22.26 5.36428
22.29 5.36519
22.32 5.36609
22.35 5.367
22.38 5.36791
22.41 5.36882
22.44 5.36973
22.47 5.37064
22.5 5.37156
22.53 5.37247
22.56 5.37339
22.59 5.3743
22.62 5.37522
22.65 5.37613
22.68 5.37705
22.71 5.37797
22.74 5.37889
22.77 5.37981
22.8 5.38074
22.83 5.38166
22.86 5.38259
22.89 5.38351
22.92 5.38444
22.95 5.38536
22.98 5.38629
23.01 5.38722
23.04 5.38815
23.07 5.38909
23.1 5.39002
23.13 5.39095
23.16 5.39189
23.19 5.39283
23.22 5.39376
23.25 5.3947
23.28 5.39564
23.31 5.39658
23.34 5.39753
23.37 5.39847
23.4 5.39942
23.43 5.40036
23.46 5.40131
23.49 5.40226
23.52 5.40321
23.55 5.40416
23.58 5.40511
23.61 5.40607
23.64 5.40702
23.67 5.40798
23.7 5.40894
23.73 5.4099
23.76 5.41086
23.79 5.41183
23.82 5.41279
23.85 5.41376
23.88 5.41473
23.91 5.4157
23.94 5.41667
23.97 5.41765
24 5.41862
24.03 5.4196
24.06 5.42058
24.09 5.42156
24.12 5.42254
24.15 5.42353
24.18 5.42451
24.21 5.4255
24.24 5.42649
24.27 5.42749
24.3 5.42848
24.33 5.42948
24.36 5.43048
24.39 5.43148
24.42 5.43248
24.45 5.43349
24.48 5.4345
24.51 5.43551
24.54 5.43652
24.57 5.43754
24.6 5.43856
24.63 5.43958
24.66 5.4406
24.69 5.44163
24.72 5.44266
24.75 5.44369
24.78 5.44472
24.81 5.44576
24.84 5.4468
24.87 5.44784
24.9 5.44889
24.93 5.44994
24.96 5.45099
24.99 5.45204
25.02 5.4531
25.05 5.45416
25.08 5.45523
25.11 5.45629
25.14 5.45736
25.17 5.45844
25.2 5.45952
25.23 5.4606
25.26 5.46168
25.29 5.46277
25.32 5.46386
25.35 5.46496
25.38 5.46606
25.41 5.46716
25.44 5.46827
25.47 5.46938
25.5 5.47049
25.53 5.47161
25.56 5.47274
25.59 5.47386
25.62 5.475
25.65 5.47613
25.68 5.47727
25.71 5.47841
25.74 5.47956
25.77 5.48072
25.8 5.48187
25.83 5.48304
25.86 5.4842
25.89 5.48537
25.92 5.48655
25.95 5.48773
25.98 5.48892
26.01 5.49011
26.04 5.4913
26.07 5.4925
26.1 5.49371
26.13 5.49492
26.16 5.49613
26.19 5.49736
26.22 5.49858
26.25 5.49981
26.28 5.50105
26.31 5.50229
26.34 5.50354
26.37 5.50479
26.4 5.50605
26.43 5.50732
26.46 5.50859
26.49 5.50986
26.52 5.51114
26.55 5.51243
26.58 5.51372
26.61 5.51502
26.64 5.51633
26.67 5.51764
26.7 5.51895
26.73 5.52028
26.76 5.52161
26.79 5.52294
26.82 5.52428
26.85 5.52563
26.88 5.52698
26.91 5.52834
26.94 5.52971
26.97 5.53108
27 5.53246
27.03 5.53384
27.06 5.53523
27.09 5.53663
27.12 5.53803
27.15 5.53944
27.18 5.54086
27.21 5.54228
27.24 5.54371
27.27 5.54515
27.3 5.54659
27.33 5.54804
27.36 5.5495
27.39 5.55096
27.42 5.55243
27.45 5.5539
27.48 5.55539
27.51 5.55687
27.54 5.55837
27.57 5.55987
27.6 5.56138
27.63 5.56289
27.66 5.56441
27.69 5.56594
27.72 5.56747
27.75 5.56901
27.78 5.57056
27.81 5.57211
27.84 5.57367
27.87 5.57524
27.9 5.57681
27.93 5.57839
27.96 5.57997
27.99 5.58156
28.02 5.58316
28.05 5.58476
28.08 5.58637
28.11 5.58798
28.14 5.5896
28.17 5.59123
28.2 5.59286
28.23 5.59449
28.26 5.59614
28.29 5.59778
28.32 5.59944
28.35 5.6011
28.38 5.60276
28.41 5.60443
28.44 5.6061
28.47 5.60778
28.5 5.60946
28.53 5.61115
28.56 5.61285
28.59 5.61454
28.62 5.61625
28.65 5.61795
28.68 5.61966
28.71 5.62138
28.74 5.6231
28.77 5.62482
28.8 5.62655
28.83 5.62828
28.86 5.63001
28.89 5.63175
28.92 5.63349
28.95 5.63523
28.98 5.63698
29.01 5.63872
29.04 5.64048
29.07 5.64223
29.1 5.64398
29.13 5.64574
29.16 5.6475
29.19 5.64926
29.22 5.65103
29.25 5.65279
29.28 5.65456
29.31 5.65632
29.34 5.65809
29.37 5.65986
29.4 5.66163
29.43 5.6634
29.46 5.66517
29.49 5.66694
29.52 5.66871
29.55 5.67048
29.58 5.67224
29.61 5.67401
29.64 5.67578
29.67 5.67754
29.7 5.67931
29.73 5.68107
29.76 5.68283
29.79 5.68459
29.82 5.68635
29.85 5.6881
29.88 5.68986
29.91 5.6916
29.94 5.69335
29.97 5.69509
30 5.69684
30.001 5
