0 -10
0.03 -8.99303
0.06 -8.99271
0.09 -8.99238
0.12 -8.99204
0.15 -8.99171
0.18 -8.99138
0.21 -8.99104
0.24 -8.9907
0.27 -8.99036
0.3 -8.99002
0.33 -8.98968
0.36 -8.98933
0.39 -8.98898
0.42 -8.98864
0.45 -8.98829
0.48 -8.98793
0.51 -8.98758
0.54 -8.98723
0.57 -8.98687
0.6 -8.98651
0.63 -8.98615
0.66 -8.98579
0.69 -8.98543
0.72 -8.98506
0.75 -8.9847
0.78 -8.98433
0.81 -8.98396
0.84 -8.98359
0.87 -8.98322
0.9 -8.98284
0.93 -8.98246
0.96 -8.98209
0.99 -8.98171
1.02 -8.98133
1.05 -8.98094
1.08 -8.98056
1.11 -8.98017
1.14 -8.97979
1.17 -8.9794
1.2 -8.97901
1.23 -8.97861
1.26 -8.97822
1.29 -8.97782
1.32 -8.97743
1.35 -8.97703
1.38 -8.97663
1.41 -8.97623
1.44 -8.97582
1.47 -8.97542
1.5 -8.97501
1.53 -8.9746
1.56 -8.97419
1.59 -8.97378
1.62 -8.97337
1.65 -8.97295
1.68 -8.97254
1.71 -8.97212
1.74 -8.9717
1.77 -8.97128
1.8 -8.97086
1.83 -8.97044
1.86 -8.97001
1.89 -8.96958
1.92 -8.96916
1.95 -8.96873
1.98 -8.9683
2.01 -8.96787
2.04 -8.96743
2.07 -8.967
2.1 -8.96656
2.13 -8.96612
2.16 -8.96568
2.19 -8.96524
2.22 -8.9648
2.25 -8.96436
2.28 -8.96391
2.31 -8.96347
2.34 -8.96302
2.37 -8.96257
2.4 -8.96212
2.43 -8.96167
2.46 -8.96122
2.49 -8.96077
2.52 -8.96031
2.55 -8.95985
2.58 -8.9594
2.61 -8.95894
2.64 -8.95848
2.67 -8.95802
2.7 -8.95755
2.73 -8.95709
2.76 -8.95663
2.79 -8.95616
2.82 -8.95569
2.85 -8.95523
2.88 -8.95476
2.91 -8.95429
2.94 -8.95382
2.97 -8.95334
3 -8.95287
3.03 -8.9524
3.06 -8.95192
3.09 -8.95144
3.12 -8.95097
3.15 -8.95049
3.18 -8.95001
3.21 -8.94953
3.24 -8.94905
3.27 -8.94856
3.3 -8.94808
3.33 -8.9476
3.36 -8.94711
3.39 -8.94663
3.42 -8.94614
3.45 -8.94565
3.48 -8.94516
3.51 -8.94467
3.54 -8.94418
3.57 -8.94369
3.6 -8.9432
3.63 -8.94271
3.66 -8.94222
3.69 -8.94172
3.72 -8.94123
3.75 -8.94073
3.78 -8.94023
3.81 -8.93974
3.84 -8.93924
3.87 -8.93874
3.9 -8.93824
3.93 -8.93774
3.96 -8.93724
3.99 -8.93674
4.02 -8.93624
4.05 -8.93574
4.08 -8.93524
4.11 -8.93474
4.14 -8.93423
4.17 -8.93373
4.2 -8.93322
4.23 -8.93272
4.26 -8.93221
4.29 -8.93171
4.32 -8.9312
4.35 -8.93069
4.38 -8.93019
4.41 -8.92968
4.44 -8.92917
4.47 -8.92866
4.5 -8.92815
4.53 -8.92765
4.56 -8.92714
4.59 -8.92663
4.62 -8.92612
4.65 -8.92561
4.68 -8.9251
4.71 -8.92459
4.74 -8.92407
4.77 -8.92356
4.8 -8.92305
4.83 -8.92254
4.86 -8.92203
4.89 -8.92151
4.92 -8.921
4.95 -8.92049
4.98 -8.91998
5.01 -8.91946
5.04 -8.91895
5.07 -8.91844
5.1 -8.91793
5.13 -8.91741
5.16 -8.9169
5.19 -8.91638
5.22 -8.91587
5.25 -8.91536
5.28 -8.91484
5.31 -8.91433
5.34 -8.91382
5.37 -8.9133
5.4 -8.91279
5.43 -8.91228
5.46 -8.91176
5.49 -8.91125
5.52 -8.91073
5.55 -8.91022
5.58 -8.90971
5.61 -8.90919
5.64 -8.90868
5.67 -8.90817
5.7 -8.90765
5.73 -8.90714
5.76 -8.90663
5.79 -8.90612
5.82 -8.9056
5.85 -8.90509
5.88 -8.90458
5.91 -8.90407
5.94 -8.90355
5.97 -8.90304
6 -8.90253
6.03 -8.90202
6.06 -8.90151
6.09 -8.901
6.12 -8.90049
6.15 -8.89998
6.18 -8.89947
6.21 -8.89896
6.24 -8.89845
6.27 -8.89794
6.3 -8.89743
6.33 -8.89692
6.36 -8.89641
6.39 -8.8959
6.42 -8.89539
6.45 -8.89488
6.48 -8.89438
6.51 -8.89387
6.54 -8.89336
6.57 -8.89286
6.6 -8.89235
6.63 -8.89184
6.66 -8.89134
6.69 -8.89083
6.72 -8.89033
6.75 -8.88982
6.78 -8.88932
6.81 -8.88882
6.84 -8.88831
6.87 -8.88781
6.9 -8.88731
6.93 -8.8868
6.96 -8.8863
6.99 -8.8858
7.02 -8.8853
7.05 -8.8848
7.08 -8.8843
7.11 -8.8838
7.14 -8.8833
7.17 -8.8828
7.2 -8.8823
7.23 -8.8818
7.26 -8.88131
7.29 -8.88081
7.32 -8.88031
7.35 -8.87981
7.38 -8.87932
7.41 -8.87882
7.44 -8.87833
7.47 -8.87783
7.5 -8.87734
7.53 -8.87684
7.56 -8.87635
7.59 -8.87586
7.62 -8.87536
7.65 -8.87487
7.68 -8.87438
7.71 -8.87389
7.74 -8.8734
7.77 -8.87291
7.8 -8.87242
7.83 -8.87193
7.86 -8.87144
7.89 -8.87095
7.92 -8.87046
7.95 -8.86997
7.98 -8.86949
8.01 -8.869
8.04 -8.86851
8.07 -8.86803
8.1 -8.86754
8.13 -8.86706
8.16 -8.86657
8.19 -8.86609
8.22 -8.8656
8.25 -8.86512
8.28 -8.86464
8.31 -8.86416
8.34 -8.86367
8.37 -8.86319
8.4 -8.86271
8.43 -8.86223
8.46 -8.86175
8.49 -8.86127
8.52 -8.86079
8.55 -8.86031
8.58 -8.85983
8.61 -8.85936
8.64 -8.85888
8.67 -8.8584
8.7 -8.85793
8.73 -8.85745
8.76 -8.85697
8.79 -8.8565
8.82 -8.85602
8.85 -8.85555
8.88 -8.85508
8.91 -8.8546
8.94 -8.85413
8.97 -8.85366
9 -8.85318
9.03 -8.85271
9.06 -8.85224
9.09 -8.85177
9.12 -8.8513
9.15 -8.85083
9.18 -8.85036
9.21 -8.84989
9.24 -8.84942
9.27 -8.84895
9.3 -8.84848
9.33 -8.84801
9.36 -8.84754
9.39 -8.84708
9.42 -8.84661
9.45 -8.84614
9.48 -8.84568
9.51 -8.84521
9.54 -8.84475
9.57 -8.84428
9.6 -8.84382
9.63 -8.84335
9.66 -8.84289
9.69 -8.84242
9.72 -8.84196
9.75 -8.8415
9.78 -8.84103
9.81 -8.84057
9.84 -8.84011
9.87 -8.83965
9.9 -8.83919
9.93 -8.83872
9.96 -8.83826
9.99 -8.8378
10.02 -8.83734
10.05 -8.83688
10.08 -8.83642
10.11 -8.83596
10.14 -8.8355
10.17 -8.83504
10.2 -8.83459
10.23 -8.83413
10.26 -8.83367
10.29 -8.83321
10.32 -8.83275
10.35 -8.8323
10.38 -8.83184
10.41 -8.83138
10.44 -8.83093
10.47 -8.83047
10.5 -8.83001
10.53 -8.82956
10.56 -8.8291
10.59 -8.82865
10.62 -8.82819
10.65 -8.82773
10.68 -8.82728
10.71 -8.82682
10.74 -8.82637
10.77 -8.82592
10.8 -8.82546
10.83 -8.82501
10.86 -8.82455
10.89 -8.8241
10.92 -8.82365
10.95 -8.82319
10.98 -8.82274
11.01 -8.82229
11.04 -8.82183
11.07 -8.82138
11.1 -8.82093
11.13 -8.82048
11.16 -8.82002
11.19 -8.81957
11.22 -8.81912
11.25 -8.81867
11.28 -8.81822
11.31 -8.81776
11.34 -8.81731
11.37 -8.81686
11.4 -8.81641
11.43 -8.81596
11.46 -8.81551
11.49 -8.81505
11.52 -8.8146
11.55 -8.81415
11.58 -8.8137
11.61 -8.81325
11.64 -8.8128
11.67 -8.81235
11.7 -8.8119
11.73 -8.81145
11.76 -8.811
11.79 -8.81055
11.82 -8.8101
11.85 -8.80964
11.88 -8.80919
11.91 -8.80874
11.94 -8.80829
11.97 -8.80784
12 -8.80739
12.03 -8.80694
12.06 -8.80649
12.09 -8.80604
12.12 -8.80559
12.15 -8.80514
12.18 -8.80469
12.21 -8.80424
12.24 -8.80379
12.27 -8.80334
12.3 -8.80289
12.33 -8.80244
12.36 -8.80199
12.39 -8.80154
12.42 -8.80109
12.45 -8.80064
12.48 -8.80018
12.51 -8.79973
12.54 -8.79928
12.57 -8.79883
12.6 -8.79838
12.63 -8.79793
12.66 -8.79748
12.69 -8.79703
12.72 -8.79658
12.75 -8.79613
12.78 -8.79567
12.81 -8.79522
12.84 -8.79477
12.87 -8.79432
12.9 -8.79387
12.93 -8.79342
12.96 -8.79297
12.99 -8.79251
13.02 -8.79206
13.05 -8.79161
13.08 -8.79116
13.11 -8.79071
13.14 -8.79025
13.17 -8.7898
13.2 -8.78935
13.23 -8.7889
13.26 -8.78844
13.29 -8.78799
13.32 -8.78754
13.35 -8.78708
13.38 -8.78663
13.41 -8.78618
13.44 -8.78573
13.47 -8.78527
13.5 -8.78482
13.53 -8.78436
13.56 -8.78391
13.59 -8.78346
13.62 -8.783
13.65 -8.78255
13.68 -8.78209
13.71 -8.78164
13.74 -8.78119
13.77 -8.78073
13.8 -8.78028
13.83 -8.77982
13.86 -8.77937
13.89 -8.77891
13.92 -8.77846
13.95 -8.778
13.98 -8.77754
14.01 -8.77709
14.04 -8.77663
14.07 -8.77618
14.1 -8.77572
14.13 -8.77526
14.16 -8.77481
14.19 -8.77435
14.22 -8.77389
14.25 -8.77344
14.28 -8.77298
14.31 -8.77252
14.34 -8.77207
14.37 -8.77161
14.4 -8.77115
14.43 -8.77069
14.46 -8.77024
14.49 -8.76978
14.52 -8.76932
14.55 -8.76886
14.58 -8.7684
14.61 -8.76795
14.64 -8.76749
14.67 -8.76703
14.7 -8.76657
14.73 -8.76611
14.76 -8.76565
14.79 -8.76519
14.82 -8.76473
14.85 -8.76428
14.88 -8.76382
14.91 -8.76336
14.94 -8.7629
14.97 -8.76244
15 -8.76198
15.03 -8.76152
15.06 -8.76106
15.09 -8.7606
15.12 -8.76014
15.15 -8.75968
15.18 -8.75922
15.21 -8.75876
15.24 -8.7583
15.27 -8.75784
15.3 -8.75737
15.33 -8.75691
15.36 -8.75645
15.39 -8.75599
15.42 -8.75553
15.45 -8.75507
15.48 -8.75461
15.51 -8.75415
15.54 -8.75369
15.57 -8.75323
15.6 -8.75276
15.63 -8.7523
15.66 -8.75184
15.69 -8.75138
15.72 -8.75092
15.75 -8.75046
15.78 -8.75
15.81 -8.74954
15.84 -8.74907
15.87 -8.74861
15.9 -8.74815
15.93 -8.74769
15.96 -8.74723
15.99 -8.74677
16.02 -8.74631
16.05 -8.74584
16.08 -8.74538
16.11 -8.74492
16.14 -8.74446
16.17 -8.744
16.2 -8.74354
16.23 -8.74308
16.26 -8.74262
16.29 -8.74215
16.32 -8.74169
16.35 -8.74123
16.38 -8.74077
16.41 -8.74031
16.44 -8.73985
16.47 -8.73939
16.5 -8.73893
16.53 -8.73847
16.56 -8.73801
16.59 -8.73755
16.62 -8.73709
16.65 -8.73663
16.68 -8.73617
16.71 -8.73571
16.74 -8.73525
16.77 -8.73479
16.8 -8.73433
16.83 -8.73387
16.86 -8.73341
16.89 -8.73295
16.92 -8.73249
16.95 -8.73204
16.98 -8.73158
17.01 -8.73112
17.04 -8.73066
17.07 -8.7302
17.1 -8.72975
17.13 -8.72929
17.16 -8.72883
17.19 -8.72838
17.22 -8.72792
17.25 -8.72746
17.28 -8.72701
17.31 -8.72655
17.34 -8.7261
17.37 -8.72564
17.4 -8.72519
17.43 -8.72473
17.46 -8.72428
17.49 -8.72382
17.52 -8.72337
17.55 -8.72291
17.58 -8.72246
17.61 -8.72201
17.64 -8.72156
17.67 -8.7211
17.7 -8.72065
17.73 -8.7202
17.76 -8.71975
17.79 -8.7193
17.82 -8.71885
17.85 -8.7184
17.88 -8.71795
17.91 -8.7175
17.94 -8.71705
17.97 -8.7166
18 -8.71616
18.03 -8.71571
18.06 -8.71526
18.09 -8.71481
18.12 -8.71437
18.15 -8.71392
18.18 -8.71348
18.21 -8.71303
18.24 -8.71259
18.27 -8.71214
18.3 -8.7117
18.33 -8.71126
18.36 -8.71082
18.39 -8.71037
18.42 -8.70993
18.45 -8.70949
18.48 -8.70905
18.51 -8.70861
18.54 -8.70817
18.57 -8.70774
18.6 -8.7073
18.63 -8.70686
18.66 -8.70642
18.69 -8.70599
18.72 -8.70555
18.75 -8.70512
18.78 -8.70468
18.81 -8.70425
18.84 -8.70382
18.87 -8.70338
18.9 -8.70295
18.93 -8.70252
18.96 -8.70209
18.99 -8.70166
19.02 -8.70123
19.05 -8.7008
19.08 -8.70038
19.11 -8.69995
19.14 -8.69952
19.17 -8.6991
19.2 -8.69867
19.23 -8.69825
19.26 -8.69783
19.29 -8.6974
19.32 -8.69698
19.35 -8.69656
19.38 -8.69614
19.41 -8.69572
19.44 -8.6953
19.47 -8.69488
19.5 -8.69447
19.53 -8.69405
19.56 -8.69363
19.59 -8.69322
19.62 -8.69281
19.65 -8.69239
19.68 -8.69198
19.71 -8.69157
19.74 -8.69116
19.77 -8.69075
19.8 -8.69034
19.83 -8.68993
19.86 -8.68953
19.89 -8.68912
19.92 -8.68872
19.95 -8.68831
19.98 -8.68791
20.01 -8.68751
20.04 -8.68711
20.07 -8.68671
20.1 -8.68631
20.13 -8.68591
20.16 -8.68551
20.19 -8.68511
20.22 -8.68472
20.25 -8.68432
20.28 -8.68393
20.31 -8.68354
20.34 -8.68315
20.37 -8.68276
20.4 -8.68237
20.43 -8.68198
20.46 -8.68159
20.49 -8.68121
20.52 -8.68082
20.55 -8.68044
20.58 -8.68005
20.61 -8.67967
20.64 -8.67929
20.67 -8.67891
20.7 -8.67853
20.73 -8.67815
20.76 -8.67778
20.79 -8.6774
20.82 -8.67703
20.85 -8.67666
20.88 -8.67628
20.91 -8.67591
20.94 -8.67554
20.97 -8.67517
21 -8.67481
21.03 -8.67444
21.06 -8.67408
21.09 -8.67371
21.12 -8.67335
21.15 -8.67299
21.18 -8.67263
21.21 -8.67227
21.24 -8.67191
21.27 -8.67156
21.3 -8.6712
21.33 -8.67085
21.36 -8.67049
21.39 -8.67014
21.42 -8.66979
21.45 -8.66944
21.48 -8.6691
21.51 -8.66875
21.54 -8.66841
21.57 -8.66806
21.6 -8.66772
21.63 -8.66738
21.66 -8.66704
21.69 -8.6667
21.72 -8.66636
21.75 -8.66603
21.78 -8.66569
21.81 -8.66536
21.84 -8.66503
21.87 -8.6647
21.9 -8.66437
21.93 -8.66404
21.96 -8.66371
21.99 -8.66339
22.02 -8.66307
22.05 -8.66274
22.08 -8.66242
22.11 -8.6621
22.14 -8.66179
22.17 -8.66147
22.2 -8.66115
22.23 -8.66084
22.26 -8.66053
22.29 -8.66022
22.32 -8.65991
22.35 -8.6596
22.38 -8.65929
22.41 -8.65899
22.44 -8.65868
22.47 -8.65838
22.5 -8.65808
22.53 -8.65778
22.56 -8.65749
22.59 -8.65719
22.62 -8.65689
22.65 -8.6566
22.68 -8.65631
22.71 -8.65602
22.74 -8.65573
22.77 -8.65544
22.8 -8.65516
22.83 -8.65487
22.86 -8.65459
22.89 -8.65431
22.92 -8.65403
22.95 -8.65375
22.98 -8.65348
23.01 -8.6532
23.04 -8.65293
23.07 -8.65266
23.1 -8.65239
23.13 -8.65212
23.16 -8.65185
23.19 -8.65159
23.22 -8.65132
23.25 -8.65106
23.28 -8.6508
23.31 -8.65054
23.34 -8.65028
23.37 -8.65003
23.4 -8.64977
23.43 -8.64952
23.46 -8.64927
23.49 -8.64902
23.52 -8.64877
23.55 -8.64853
23.58 -8.64828
23.61 -8.64804
23.64 -8.6478
23.67 -8.64756
23.7 -8.64732
23.73 -8.64709
23.76 -8.64685
23.79 -8.64662
23.82 -8.64639
23.85 -8.64616
23.88 -8.64593
23.91 -8.64571
23.94 -8.64548
23.97 -8.64526
24 -8.64504
24.03 -8.64482
24.06 -8.6446
24.09 -8.64439
24.12 -8.64417
24.15 -8.64396
24.18 -8.64375
24.21 -8.64354
24.24 -8.64334
24.27 -8.64313
24.3 -8.64293
24.33 -8.64273
24.36 -8.64253
24.39 -8.64233
24.42 -8.64213
24.45 -8.64194
24.48 -8.64175
24.51 -8.64155
24.54 -8.64137
24.57 -8.64118
24.6 -8.64099
24.63 -8.64081
24.66 -8.64063
24.69 -8.64045
24.72 -8.64027
24.75 -8.64009
24.78 -8.63992
24.81 -8.63975
24.84 -8.63958
24.87 -8.63941
24.9 -8.63924
24.93 -8.63908
24.96 -8.63892
24.99 -8.63876
25.02 -8.6386
25.05 -8.63844
25.08 -8.63828
25.11 -8.63813
25.14 -8.63798
25.17 -8.63783
25.2 -8.63768
25.23 -8.63754
25.26 -8.6374
25.29 -8.63726
25.32 -8.63712
25.35 -8.63698
25.38 -8.63684
25.41 -8.63671
25.44 -8.63658
25.47 -8.63645
25.5 -8.63633
25.53 -8.6362
25.56 -8.63608
25.59 -8.63596
25.62 -8.63584
25.65 -8.63573
25.68 -8.63561
25.71 -8.6355
25.74 -8.63539
25.77 -8.63528
25.8 -8.63518
25.83 -8.63508
25.86 -8.63498
25.89 -8.63488
25.92 -8.63478
25.95 -8.63469
25.98 -8.6346
26.01 -8.63451
26.04 -8.63442
26.07 -8.63434
26.1 -8.63425
26.13 -8.63417
26.16 -8.6341
26.19 -8.63402
26.22 -8.63395
26.25 -8.63388
26.28 -8.63381
26.31 -8.63375
26.34 -8.63369
26.37 -8.63363
26.4 -8.63357
26.43 -8.63351
26.46 -8.63346
26.49 -8.63341
26.52 -8.63336
26.55 -8.63332
26.58 -8.63328
26.61 -8.63324
26.64 -8.6332
26.67 -8.63317
26.7 -8.63314
26.73 -8.63311
26.76 -8.63308
26.79 -8.63306
26.82 -8.63304
26.85 -8.63303
26.88 -8.63301
26.91 -8.633
26.94 -8.63299
26.97 -8.63299
27 -8.63298
27.03 -8.63299
27.06 -8.63299
27.09 -8.633
27.12 -8.63301
27.15 -8.63302
27.18 -8.63303
27.21 -8.63305
27.24 -8.63308
27.27 -8.6331
27.3 -8.63313
27.33 -8.63316
27.36 -8.6332
27.39 -8.63324
27.42 -8.63328
27.45 -8.63332
27.48 -8.63337
27.51 -8.63342
27.54 -8.63348
27.57 -8.63354
27.6 -8.6336
27.63 -8.63367
27.66 -8.63374
27.69 -8.63381
27.72 -8.63389
27.75 -8.63397
27.78 -8.63405
27.81 -8.63414
27.84 -8.63423
27.87 -8.63433
27.9 -8.63443
27.93 -8.63453
27.96 -8.63463
27.99 -8.63474
28.02 -8.63486
28.05 -8.63498
28.08 -8.6351
28.11 -8.63523
28.14 -8.63536
28.17 -8.63549
28.2 -8.63563
28.23 -8.63577
28.26 -8.63592
28.29 -8.63607
28.32 -8.63622
28.35 -8.63638
28.38 -8.63654
28.41 -8.63671
28.44 -8.63688
28.47 -8.63706
28.5 -8.63724
28.53 -8.63742
28.56 -8.63761
28.59 -8.63781
28.62 -8.638
28.65 -8.63821
28.68 -8.63841
28.71 -8.63862
28.74 -8.63884
28.77 -8.63906
28.8 -8.63929
28.83 -8.63952
28.86 -8.63975
28.89 -8.63999
28.92 -8.64023
28.95 -8.64048
28.98 -8.64073
29.01 -8.64099
29.04 -8.64125
29.07 -8.64152
29.1 -8.64179
29.13 -8.64207
29.16 -8.64235
29.19 -8.64263
29.22 -8.64292
29.25 -8.64322
29.28 -8.64352
29.31 -8.64382
29.34 -8.64413
29.37 -8.64445
29.4 -8.64477
29.43 -8.64509
29.46 -8.64542
29.49 -8.64576
29.52 -8.64609
29.55 -8.64644
29.58 -8.64679
29.61 -8.64714
29.64 -8.6475
29.67 -8.64786
29.7 -8.64823
29.73 -8.6486
29.76 -8.64898
29.79 -8.64937
29.82 -8.64975
29.85 -8.65015
29.88 -8.65054
29.91 -8.65095
29.94 -8.65135
29.97 -8.65177
30 -8.65218
30.001 -10
