0 5
0.03 4.89532
0.06 4.8954
0.09 4.89548
0.12 4.89557
0.15 4.89565
0.18 4.89574
0.21 4.89582
0.24 4.8959
0.27 4.89599
0.3 4.89607
0.33 4.89616
0.36 4.89624
0.39 4.89633
0.42 4.89641
0.45 4.8965
0.48 4.89658
0.51 4.89667
0.54 4.89676
0.57 4.89684
0.6 4.89693
0.63 4.89701
0.66 4.8971
0.69 4.89719
0.72 4.89727
0.75 4.89736
0.78 4.89745
0.81 4.89753
0.84 4.89762
0.87 4.89771
0.9 4.89779
0.93 4.89788
0.96 4.89797
0.99 4.89806
1.02 4.89814
1.05 4.89823
1.08 4.89832
1.11 4.89841
1.14 4.8985
1.17 4.89858
1.2 4.89867
1.23 4.89876
1.26 4.89885
1.29 4.89894
1.32 4.89903
1.35 4.89912
1.38 4.89921
1.41 4.89929
1.44 4.89938
1.47 4.89947
1.5 4.89956
1.53 4.89965
1.56 4.89974
1.59 4.89983
1.62 4.89992
1.65 4.90001
1.68 4.9001
1.71 4.90019
1.74 4.90029
1.77 4.90038
1.8 4.90047
1.83 4.90056
1.86 4.90065
1.89 4.90074
1.92 4.90083
1.95 4.90092
1.98 4.90102
2.01 4.90111
2.04 4.9012
2.07 4.90129
2.1 4.90139
2.13 4.90148
2.16 4.90157
2.19 4.90166
2.22 4.90176
2.25 4.90185
2.28 4.90194
2.31 4.90204
2.34 4.90213
2.37 4.90222
2.4 4.90232
2.43 4.90241
2.46 4.9025
2.49 4.9026
2.52 4.90269
2.55 4.90279
2.58 4.90288
2.61 4.90298
2.64 4.90307
2.67 4.90317
2.7 4.90326
2.73 4.90336
2.76 4.90345
2.79 4.90355
2.82 4.90364
2.85 4.90374
2.88 4.90383
2.91 4.90393
2.94 4.90403
2.97 4.90412
3 4.90422
3.03 4.90431
3.06 4.90441
3.09 4.90451
3.12 4.90461
3.15 4.9047
3.18 4.9048
3.21 4.9049
3.24 4.90499
3.27 4.90509
3.3 4.90519
3.33 4.90529
3.36 4.90539
3.39 4.90548
3.42 4.90558
3.45 4.90568
3.48 4.90578
3.51 4.90588
3.54 4.90598
3.57 4.90608
3.6 4.90618
3.63 4.90628
3.66 4.90637
3.69 4.90647
3.72 4.90657
3.75 4.90667
3.78 4.90677
3.81 4.90687
3.84 4.90697
3.87 4.90708
3.9 4.90718
3.93 4.90728
3.96 4.90738
3.99 4.90748
4.02 4.90758
4.05 4.90768
4.08 4.90778
4.11 4.90788
4.14 4.90799
4.17 4.90809
4.2 4.90819
4.23 4.90829
4.26 4.9084
4.29 4.9085
4.32 4.9086
4.35 4.9087
4.38 4.90881
4.41 4.90891
4.44 4.90901
4.47 4.90912
4.5 4.90922
4.53 4.90932
4.56 4.90943
4.59 4.90953
4.62 4.90964
4.65 4.90974
4.68 4.90985
4.71 4.90995
4.74 4.91005
4.77 4.91016
4.8 4.91026
4.83 4.91037
4.86 4.91048
4.89 4.91058
4.92 4.91069
4.95 4.91079
4.98 4.9109
5.01 4.91101
5.04 4.91111
5.07 4.91122
5.1 4.91132
5.13 4.91143
5.16 4.91154
5.19 4.91165
5.22 4.91175
5.25 4.91186
5.28 4.91197
5.31 4.91208
5.34 4.91218
5.37 4.91229
5.4 4.9124
5.43 4.91251
5.46 4.91262
5.49 4.91273
5.52 4.91284
5.55 4.91294
5.58 4.91305
5.61 4.91316
5.64 4.91327
5.67 4.91338
5.7 4.91349
5.73 4.9136
5.76 4.91371
5.79 4.91382
5.82 4.91393
5.85 4.91404
5.88 4.91416
5.91 4.91427
5.94 4.91438
5.97 4.91449
6 4.9146
6.03 4.91471
6.06 4.91482
6.09 4.91494
6.12 4.91505
6.15 4.91516
6.18 4.91527
6.21 4.91539
6.24 4.9155
6.27 4.91561
6.3 4.91573
6.33 4.91584
6.36 4.91595
6.39 4.91607
6.42 4.91618
6.45 4.91629
6.48 4.91641
6.51 4.91652
6.54 4.91664
6.57 4.91675
6.6 4.91687
6.63 4.91698
6.66 4.9171
6.69 4.91721
6.72 4.91733
6.75 4.91744
6.78 4.91756
6.81 4.91768
6.84 4.91779
6.87 4.91791
6.9 4.91803
6.93 4.91814
6.96 4.91826
6.99 4.91838
7.02 4.9185
7.05 4.91861
7.08 4.91873
7.11 4.91885
7.14 4.91897
7.17 4.91909
7.2 4.9192
7.23 4.91932
7.26 4.91944
7.29 4.91956
7.32 4.91968
7.35 4.9198
7.38 4.91992
7.41 4.92004
7.44 4.92016
7.47 4.92028
7.5 4.9204
7.53 4.92052
7.56 4.92064
7.59 4.92076
7.62 4.92088
7.65 4.92101
7.68 4.92113
7.71 4.92125
7.74 4.92137
7.77 4.92149
7.8 4.92162
7.83 4.92174
7.86 4.92186
7.89 4.92198
7.92 4.92211
7.95 4.92223
7.98 4.92236
8.01 4.92248
8.04 4.9226
8.07 4.92273
8.1 4.92285
8.13 4.92298
8.16 4.9231
8.19 4.92323
8.22 4.92335
8.25 4.92348
8.28 4.9236
8.31 4.92373
8.34 4.92386
8.37 4.92398
8.4 4.92411
8.43 4.92423
8.46 4.92436
8.49 4.92449
8.52 4.92462
8.55 4.92474
8.58 4.92487
8.61 4.925
8.64 4.92513
8.67 4.92526
8.7 4.92539
8.73 4.92551
8.76 4.92564
8.79 4.92577
8.82 4.9259
8.85 4.92603
8.88 4.92616
8.91 4.92629
8.94 4.92642
8.97 4.92655
9 4.92668
9.03 4.92682
9.06 4.92695
9.09 4.92708
9.12 4.92721
9.15 4.92734
9.18 4.92748
9.21 4.92761
9.24 4.92774
9.27 4.92787
9.3 4.92801
9.33 4.92814
9.36 4.92827
9.39 4.92841
9.42 4.92854
9.45 4.92868
9.48 4.92881
9.51 4.92895
9.54 4.92908
9.57 4.92922
9.6 4.92935
9.63 4.92949
9.66 4.92963
9.69 4.92976
9.72 4.9299
9.75 4.93004
9.78 4.93017
9.81 4.93031
9.84 4.93045
9.87 4.93059
9.9 4.93073
9.93 4.93086
9.96 4.931
9.99 4.93114
10.02 4.93128
10.05 4.93142
10.08 4.93156
10.11 4.9317
10.14 4.93184
10.17 4.93198
10.2 4.93212
10.23 4.93227
10.26 4.93241
10.29 4.93255
10.32 4.93269
10.35 4.93283
10.38 4.93298
10.41 4.93312
10.44 4.93326
10.47 4.93341
10.5 4.93355
10.53 4.93369
10.56 4.93384
10.59 4.93398
10.62 4.93413
10.65 4.93427
10.68 4.93442
10.71 4.93457
10.74 4.93471
10.77 4.93486
10.8 4.935
10.83 4.93515
10.86 4.9353
10.89 4.93545
10.92 4.9356
10.95 4.93574
10.98 4.93589
11.01 4.93604
11.04 4.93619
11.07 4.93634
11.1 4.93649
11.13 4.93664
11.16 4.93679
11.19 4.93694
11.22 4.93709
11.25 4.93725
11.28 4.9374
11.31 4.93755
11.34 4.9377
11.37 4.93786
11.4 4.93801
11.43 4.93816
11.46 4.93832
11.49 4.93847
11.52 4.93863
11.55 4.93878
11.58 4.93894
11.61 4.93909
11.64 4.93925
11.67 4.9394
11.7 4.93956
11.73 4.93972
11.76 4.93988
11.79 4.94003
11.82 4.94019
11.85 4.94035
11.88 4.94051
11.91 4.94067
11.94 4.94083
11.97 4.94099
12 4.94115
12.03 4.94131
12.06 4.94147
12.09 4.94163
12.12 4.9418
12.15 4.94196
12.18 4.94212
12.21 4.94228
12.24 4.94245
12.27 4.94261
12.3 4.94278
12.33 4.94294
12.36 4.94311
12.39 4.94327
12.42 4.94344
12.45 4.94361
12.48 4.94377
12.51 4.94394
12.54 4.94411
12.57 4.94428
12.6 4.94444
12.63 4.94461
12.66 4.94478
12.69 4.94495
12.72 4.94512
12.75 4.9453
12.78 4.94547
12.81 4.94564
12.84 4.94581
12.87 4.94598
12.9 4.94616
12.93 4.94633
12.96 4.9465
12.99 4.94668
13.02 4.94685
13.05 4.94703
13.08 4.94721
13.11 4.94738
13.14 4.94756
13.17 4.94774
13.2 4.94792
13.23 4.94809
13.26 4.94827
13.29 4.94845
13.32 4.94863
13.35 4.94881
13.38 4.94899
13.41 4.94918
13.44 4.94936
13.47 4.94954
13.5 4.94972
13.53 4.94991
13.56 4.95009
13.59 4.95028
13.62 4.95046
13.65 4.95065
13.68 4.95083
13.71 4.95102
13.74 4.95121
13.77 4.9514
13.8 4.95159
13.83 4.95178
13.86 4.95197
13.89 4.95216
13.92 4.95235
13.95 4.95254
13.98 4.95273
14.01 4.95292
14.04 4.95312
14.07 4.95331
14.1 4.95351
14.13 4.9537
14.16 4.9539
14.19 4.95409
14.22 4.95429
14.25 4.95449
14.28 4.95469
14.31 4.95488
14.34 4.95508
14.37 4.95528
14.4 4.95549
14.43 4.95569
14.46 4.95589
14.49 4.95609
14.52 4.9563
14.55 4.9565
14.58 4.95671
14.61 4.95691
14.64 4.95712
14.67 4.95732
14.7 4.95753
14.73 4.95774
14.76 4.95795
14.79 4.95816
14.82 4.95837
14.85 4.95858
14.88 4.95879
14.91 4.95901
14.94 4.95922
14.97 4.95944
15 4.95965
15.03 4.95987
15.06 4.96008
15.09 4.9603
15.12 4.96052
15.15 4.96074
15.18 4.96096
15.21 4.96118
15.24 4.9614
15.27 4.96162
15.3 4.96184
15.33 4.96207
15.36 4.96229
15.39 4.96252
15.42 4.96275
15.45 4.96297
15.48 4.9632
15.51 4.96343
15.54 4.96366
15.57 4.96389
15.6 4.96412
15.63 4.96435
15.66 4.96459
15.69 4.96482
15.72 4.96506
15.75 4.96529
15.78 4.96553
15.81 4.96577
15.84 4.96601
15.87 4.96625
15.9 4.96649
15.93 4.96673
15.96 4.96697
15.99 4.96721
16.02 4.96746
16.05 4.9677
16.08 4.96795
16.11 4.9682
16.14 4.96845
16.17 4.9687
16.2 4.96895
16.23 4.9692
16.26 4.96945
16.29 4.96971
16.32 4.96996
16.35 4.97022
16.38 4.97047
16.41 4.97073
16.44 4.97099
16.47 4.97125
16.5 4.97151
16.53 4.97177
16.56 4.97204
16.59 4.9723
16.62 4.97257
16.65 4.97284
16.68 4.9731
16.71 4.97337
16.74 4.97364
16.77 4.97392
16.8 4.97419
16.83 4.97446
16.86 4.97474
16.89 4.97501
16.92 4.97529
16.95 4.97557
16.98 4.97585
17.01 4.97613
17.04 4.97642
17.07 4.9767
17.1 4.97698
17.13 4.97727
17.16 4.97756
17.19 4.97785
17.22 4.97814
17.25 4.97843
17.28 4.97872
17.31 4.97902
17.34 4.97931
17.37 4.97961
17.4 4.97991
17.43 4.98021
17.46 4.98051
17.49 4.98082
17.52 4.98112
17.55 4.98143
17.58 4.98173
17.61 4.98204
17.64 4.98235
17.67 4.98266
17.7 4.98298
17.73 4.98329
17.76 4.98361
17.79 4.98393
17.82 4.98424
17.85 4.98457
17.88 4.98489
17.91 4.98521
17.94 4.98554
17.97 4.98586
18 4.98619
18.03 4.98652
18.06 4.98686
18.09 4.98719
18.12 4.98753
18.15 4.98786
18.18 4.9882
18.21 4.98854
18.24 4.98888
18.27 4.98923
18.3 4.98957
18.33 4.98992
18.36 4.99027
18.39 4.99062
18.42 4.99097
18.45 4.99133
18.48 4.99168
18.51 4.99204
18.54 4.9924
18.57 4.99276
18.6 4.99313
18.63 4.99349
18.66 4.99386
18.69 4.99423
18.72 4.9946
18.75 4.99498
18.78 4.99535
18.81 4.99573
18.84 4.99611
18.87 4.99649
18.9 4.99687
18.93 4.99726
18.96 4.99765
18.99 4.99804
19.02 4.99843
19.05 4.99882
19.08 4.99922
19.11 4.99961
19.14 5.00001
19.17 5.00042
19.2 5.00082
19.23 5.00123
19.26 5.00164
19.29 5.00205
19.32 5.00246
19.35 5.00288
19.38 5.00329
19.41 5.00371
19.44 5.00414
19.47 5.00456
19.5 5.00499
19.53 5.00542
19.56 5.00585
19.59 5.00628
19.62 5.00672
19.65 5.00716
19.68 5.0076
19.71 5.00804
19.74 5.00849
19.77 5.00894
19.8 5.00939
19.83 5.00984
19.86 5.0103
19.89 5.01076
19.92 5.01122
19.95 5.01168
19.98 5.01215
20.01 5.01262
20.04 5.01309
20.07 5.01357
20.1 5.01404
20.13 5.01452
20.16 5.01501
20.19 5.01549
20.22 5.01598
20.25 5.01647
20.28 5.01696
20.31 5.01746
20.34 5.01796
20.37 5.01846
20.4 5.01897
20.43 5.01948
20.46 5.01999
20.49 5.0205
20.52 5.02102
20.55 5.02154
20.58 5.02206
20.61 5.02259
20.64 5.02312
20.67 5.02365
20.7 5.02419
20.73 5.02473
20.76 5.02527
20.79 5.02581
20.82 5.02636
20.85 5.02691
20.88 5.02747
20.91 5.02803
20.94 5.02859
20.97 5.02915
21 5.02972
21.03 5.03029
21.06 5.03087
21.09 5.03144
21.12 5.03203
21.15 5.03261
21.18 5.0332
21.21 5.03379
21.24 5.03439
21.27 5.03499
21.3 5.03559
21.33 5.0362
21.36 5.03681
21.39 5.03743
21.42 5.03804
21.45 5.03867
21.48 5.03929
21.51 5.03992
21.54 5.04056
21.57 5.04119
21.6 5.04184
21.63 5.04248
21.66 5.04313
21.69 5.04379
21.72 5.04444
21.75 5.04511
21.78 5.04577
21.81 5.04644
21.84 5.04712
21.87 5.0478
21.9 5.04848
21.93 5.04917
21.96 5.04986
21.99 5.05056
22.02 5.05126
22.05 5.05197
22.08 5.05268
22.11 5.0534
22.14 5.05412
22.17 5.05484
22.2 5.05557
22.23 5.05631
22.26 5.05705
22.29 5.0578
22.32 5.05855
22.35 5.0593
22.38 5.06006
22.41 5.06083
22.44 5.0616
22.47 5.06238
22.5 5.06316
22.53 5.06395
22.56 5.06475
22.59 5.06555
22.62 5.06635
22.65 5.06716
22.68 5.06798
22.71 5.06881
22.74 5.06964
22.77 5.07047
22.8 5.07132
22.83 5.07217
22.86 5.07302
22.89 5.07388
22.92 5.07475
22.95 5.07563
22.98 5.07651
23.01 5.0774
23.04 5.0783
23.07 5.07921
23.1 5.08012
23.13 5.08104
23.16 5.08197
23.19 5.0829
23.22 5.08384
23.25 5.0848
23.28 5.08576
23.31 5.08672
23.34 5.0877
23.37 5.08869
23.4 5.08968
23.43 5.09069
23.46 5.0917
23.49 5.09272
23.52 5.09375
23.55 5.09479
23.58 5.09585
23.61 5.09691
23.64 5.09798
23.67 5.09906
23.7 5.10016
23.73 5.10126
23.76 5.10238
23.79 5.1035
23.82 5.10464
23.85 5.10579
23.88 5.10696
23.91 5.10813
23.94 5.10932
23.97 5.11052
24 5.11174
24.03 5.11296
24.06 5.11421
24.09 5.11546
24.12 5.11673
24.15 5.11802
24.18 5.11932
24.21 5.12063
24.24 5.12197
24.27 5.12331
24.3 5.12468
24.33 5.12606
24.36 5.12746
24.39 5.12887
24.42 5.1303
24.45 5.13176
24.48 5.13323
24.51 5.13472
24.54 5.13623
24.57 5.13775
24.6 5.1393
24.63 5.14087
24.66 5.14247
24.69 5.14408
24.72 5.14571
24.75 5.14737
24.78 5.14905
24.81 5.15076
24.84 5.15249
24.87 5.15424
24.9 5.15602
24.93 5.15782
24.96 5.15965
24.99 5.16151
25.02 5.16339
25.05 5.1653
25.08 5.16724
25.11 5.16921
25.14 5.1712
25.17 5.17323
25.2 5.17528
25.23 5.17737
25.26 5.17948
25.29 5.18163
25.32 5.18381
25.35 5.18602
25.38 5.18826
25.41 5.19054
25.44 5.19285
25.47 5.1952
25.5 5.19757
25.53 5.19998
25.56 5.20243
25.59 5.20491
25.62 5.20743
25.65 5.20998
25.68 5.21257
25.71 5.21519
25.74 5.21785
25.77 5.22054
25.8 5.22327
25.83 5.22603
25.86 5.22883
25.89 5.23166
25.92 5.23453
25.95 5.23743
25.98 5.24037
26.01 5.24333
26.04 5.24633
26.07 5.24937
26.1 5.25243
26.13 5.25553
26.16 5.25865
26.19 5.2618
26.22 5.26498
26.25 5.26819
26.28 5.27142
26.31 5.27468
26.34 5.27796
26.37 5.28126
26.4 5.28458
26.43 5.28791
26.46 5.29127
26.49 5.29463
26.52 5.29801
26.55 5.3014
26.58 5.3048
26.61 5.30821
26.64 5.31162
26.67 5.31504
26.7 5.31846
26.73 5.32187
26.76 5.32528
26.79 5.32869
26.82 5.33209
26.85 5.33548
26.88 5.33886
26.91 5.34222
26.94 5.34557
26.97 5.34891
27 5.35222
27.03 5.35551
27.06 5.35879
27.09 5.36203
27.12 5.36525
27.15 5.36845
27.18 5.37161
27.21 5.37474
27.24 5.37785
27.27 5.38092
27.3 5.38396
27.33 5.38696
27.36 5.38993
27.39 5.39286
27.42 5.39576
27.45 5.39862
27.48 5.40145
27.51 5.40423
27.54 5.40698
27.57 5.40969
27.6 5.41236
27.63 5.415
27.66 5.41759
27.69 5.42015
27.72 5.42267
27.75 5.42516
27.78 5.4276
27.81 5.43002
27.84 5.43239
27.87 5.43473
27.9 5.43703
27.93 5.4393
27.96 5.44153
27.99 5.44373
28.02 5.4459
28.05 5.44803
28.08 5.45014
28.11 5.45221
28.14 5.45425
28.17 5.45625
28.2 5.45823
28.23 5.46018
28.26 5.4621
28.29 5.464
28.32 5.46586
28.35 5.4677
28.38 5.46951
28.41 5.4713
28.44 5.47305
28.47 5.47479
28.5 5.4765
28.53 5.47818
28.56 5.47985
28.59 5.48149
28.62 5.4831
28.65 5.48469
28.68 5.48627
28.71 5.48782
28.74 5.48935
28.77 5.49085
28.8 5.49234
28.83 5.49381
28.86 5.49526
28.89 5.49668
28.92 5.49809
28.95 5.49948
28.98 5.50085
29.01 5.50221
29.04 5.50354
29.07 5.50486
29.1 5.50616
29.13 5.50744
29.16 5.50871
29.19 5.50995
29.22 5.51119
29.25 5.5124
29.28 5.5136
29.31 5.51479
29.34 5.51595
29.37 5.51711
29.4 5.51824
29.43 5.51936
29.46 5.52047
29.49 5.52156
29.52 5.52264
29.55 5.5237
29.58 5.52475
29.61 5.52579
29.64 5.52681
29.67 5.52781
29.7 5.52881
29.73 5.52979
29.76 5.53075
29.79 5.53171
29.82 5.53265
29.85 5.53357
29.88 5.53449
29.91 5.53539
29.94 5.53628
29.97 5.53716
30 5.53802
30.001 5
