0 -10
0.03 -8.64582
0.06 -8.64573
0.09 -8.64563
0.12 -8.64553
0.15 -8.64543
0.18 -8.64533
0.21 -8.64524
0.24 -8.64514
0.27 -8.64504
0.3 -8.64494
0.33 -8.64485
0.36 -8.64475
0.39 -8.64465
0.42 -8.64455
0.45 -8.64446
0.48 -8.64436
0.51 -8.64426
0.54 -8.64416
0.57 -8.64407
0.6 -8.64397
0.63 -8.64387
0.66 -8.64378
0.69 -8.64368
0.72 -8.64358
0.75 -8.64348
0.78 -8.64339
0.81 -8.64329
0.84 -8.64319
0.87 -8.64309
0.9 -8.643
0.93 -8.6429
0.96 -8.6428
0.99 -8.64271
1.02 -8.64261
1.05 -8.64251
1.08 -8.64242
1.11 -8.64232
1.14 -8.64222
1.17 -8.64212
1.2 -8.64203
1.23 -8.64193
1.26 -8.64183
1.29 -8.64174
1.32 -8.64164
1.35 -8.64154
1.38 -8.64145
1.41 -8.64135
1.44 -8.64125
1.47 -8.64116
1.5 -8.64106
1.53 -8.64096
1.56 -8.64087
1.59 -8.64077
1.62 -8.64067
1.65 -8.64058
1.68 -8.64048
1.71 -8.64038
1.74 -8.64029
1.77 -8.64019
1.8 -8.64009
1.83 -8.64
1.86 -8.6399
1.89 -8.6398
1.92 -8.63971
1.95 -8.63961
1.98 -8.63952
2.01 -8.63942
2.04 -8.63932
2.07 -8.63923
2.1 -8.63913
2.13 -8.63903
2.16 -8.63894
2.19 -8.63884
2.22 -8.63875
2.25 -8.63865
2.28 -8.63855
2.31 -8.63846
2.34 -8.63836
2.37 -8.63827
2.4 -8.63817
2.43 -8.63807
2.46 -8.63798
2.49 -8.63788
2.52 -8.63779
2.55 -8.63769
2.58 -8.6376
2.61 -8.6375
2.64 -8.6374
2.67 -8.63731
2.7 -8.63721
2.73 -8.63712
2.76 -8.63702
2.79 -8.63693
2.82 -8.63683
2.85 -8.63674
2.88 -8.63664
2.91 -8.63655
2.94 -8.63645
2.97 -8.63635
3 -8.63626
3.03 -8.63616
3.06 -8.63607
3.09 -8.63597
3.12 -8.63588
3.15 -8.63578
3.18 -8.63569
3.21 -8.63559
3.24 -8.6355
3.27 -8.6354
3.3 -8.63531
3.33 -8.63521
3.36 -8.63512
3.39 -8.63502
3.42 -8.63493
3.45 -8.63483
3.48 -8.63474
3.51 -8.63465
3.54 -8.63455
3.57 -8.63446
3.6 -8.63436
3.63 -8.63427
3.66 -8.63417
3.69 -8.63408
3.72 -8.63398
3.75 -8.63389
3.78 -8.6338
3.81 -8.6337
3.84 -8.63361
3.87 -8.63351
3.9 -8.63342
3.93 -8.63332
3.96 -8.63323
3.99 -8.63314
4.02 -8.63304
4.05 -8.63295
4.08 -8.63285
4.11 -8.63276
4.14 -8.63267
4.17 -8.63257
4.2 -8.63248
4.23 -8.63238
4.26 -8.63229
4.29 -8.6322
4.32 -8.6321
4.35 -8.63201
4.38 -8.63192
4.41 -8.63182
4.44 -8.63173
4.47 -8.63164
4.5 -8.63154
4.53 -8.63145
4.56 -8.63136
4.59 -8.63126
4.62 -8.63117
4.65 -8.63108
4.68 -8.63098
4.71 -8.63089
4.74 -8.6308
4.77 -8.6307
4.8 -8.63061
4.83 -8.63052
4.86 -8.63042
4.89 -8.63033
4.92 -8.63024
4.95 -8.63015
4.98 -8.63005
5.01 -8.62996
5.04 -8.62987
5.07 -8.62977
5.1 -8.62968
5.13 -8.62959
5.16 -8.6295
5.19 -8.6294
5.22 -8.62931
5.25 -8.62922
5.28 -8.62913
5.31 -8.62903
5.34 -8.62894
5.37 -8.62885
5.4 -8.62876
5.43 -8.62867
5.46 -8.62857
5.49 -8.62848
5.52 -8.62839
5.55 -8.6283
5.58 -8.62821
5.61 -8.62811
5.64 -8.62802
5.67 -8.62793
5.7 -8.62784
5.73 -8.62775
5.76 -8.62765
5.79 -8.62756
5.82 -8.62747
5.85 -8.62738
5.88 -8.62729
5.91 -8.6272
5.94 -8.62711
5.97 -8.62701
6 -8.62692
6.03 -8.62683
6.06 -8.62674
6.09 -8.62665
6.12 -8.62656
6.15 -8.62647
6.18 -8.62638
6.21 -8.62629
6.24 -8.62619
6.27 -8.6261
6.3 -8.62601
6.33 -8.62592
6.36 -8.62583
6.39 -8.62574
6.42 -8.62565
6.45 -8.62556
6.48 -8.62547
6.51 -8.62538
6.54 -8.62529
6.57 -8.6252
6.6 -8.62511
6.63 -8.62502
6.66 -8.62493
6.69 -8.62483
6.72 -8.62474
6.75 -8.62465
6.78 -8.62456
6.81 -8.62447
6.84 -8.62438
6.87 -8.62429
6.9 -8.6242
6.93 -8.62411
6.96 -8.62402
6.99 -8.62393
7.02 -8.62384
7.05 -8.62375
7.08 -8.62366
7.11 -8.62358
7.14 -8.62349
7.17 -8.6234
7.2 -8.62331
7.23 -8.62322
7.26 -8.62313
7.29 -8.62304
7.32 -8.62295
7.35 -8.62286
7.38 -8.62277
7.41 -8.62268
7.44 -8.62259
7.47 -8.6225
7.5 -8.62241
7.53 -8.62232
7.56 -8.62224
7.59 -8.62215
7.62 -8.62206
7.65 -8.62197
7.68 -8.62188
7.71 -8.62179
7.74 -8.6217
7.77 -8.62161
7.8 -8.62153
7.83 -8.62144
7.86 -8.62135
7.89 -8.62126
7.92 -8.62117
7.95 -8.62108
7.98 -8.62099
8.01 -8.62091
8.04 -8.62082
8.07 -8.62073
8.1 -8.62064
8.13 -8.62055
8.16 -8.62047
8.19 -8.62038
8.22 -8.62029
8.25 -8.6202
8.28 -8.62011
8.31 -8.62003
8.34 -8.61994
8.37 -8.61985
8.4 -8.61976
8.43 -8.61967
8.46 -8.61959
8.49 -8.6195
8.52 -8.61941
8.55 -8.61932
8.58 -8.61924
8.61 -8.61915
8.64 -8.61906
8.67 -8.61898
8.7 -8.61889
8.73 -8.6188
8.76 -8.61871
8.79 -8.61863
8.82 -8.61854
8.85 -8.61845
8.88 -8.61837
8.91 -8.61828
8.94 -8.61819
8.97 -8.6181
9 -8.61802
9.03 -8.61793
9.06 -8.61784
9.09 -8.61776
9.12 -8.61767
9.15 -8.61758
9.18 -8.6175
9.21 -8.61741
9.24 -8.61732
9.27 -8.61724
9.3 -8.61715
9.33 -8.61707
9.36 -8.61698
9.39 -8.61689
9.42 -8.61681
9.45 -8.61672
9.48 -8.61663
9.51 -8.61655
9.54 -8.61646
9.57 -8.61638
9.6 -8.61629
9.63 -8.6162
9.66 -8.61612
9.69 -8.61603
9.72 -8.61595
9.75 -8.61586
9.78 -8.61578
9.81 -8.61569
9.84 -8.6156
9.87 -8.61552
9.9 -8.61543
9.93 -8.61535
9.96 -8.61526
9.99 -8.61518
10.02 -8.61509
10.05 -8.61501
10.08 -8.61492
10.11 -8.61484
10.14 -8.61475
10.17 -8.61467
10.2 -8.61458
10.23 -8.61449
10.26 -8.61441
10.29 -8.61432
10.32 -8.61424
10.35 -8.61415
10.38 -8.61407
10.41 -8.61399
10.44 -8.6139
10.47 -8.61382
10.5 -8.61373
10.53 -8.61365
10.56 -8.61356
10.59 -8.61348
10.62 -8.61339
10.65 -8.61331
10.68 -8.61322
10.71 -8.61314
10.74 -8.61305
10.77 -8.61297
10.8 -8.61289
10.83 -8.6128
10.86 -8.61272
10.89 -8.61263
10.92 -8.61255
10.95 -8.61246
10.98 -8.61238
11.01 -8.6123
11.04 -8.61221
11.07 -8.61213
11.1 -8.61204
11.13 -8.61196
11.16 -8.61188
11.19 -8.61179
11.22 -8.61171
11.25 -8.61162
11.28 -8.61154
11.31 -8.61146
11.34 -8.61137
11.37 -8.61129
11.4 -8.61121
11.43 -8.61112
11.46 -8.61104
11.49 -8.61096
11.52 -8.61087
11.55 -8.61079
11.58 -8.61071
11.61 -8.61062
11.64 -8.61054
11.67 -8.61046
11.7 -8.61037
11.73 -8.61029
11.76 -8.61021
11.79 -8.61012
11.82 -8.61004
11.85 -8.60996
11.88 -8.60987
11.91 -8.60979
11.94 -8.60971
11.97 -8.60962
12 -8.60954
12.03 -8.60946
12.06 -8.60938
12.09 -8.60929
12.12 -8.60921
12.15 -8.60913
12.18 -8.60904
12.21 -8.60896
12.24 -8.60888
12.27 -8.6088
12.3 -8.60871
12.33 -8.60863
12.36 -8.60855
12.39 -8.60847
12.42 -8.60838
12.45 -8.6083
12.48 -8.60822
12.51 -8.60814
12.54 -8.60805
12.57 -8.60797
12.6 -8.60789
12.63 -8.60781
12.66 -8.60773
12.69 -8.60764
12.72 -8.60756
12.75 -8.60748
12.78 -8.6074
12.81 -8.60731
12.84 -8.60723
12.87 -8.60715
12.9 -8.60707
12.93 -8.60699
12.96 -8.60691
12.99 -8.60682
13.02 -8.60674
13.05 -8.60666
13.08 -8.60658
13.11 -8.6065
13.14 -8.60641
13.17 -8.60633
13.2 -8.60625
13.23 -8.60617
13.26 -8.60609
13.29 -8.60601
13.32 -8.60592
13.35 -8.60584
13.38 -8.60576
13.41 -8.60568
13.44 -8.6056
13.47 -8.60552
13.5 -8.60544
13.53 -8.60535
13.56 -8.60527
13.59 -8.60519
13.62 -8.60511
13.65 -8.60503
13.68 -8.60495
13.71 -8.60487
13.74 -8.60479
13.77 -8.60471
13.8 -8.60462
13.83 -8.60454
13.86 -8.60446
13.89 -8.60438
13.92 -8.6043
13.95 -8.60422
13.98 -8.60414
14.01 -8.60406
14.04 -8.60398
14.07 -8.6039
14.1 -8.60382
14.13 -8.60374
14.16 -8.60365
14.19 -8.60357
14.22 -8.60349
14.25 -8.60341
14.28 -8.60333
14.31 -8.60325
14.34 -8.60317
14.37 -8.60309
14.4 -8.60301
14.43 -8.60293
14.46 -8.60285
14.49 -8.60277
14.52 -8.60269
14.55 -8.60261
14.58 -8.60253
14.61 -8.60245
14.64 -8.60237
14.67 -8.60229
14.7 -8.60221
14.73 -8.60213
14.76 -8.60205
14.79 -8.60197
14.82 -8.60189
14.85 -8.60181
14.88 -8.60173
14.91 -8.60165
14.94 -8.60157
14.97 -8.60149
15 -8.60141
15.03 -8.60133
15.06 -8.60125
15.09 -8.60117
15.12 -8.60109
15.15 -8.60101
15.18 -8.60093
15.21 -8.60086
15.24 -8.60078
15.27 -8.6007
15.3 -8.60062
15.33 -8.60054
15.36 -8.60046
15.39 -8.60038
15.42 -8.6003
15.45 -8.60022
15.48 -8.60014
15.51 -8.60007
15.54 -8.59999
15.57 -8.59991
15.6 -8.59983
15.63 -8.59975
15.66 -8.59967
15.69 -8.59959
15.72 -8.59952
15.75 -8.59944
15.78 -8.59936
15.81 -8.59928
15.84 -8.5992
15.87 -8.59913
15.9 -8.59905
15.93 -8.59897
15.96 -8.59889
15.99 -8.59881
16.02 -8.59874
16.05 -8.59866
16.08 -8.59858
16.11 -8.5985
16.14 -8.59843
16.17 -8.59835
16.2 -8.59827
16.23 -8.5982
16.26 -8.59812
16.29 -8.59804
16.32 -8.59796
16.35 -8.59789
16.38 -8.59781
16.41 -8.59773
16.44 -8.59766
16.47 -8.59758
16.5 -8.59751
16.53 -8.59743
16.56 -8.59735
16.59 -8.59728
16.62 -8.5972
16.65 -8.59713
16.68 -8.59705
16.71 -8.59697
16.74 -8.5969
16.77 -8.59682
16.8 -8.59675
16.83 -8.59667
16.86 -8.5966
16.89 -8.59652
16.92 -8.59645
16.95 -8.59637
16.98 -8.5963
17.01 -8.59623
17.04 -8.59615
17.07 -8.59608
17.1 -8.596
17.13 -8.59593
17.16 -8.59586
17.19 -8.59578
17.22 -8.59571
17.25 -8.59564
17.28 -8.59556
17.31 -8.59549
17.34 -8.59542
17.37 -8.59534
17.4 -8.59527
17.43 -8.5952
17.46 -8.59513
17.49 -8.59506
17.52 -8.59498
17.55 -8.59491
17.58 -8.59484
17.61 -8.59477
17.64 -8.5947
17.67 -8.59463
17.7 -8.59456
17.73 -8.59449
17.76 -8.59442
17.79 -8.59435
17.82 -8.59428
17.85 -8.59421
17.88 -8.59414
17.91 -8.59407
17.94 -8.594
17.97 -8.59393
18 -8.59386
18.03 -8.5938
18.06 -8.59373
18.09 -8.59366
18.12 -8.59359
18.15 -8.59353
18.18 -8.59346
18.21 -8.59339
18.24 -8.59333
18.27 -8.59326
18.3 -8.5932
18.33 -8.59313
18.36 -8.59306
18.39 -8.593
18.42 -8.59294
18.45 -8.59287
18.48 -8.59281
18.51 -8.59274
18.54 -8.59268
18.57 -8.59262
18.6 -8.59256
18.63 -8.59249
18.66 -8.59243
18.69 -8.59237
18.72 -8.59231
18.75 -8.59225
18.78 -8.59219
18.81 -8.59213
18.84 -8.59207
18.87 -8.59201
18.9 -8.59195
18.93 -8.59189
18.96 -8.59183
18.99 -8.59177
19.02 -8.59172
19.05 -8.59166
19.08 -8.5916
19.11 -8.59155
19.14 -8.59149
19.17 -8.59144
19.2 -8.59138
19.23 -8.59133
19.26 -8.59128
19.29 -8.59122
19.32 -8.59117
19.35 -8.59112
19.38 -8.59107
19.41 -8.59102
19.44 -8.59096
19.47 -8.59091
19.5 -8.59087
19.53 -8.59082
19.56 -8.59077
19.59 -8.59072
19.62 -8.59067
19.65 -8.59063
19.68 -8.59058
19.71 -8.59054
19.74 -8.59049
19.77 -8.59045
19.8 -8.5904
19.83 -8.59036
19.86 -8.59032
19.89 -8.59028
19.92 -8.59024
19.95 -8.5902
19.98 -8.59016
20.01 -8.59012
20.04 -8.59008
20.07 -8.59004
20.1 -8.59001
20.13 -8.58997
20.16 -8.58994
20.19 -8.5899
20.22 -8.58987
20.25 -8.58984
20.28 -8.58981
20.31 -8.58978
20.34 -8.58975
20.37 -8.58972
20.4 -8.58969
20.43 -8.58966
20.46 -8.58963
20.49 -8.58961
20.52 -8.58958
20.55 -8.58956
20.58 -8.58954
20.61 -8.58952
20.64 -8.5895
20.67 -8.58948
20.7 -8.58946
20.73 -8.58944
20.76 -8.58942
20.79 -8.58941
20.82 -8.58939
20.85 -8.58938
20.88 -8.58937
20.91 -8.58936
20.94 -8.58935
20.97 -8.58934
21 -8.58933
21.03 -8.58933
21.06 -8.58932
21.09 -8.58932
21.12 -8.58931
21.15 -8.58931
21.18 -8.58931
21.21 -8.58931
21.24 -8.58932
21.27 -8.58932
21.3 -8.58933
21.33 -8.58933
21.36 -8.58934
21.39 -8.58935
21.42 -8.58936
21.45 -8.58938
21.48 -8.58939
21.51 -8.58941
21.54 -8.58942
21.57 -8.58944
21.6 -8.58946
21.63 -8.58949
21.66 -8.58951
21.69 -8.58954
21.72 -8.58956
21.75 -8.58959
21.78 -8.58962
21.81 -8.58966
21.84 -8.58969
21.87 -8.58973
21.9 -8.58977
21.93 -8.58981
21.96 -8.58985
21.99 -8.58989
22.02 -8.58994
22.05 -8.58999
22.08 -8.59004
22.11 -8.59009
22.14 -8.59014
22.17 -8.5902
22.2 -8.59026
22.23 -8.59032
22.26 -8.59039
22.29 -8.59045
22.32 -8.59052
22.35 -8.59059
22.38 -8.59067
22.41 -8.59074
22.44 -8.59082
22.47 -8.5909
22.5 -8.59099
22.53 -8.59107
22.56 -8.59116
22.59 -8.59126
22.62 -8.59135
22.65 -8.59145
22.68 -8.59155
22.71 -8.59166
22.74 -8.59176
22.77 -8.59188
22.8 -8.59199
22.83 -8.59211
22.86 -8.59223
22.89 -8.59235
22.92 -8.59248
22.95 -8.59261
22.98 -8.59275
23.01 -8.59289
23.04 -8.59303
23.07 -8.59318
23.1 -8.59333
23.13 -8.59348
23.16 -8.59364
23.19 -8.59381
23.22 -8.59397
23.25 -8.59415
23.28 -8.59432
23.31 -8.59451
23.34 -8.59469
23.37 -8.59488
23.4 -8.59508
23.43 -8.59528
23.46 -8.59549
23.49 -8.5957
23.52 -8.59592
23.55 -8.59615
23.58 -8.59637
23.61 -8.59661
23.64 -8.59685
23.67 -8.5971
23.7 -8.59736
23.73 -8.59762
23.76 -8.59788
23.79 -8.59816
23.82 -8.59844
23.85 -8.59873
23.88 -8.59903
23.91 -8.59933
23.94 -8.59965
23.97 -8.59997
24 -8.6003
24.03 -8.60064
24.06 -8.60098
24.09 -8.60134
24.12 -8.6017
24.15 -8.60208
24.18 -8.60246
24.21 -8.60286
24.24 -8.60327
24.27 -8.60368
24.3 -8.60411
24.33 -8.60455
24.36 -8.605
24.39 -8.60546
24.42 -8.60594
24.45 -8.60642
24.48 -8.60693
24.51 -8.60744
24.54 -8.60797
24.57 -8.60851
24.6 -8.60907
24.63 -8.60964
24.66 -8.61023
24.69 -8.61084
24.72 -8.61146
24.75 -8.6121
24.78 -8.61275
24.81 -8.61343
24.84 -8.61412
24.87 -8.61483
24.9 -8.61556
24.93 -8.61632
24.96 -8.61709
24.99 -8.61788
25.02 -8.6187
25.05 -8.61954
25.08 -8.6204
25.11 -8.62129
25.14 -8.6222
25.17 -8.62314
25.2 -8.62411
25.23 -8.6251
25.26 -8.62611
25.29 -8.62716
25.32 -8.62824
25.35 -8.62935
25.38 -8.63048
25.41 -8.63165
25.44 -8.63285
25.47 -8.63409
25.5 -8.63536
25.53 -8.63666
25.56 -8.638
25.59 -8.63938
25.62 -8.64079
25.65 -8.64224
25.68 -8.64373
25.71 -8.64527
25.74 -8.64684
25.77 -8.64845
25.8 -8.65011
25.83 -8.65181
25.86 -8.65355
25.89 -8.65534
25.92 -8.65717
25.95 -8.65905
25.98 -8.66098
26.01 -8.66295
26.04 -8.66498
26.07 -8.66705
26.1 -8.66917
26.13 -8.67134
26.16 -8.67355
26.19 -8.67582
26.22 -8.67814
26.25 -8.68051
26.28 -8.68293
26.31 -8.6854
26.34 -8.68792
26.37 -8.69048
26.4 -8.6931
26.43 -8.69577
26.46 -8.69849
26.49 -8.70125
26.52 -8.70406
26.55 -8.70692
26.58 -8.70982
26.61 -8.71277
26.64 -8.71576
26.67 -8.71879
26.7 -8.72186
26.73 -8.72497
26.76 -8.72811
26.79 -8.73129
26.82 -8.7345
26.85 -8.73775
26.88 -8.74102
26.91 -8.74432
26.94 -8.74764
26.97 -8.75098
27 -8.75435
27.03 -8.75773
27.06 -8.76112
27.09 -8.76452
27.12 -8.76794
27.15 -8.77136
27.18 -8.77478
27.21 -8.7782
27.24 -8.78162
27.27 -8.78504
27.3 -8.78845
27.33 -8.79184
27.36 -8.79523
27.39 -8.7986
27.42 -8.80195
27.45 -8.80529
27.48 -8.8086
27.51 -8.81189
27.54 -8.81515
27.57 -8.81838
27.6 -8.82158
27.63 -8.82475
27.66 -8.82789
27.69 -8.831
27.72 -8.83406
27.75 -8.83709
27.78 -8.84009
27.81 -8.84304
27.84 -8.84595
27.87 -8.84882
27.9 -8.85165
27.93 -8.85444
27.96 -8.85719
27.99 -8.85989
28.02 -8.86255
28.05 -8.86517
28.08 -8.86774
28.11 -8.87028
28.14 -8.87276
28.17 -8.87521
28.2 -8.87761
28.23 -8.87997
28.26 -8.88229
28.29 -8.88457
28.32 -8.88681
28.35 -8.889
28.38 -8.89116
28.41 -8.89328
28.44 -8.89535
28.47 -8.89739
28.5 -8.89939
28.53 -8.90136
28.56 -8.90329
28.59 -8.90518
28.62 -8.90704
28.65 -8.90886
28.68 -8.91065
28.71 -8.91241
28.74 -8.91413
28.77 -8.91583
28.8 -8.91749
28.83 -8.91912
28.86 -8.92072
28.89 -8.9223
28.92 -8.92384
28.95 -8.92536
28.98 -8.92685
29.01 -8.92831
29.04 -8.92975
29.07 -8.93116
29.1 -8.93255
29.13 -8.93392
29.16 -8.93526
29.19 -8.93658
29.22 -8.93787
29.25 -8.93915
29.28 -8.9404
29.31 -8.94163
29.34 -8.94284
29.37 -8.94403
29.4 -8.9452
29.43 -8.94636
29.46 -8.94749
29.49 -8.94861
29.52 -8.94971
29.55 -8.95079
29.58 -8.95185
29.61 -8.9529
29.64 -8.95393
29.67 -8.95495
29.7 -8.95595
29.73 -8.95693
29.76 -8.9579
29.79 -8.95886
29.82 -8.9598
29.85 -8.96073
29.88 -8.96165
29.91 -8.96255
29.94 -8.96344
29.97 -8.96432
30 -8.96518
30.001 -10
