0 0
0.03 0.57761
0.06 0.578313
0.09 0.579016
0.12 0.57972
0.15 0.580424
0.18 0.581129
0.21 0.581834
0.24 0.582539
0.27 0.583245
0.3 0.583952
0.33 0.584658
0.36 0.585366
0.39 0.586073
0.42 0.586781
0.45 0.58749
0.48 0.588199
0.51 0.588908
0.54 0.589618
0.57 0.590328
0.6 0.591039
0.63 0.59175
0.66 0.592461
0.69 0.593173
0.72 0.593886
0.75 0.594599
0.78 0.595312
0.81 0.596026
0.84 0.59674
0.87 0.597454
0.9 0.598169
0.93 0.598885
0.96 0.599601
0.99 0.600317
1.02 0.601034
1.05 0.601751
1.08 0.602469
1.11 0.603187
1.14 0.603906
1.17 0.604625
1.2 0.605344
1.23 0.606064
1.26 0.606784
1.29 0.607505
1.32 0.608227
1.35 0.608948
1.38 0.609671
1.41 0.610393
1.44 0.611116
1.47 0.61184
1.5 0.612564
1.53 0.613288
1.56 0.614013
1.59 0.614739
1.62 0.615465
1.65 0.616191
1.68 0.616918
1.71 0.617645
1.74 0.618373
1.77 0.619101
1.8 0.61983
1.83 0.620559
1.86 0.621288
1.89 0.622019
1.92 0.622749
1.95 0.62348
1.98 0.624212
2.01 0.624944
2.04 0.625676
2.07 0.626409
2.1 0.627143
2.13 0.627877
2.16 0.628611
2.19 0.629346
2.22 0.630081
2.25 0.630817
2.28 0.631554
2.31 0.63229
2.34 0.633028
2.37 0.633766
2.4 0.634504
2.43 0.635243
2.46 0.635982
2.49 0.636722
2.52 0.637462
2.55 0.638203
2.58 0.638945
2.61 0.639687
2.64 0.640429
2.67 0.641172
2.7 0.641915
2.73 0.642659
2.76 0.643404
2.79 0.644149
2.82 0.644894
2.85 0.64564
2.88 0.646387
2.91 0.647134
2.94 0.647881
2.97 0.648629
3 0.649378
3.03 0.650127
3.06 0.650877
3.09 0.651627
3.12 0.652378
3.15 0.653129
3.18 0.653881
3.21 0.654634
3.24 0.655387
3.27 0.65614
3.3 0.656894
3.33 0.657649
3.36 0.658404
3.39 0.65916
3.42 0.659916
3.45 0.660673
3.48 0.66143
3.51 0.662188
3.54 0.662947
3.57 0.663706
3.6 0.664465
3.63 0.665226
3.66 0.665987
3.69 0.666748
3.72 0.66751
3.75 0.668272
3.78 0.669036
3.81 0.669799
3.84 0.670564
3.87 0.671329
3.9 0.672094
3.93 0.67286
3.96 0.673627
3.99 0.674394
4.02 0.675162
4.05 0.675931
4.08 0.6767
4.11 0.67747
4.14 0.67824
4.17 0.679011
4.2 0.679783
4.23 0.680555
4.26 0.681328
4.29 0.682101
4.32 0.682875
4.35 0.68365
4.38 0.684426
4.41 0.685202
4.44 0.685978
4.47 0.686756
4.5 0.687534
4.53 0.688312
4.56 0.689091
4.59 0.689871
4.62 0.690652
4.65 0.691433
4.68 0.692215
4.71 0.692998
4.74 0.693781
4.77 0.694565
4.8 0.69535
4.83 0.696135
4.86 0.696921
4.89 0.697708
4.92 0.698495
4.95 0.699283
4.98 0.700072
5.01 0.700861
5.04 0.701651
5.07 0.702442
5.1 0.703234
5.13 0.704026
5.16 0.704819
5.19 0.705613
5.22 0.706407
5.25 0.707202
5.28 0.707998
5.31 0.708795
5.34 0.709592
5.37 0.710391
5.4 0.711189
5.43 0.711989
5.46 0.712789
5.49 0.713591
5.52 0.714392
5.55 0.715195
5.58 0.715998
5.61 0.716803
5.64 0.717608
5.67 0.718413
5.7 0.71922
5.73 0.720027
5.76 0.720835
5.79 0.721644
5.82 0.722454
5.85 0.723264
5.88 0.724076
5.91 0.724888
5.94 0.725701
5.97 0.726514
6 0.727329
6.03 0.728144
6.06 0.728961
6.09 0.729778
6.12 0.730596
6.15 0.731414
6.18 0.732234
6.21 0.733054
6.24 0.733876
6.27 0.734698
6.3 0.735521
6.33 0.736345
6.36 0.737169
6.39 0.737995
6.42 0.738822
6.45 0.739649
6.48 0.740477
6.51 0.741306
6.54 0.742137
6.57 0.742968
6.6 0.743799
6.63 0.744632
6.66 0.745466
6.69 0.746301
6.72 0.747136
6.75 0.747973
6.78 0.74881
6.81 0.749649
6.84 0.750488
6.87 0.751328
6.9 0.75217
6.93 0.753012
6.96 0.753855
6.99 0.754699
7.02 0.755544
7.05 0.75639
7.08 0.757238
7.11 0.758086
7.14 0.758935
7.17 0.759785
7.2 0.760636
7.23 0.761488
7.26 0.762341
7.29 0.763196
7.32 0.764051
7.35 0.764907
7.38 0.765764
7.41 0.766623
7.44 0.767482
7.47 0.768342
7.5 0.769204
7.53 0.770067
7.56 0.77093
7.59 0.771795
7.62 0.772661
7.65 0.773528
7.68 0.774396
7.71 0.775265
7.74 0.776135
7.77 0.777006
7.8 0.777879
7.83 0.778752
7.86 0.779627
7.89 0.780503
7.92 0.78138
7.95 0.782258
7.98 0.783137
8.01 0.784018
8.04 0.7849
8.07 0.785782
8.1 0.786666
8.13 0.787552
8.16 0.788438
8.19 0.789325
8.22 0.790214
8.25 0.791104
8.28 0.791996
8.31 0.792888
8.34 0.793782
8.37 0.794677
8.4 0.795573
8.43 0.79647
8.46 0.797369
8.49 0.798269
8.52 0.79917
8.55 0.800073
8.58 0.800976
8.61 0.801881
8.64 0.802788
8.67 0.803695
8.7 0.804604
8.73 0.805515
8.76 0.806426
8.79 0.807339
8.82 0.808254
8.85 0.809169
8.88 0.810086
8.91 0.811005
8.94 0.811925
8.97 0.812846
9 0.813768
9.03 0.814692
9.06 0.815618
9.09 0.816544
9.12 0.817472
9.15 0.818402
9.18 0.819333
9.21 0.820266
9.24 0.821199
9.27 0.822135
9.3 0.823072
9.33 0.82401
9.36 0.82495
9.39 0.825891
9.42 0.826834
9.45 0.827778
9.48 0.828724
9.51 0.829671
9.54 0.83062
9.57 0.83157
9.6 0.832522
9.63 0.833475
9.66 0.83443
9.69 0.835387
9.72 0.836345
9.75 0.837305
9.78 0.838266
9.81 0.839229
9.84 0.840193
9.87 0.841159
9.9 0.842127
9.93 0.843096
9.96 0.844067
9.99 0.84504
10.02 0.846014
10.05 0.84699
10.08 0.847968
10.11 0.848947
10.14 0.849928
10.17 0.850911
10.2 0.851896
10.23 0.852882
10.26 0.85387
10.29 0.854859
10.32 0.855851
10.35 0.856844
10.38 0.857839
10.41 0.858836
10.44 0.859834
10.47 0.860834
10.5 0.861836
10.53 0.86284
10.56 0.863846
10.59 0.864854
10.62 0.865863
10.65 0.866874
10.68 0.867888
10.71 0.868903
10.74 0.869919
10.77 0.870938
10.8 0.871959
10.83 0.872981
10.86 0.874006
10.89 0.875032
10.92 0.876061
10.95 0.877091
10.98 0.878123
11.01 0.879158
11.04 0.880194
11.07 0.881232
11.1 0.882273
11.13 0.883315
11.16 0.884359
11.19 0.885406
11.22 0.886454
11.25 0.887504
11.28 0.888557
11.31 0.889611
11.34 0.890668
11.37 0.891727
11.4 0.892788
11.43 0.893851
11.46 0.894916
11.49 0.895983
11.52 0.897053
11.55 0.898124
11.58 0.899198
11.61 0.900274
11.64 0.901352
11.67 0.902433
11.7 0.903515
11.73 0.9046
11.76 0.905687
11.79 0.906777
11.82 0.907868
11.85 0.908962
11.88 0.910058
11.91 0.911157
11.94 0.912258
11.97 0.913361
12 0.914466
12.03 0.915574
12.06 0.916684
12.09 0.917797
12.12 0.918912
12.15 0.920029
12.18 0.921149
12.21 0.922271
12.24 0.923396
12.27 0.924523
12.3 0.925652
12.33 0.926784
12.36 0.927919
12.39 0.929056
12.42 0.930195
12.45 0.931338
12.48 0.932482
12.51 0.933629
12.54 0.934779
12.57 0.935931
12.6 0.937086
12.63 0.938244
12.66 0.939404
12.69 0.940566
12.72 0.941732
12.75 0.9429
12.78 0.944071
12.81 0.945244
12.84 0.94642
12.87 0.947599
12.9 0.94878
12.93 0.949965
12.96 0.951152
12.99 0.952341
13.02 0.953534
13.05 0.954729
13.08 0.955927
13.11 0.957128
13.14 0.958332
13.17 0.959539
13.2 0.960748
13.23 0.961961
13.26 0.963176
13.29 0.964394
13.32 0.965615
13.35 0.966839
13.38 0.968067
13.41 0.969297
13.44 0.97053
13.47 0.971765
13.5 0.973004
13.53 0.974246
13.56 0.975492
13.59 0.97674
13.62 0.977991
13.65 0.979245
13.68 0.980503
13.71 0.981763
13.74 0.983027
13.77 0.984293
13.8 0.985563
13.83 0.986837
13.86 0.988113
13.89 0.989392
13.92 0.990675
13.95 0.991961
13.98 0.99325
14.01 0.994543
14.04 0.995839
14.07 0.997138
14.1 0.998441
14.13 0.999746
14.16 1.00106
14.19 1.00237
14.22 1.00368
14.25 1.005
14.28 1.00633
14.31 1.00765
14.34 1.00898
14.37 1.01032
14.4 1.01165
14.43 1.01299
14.46 1.01434
14.49 1.01568
14.52 1.01703
14.55 1.01839
14.58 1.01975
14.61 1.02111
14.64 1.02247
14.67 1.02384
14.7 1.02522
14.73 1.02659
14.76 1.02797
14.79 1.02936
14.82 1.03074
14.85 1.03213
14.88 1.03353
14.91 1.03493
14.94 1.03633
14.97 1.03774
15 1.03915
15.03 1.04056
15.06 1.04198
15.09 1.0434
15.12 1.04483
15.15 1.04626
15.18 1.04769
15.21 1.04913
15.24 1.05057
15.27 1.05202
15.3 1.05347
15.33 1.05492
15.36 1.05638
15.39 1.05784
15.42 1.05931
15.45 1.06078
15.48 1.06225
15.51 1.06373
15.54 1.06522
15.57 1.0667
15.6 1.0682
15.63 1.06969
15.66 1.07119
15.69 1.0727
15.72 1.07421
15.75 1.07572
15.78 1.07724
15.81 1.07876
15.84 1.08029
15.87 1.08182
15.9 1.08335
15.93 1.08489
15.96 1.08644
15.99 1.08799
16.02 1.08954
16.05 1.0911
16.08 1.09266
16.11 1.09423
16.14 1.0958
16.17 1.09738
16.2 1.09896
16.23 1.10055
16.26 1.10214
16.29 1.10374
16.32 1.10534
16.35 1.10694
16.38 1.10855
16.41 1.11017
16.44 1.11179
16.47 1.11341
16.5 1.11504
16.53 1.11668
16.56 1.11832
16.59 1.11997
16.62 1.12162
16.65 1.12327
16.68 1.12493
16.71 1.1266
16.74 1.12827
16.77 1.12995
16.8 1.13163
16.83 1.13331
16.86 1.13501
16.89 1.1367
16.92 1.13841
16.95 1.14011
16.98 1.14183
17.01 1.14355
17.04 1.14527
17.07 1.147
17.1 1.14874
17.13 1.15048
17.16 1.15222
17.19 1.15398
17.22 1.15573
17.25 1.1575
17.28 1.15927
17.31 1.16104
17.34 1.16282
17.37 1.16461
17.4 1.1664
17.43 1.1682
17.46 1.17
17.49 1.17181
17.52 1.17363
17.55 1.17545
17.58 1.17728
17.61 1.17911
17.64 1.18095
17.67 1.1828
17.7 1.18465
17.73 1.18651
17.76 1.18838
17.79 1.19025
17.82 1.19213
17.85 1.19401
17.88 1.1959
17.91 1.1978
17.94 1.1997
17.97 1.20161
18 1.20353
18.03 1.20545
18.06 1.20738
18.09 1.20932
18.12 1.21126
18.15 1.21321
18.18 1.21517
18.21 1.21713
18.24 1.2191
18.27 1.22108
18.3 1.22306
18.33 1.22506
18.36 1.22705
18.39 1.22906
18.42 1.23107
18.45 1.23309
18.48 1.23512
18.51 1.23716
18.54 1.2392
18.57 1.24125
18.6 1.2433
18.63 1.24537
18.66 1.24744
18.69 1.24952
18.72 1.25161
18.75 1.2537
18.78 1.2558
18.81 1.25791
18.84 1.26003
18.87 1.26216
18.9 1.26429
18.93 1.26644
18.96 1.26859
18.99 1.27074
19.02 1.27291
19.05 1.27509
19.08 1.27727
19.11 1.27946
19.14 1.28166
19.17 1.28387
19.2 1.28609
19.23 1.28831
19.26 1.29055
19.29 1.29279
19.32 1.29504
19.35 1.2973
19.38 1.29957
19.41 1.30185
19.44 1.30414
19.47 1.30644
19.5 1.30874
19.53 1.31106
19.56 1.31338
19.59 1.31572
19.62 1.31806
19.65 1.32042
19.68 1.32278
19.71 1.32515
19.74 1.32754
19.77 1.32993
19.8 1.33233
19.83 1.33475
19.86 1.33717
19.89 1.3396
19.92 1.34205
19.95 1.3445
19.98 1.34697
20.01 1.34944
20.04 1.35193
20.07 1.35443
20.1 1.35693
20.13 1.35945
20.16 1.36198
20.19 1.36453
20.22 1.36708
20.25 1.36964
20.28 1.37222
20.31 1.37481
20.34 1.37741
20.37 1.38002
20.4 1.38264
20.43 1.38527
20.46 1.38792
20.49 1.39058
20.52 1.39325
20.55 1.39594
20.58 1.39864
20.61 1.40135
20.64 1.40407
20.67 1.4068
20.7 1.40955
20.73 1.41232
20.76 1.41509
20.79 1.41788
20.82 1.42068
20.85 1.4235
20.88 1.42633
20.91 1.42918
20.94 1.43204
20.97 1.43491
21 1.4378
21.03 1.4407
21.06 1.44362
21.09 1.44655
21.12 1.4495
21.15 1.45247
21.18 1.45545
21.21 1.45844
21.24 1.46145
21.27 1.46448
21.3 1.46752
21.33 1.47058
21.36 1.47366
21.39 1.47675
21.42 1.47986
21.45 1.48299
21.48 1.48613
21.51 1.48929
21.54 1.49247
21.57 1.49567
21.6 1.49889
21.63 1.50212
21.66 1.50537
21.69 1.50865
21.72 1.51194
21.75 1.51525
21.78 1.51858
21.81 1.52193
21.84 1.52529
21.87 1.52868
21.9 1.53209
21.93 1.53552
21.96 1.53898
21.99 1.54245
22.02 1.54594
22.05 1.54946
22.08 1.55299
22.11 1.55655
22.14 1.56014
22.17 1.56374
22.2 1.56737
22.23 1.57102
22.26 1.5747
22.29 1.5784
22.32 1.58212
22.35 1.58587
22.38 1.58964
22.41 1.59344
22.44 1.59726
22.47 1.60111
22.5 1.60498
22.53 1.60889
22.56 1.61281
22.59 1.61677
22.62 1.62075
22.65 1.62476
22.68 1.6288
22.71 1.63287
22.74 1.63697
22.77 1.64109
22.8 1.64525
22.83 1.64943
22.86 1.65365
22.89 1.6579
22.92 1.66218
22.95 1.66649
22.98 1.67083
23.01 1.6752
23.04 1.67961
23.07 1.68405
23.1 1.68852
23.13 1.69303
23.16 1.69758
23.19 1.70215
23.22 1.70677
23.25 1.71142
23.28 1.71611
23.31 1.72083
23.34 1.72559
23.37 1.73039
23.4 1.73522
23.43 1.7401
23.46 1.74502
23.49 1.74997
23.52 1.75497
23.55 1.76
23.58 1.76508
23.61 1.7702
23.64 1.77536
23.67 1.78057
23.7 1.78582
23.73 1.79111
23.76 1.79645
23.79 1.80183
23.82 1.80726
23.85 1.81273
23.88 1.81826
23.91 1.82383
23.94 1.82944
23.97 1.83511
24 1.84082
24.03 1.84659
24.06 1.8524
24.09 1.85827
24.12 1.86419
24.15 1.87016
24.18 1.87618
24.21 1.88226
24.24 1.88839
24.27 1.89457
24.3 1.90081
24.33 1.90711
24.36 1.91346
24.39 1.91987
24.42 1.92633
24.45 1.93285
24.48 1.93944
24.51 1.94608
24.54 1.95278
24.57 1.95954
24.6 1.96637
24.63 1.97325
24.66 1.9802
24.69 1.98721
24.72 1.99428
24.75 2.00142
24.78 2.00862
24.81 2.01588
24.84 2.02321
24.87 2.03061
24.9 2.03807
24.93 2.04561
24.96 2.0532
24.99 2.06087
25.02 2.0686
25.05 2.0764
25.08 2.08427
25.11 2.09221
25.14 2.10022
25.17 2.1083
25.2 2.11646
25.23 2.12468
25.26 2.13297
25.29 2.14133
25.32 2.14977
25.35 2.15827
25.38 2.16685
25.41 2.1755
25.44 2.18422
25.47 2.19302
25.5 2.20189
25.53 2.21082
25.56 2.21983
25.59 2.22892
25.62 2.23807
25.65 2.2473
25.68 2.2566
25.71 2.26596
25.74 2.2754
25.77 2.28491
25.8 2.2945
25.83 2.30415
25.86 2.31387
25.89 2.32365
25.92 2.33351
25.95 2.34344
25.98 2.35343
26.01 2.36349
26.04 2.37361
26.07 2.3838
26.1 2.39405
26.13 2.40436
26.16 2.41474
26.19 2.42517
26.22 2.43567
26.25 2.44622
26.28 2.45683
26.31 2.4675
26.34 2.47822
26.37 2.48899
26.4 2.49981
26.43 2.51069
26.46 2.52161
26.49 2.53258
26.52 2.54359
26.55 2.55464
26.58 2.56574
26.61 2.57688
26.64 2.58805
26.67 2.59926
26.7 2.6105
26.73 2.62177
26.76 2.63307
26.79 2.64439
26.82 2.65574
26.85 2.66712
26.88 2.67851
26.91 2.68992
26.94 2.70134
26.97 2.71278
27 2.72422
27.03 2.73567
27.06 2.74713
27.09 2.75859
27.12 2.77005
27.15 2.78151
27.18 2.79296
27.21 2.8044
27.24 2.81583
27.27 2.82725
27.3 2.83865
27.33 2.85003
27.36 2.86139
27.39 2.87273
27.42 2.88404
27.45 2.89532
27.48 2.90657
27.51 2.91779
27.54 2.92897
27.57 2.94011
27.6 2.9512
27.63 2.96226
27.66 2.97326
27.69 2.98422
27.72 2.99512
27.75 3.00597
27.78 3.01677
27.81 3.02751
27.84 3.03818
27.87 3.0488
27.9 3.05935
27.93 3.06983
27.96 3.08024
27.99 3.09059
28.02 3.10086
28.05 3.11106
28.08 3.12118
28.11 3.13123
28.14 3.1412
28.17 3.15108
28.2 3.16089
28.23 3.17061
28.26 3.18025
28.29 3.1898
28.32 3.19927
28.35 3.20865
28.38 3.21794
28.41 3.22714
28.44 3.23624
28.47 3.24526
28.5 3.25419
28.53 3.26302
28.56 3.27176
28.59 3.28041
28.62 3.28896
28.65 3.29741
28.68 3.30577
28.71 3.31404
28.74 3.3222
28.77 3.33028
28.8 3.33825
28.83 3.34613
28.86 3.35391
28.89 3.3616
28.92 3.36919
28.95 3.37668
28.98 3.38408
29.01 3.39138
29.04 3.39858
29.07 3.40569
29.1 3.4127
29.13 3.41962
29.16 3.42645
29.19 3.43318
29.22 3.43981
29.25 3.44636
29.28 3.45281
29.31 3.45917
29.34 3.46543
29.37 3.47161
29.4 3.4777
29.43 3.48369
29.46 3.4896
29.49 3.49542
29.52 3.50115
29.55 3.5068
29.58 3.51236
29.61 3.51784
29.64 3.52323
29.67 3.52854
29.7 3.53376
29.73 3.5389
29.76 3.54397
29.79 3.54895
29.82 3.55385
29.85 3.55868
29.88 3.56343
29.91 3.5681
29.94 3.5727
29.97 3.57722
30 3.58167
30.001 0
