0 -10
0.03 -8.6829
0.06 -8.68278
0.09 -8.68266
0.12 -8.68254
0.15 -8.68243
0.18 -8.68231
0.21 -8.68219
0.24 -8.68207
0.27 -8.68195
0.3 -8.68183
0.33 -8.68172
0.36 -8.6816
0.39 -8.68148
0.42 -8.68136
0.45 -8.68124
0.48 -8.68113
0.51 -8.68101
0.54 -8.68089
0.57 -8.68077
0.6 -8.68065
0.63 -8.68054
0.66 -8.68042
0.69 -8.6803
0.72 -8.68018
0.75 -8.68007
0.78 -8.67995
0.81 -8.67983
0.84 -8.67971
0.87 -8.67959
0.9 -8.67948
0.93 -8.67936
0.96 -8.67924
0.99 -8.67912
1.02 -8.67901
1.05 -8.67889
1.08 -8.67877
1.11 -8.67865
1.14 -8.67854
1.17 -8.67842
1.2 -8.6783
1.23 -8.67819
1.26 -8.67807
1.29 -8.67795
1.32 -8.67783
1.35 -8.67772
1.38 -8.6776
1.41 -8.67748
1.44 -8.67736
1.47 -8.67725
1.5 -8.67713
1.53 -8.67701
1.56 -8.6769
1.59 -8.67678
1.62 -8.67666
1.65 -8.67655
1.68 -8.67643
1.71 -8.67631
1.74 -8.6762
1.77 -8.67608
1.8 -8.67596
1.83 -8.67585
1.86 -8.67573
1.89 -8.67561
1.92 -8.6755
1.95 -8.67538
1.98 -8.67526
2.01 -8.67515
2.04 -8.67503
2.07 -8.67491
2.1 -8.6748
2.13 -8.67468
2.16 -8.67456
2.19 -8.67445
2.22 -8.67433
2.25 -8.67422
2.28 -8.6741
2.31 -8.67398
2.34 -8.67387
2.37 -8.67375
2.4 -8.67363
2.43 -8.67352
2.46 -8.6734
2.49 -8.67329
2.52 -8.67317
2.55 -8.67305
2.58 -8.67294
2.61 -8.67282
2.64 -8.67271
2.67 -8.67259
2.7 -8.67247
2.73 -8.67236
2.76 -8.67224
2.79 -8.67213
2.82 -8.67201
2.85 -8.6719
2.88 -8.67178
2.91 -8.67166
2.94 -8.67155
2.97 -8.67143
3 -8.67132
3.03 -8.6712
3.06 -8.67109
3.09 -8.67097
3.12 -8.67086
3.15 -8.67074
3.18 -8.67062
3.21 -8.67051
3.24 -8.67039
3.27 -8.67028
3.3 -8.67016
3.33 -8.67005
3.36 -8.66993
3.39 -8.66982
3.42 -8.6697
3.45 -8.66959
3.48 -8.66947
3.51 -8.66936
3.54 -8.66924
3.57 -8.66913
3.6 -8.66901
3.63 -8.6689
3.66 -8.66878
3.69 -8.66867
3.72 -8.66855
3.75 -8.66844
3.78 -8.66832
3.81 -8.66821
3.84 -8.66809
3.87 -8.66798
3.9 -8.66786
3.93 -8.66775
3.96 -8.66763
3.99 -8.66752
4.02 -8.6674
4.05 -8.66729
4.08 -8.66717
4.11 -8.66706
4.14 -8.66694
4.17 -8.66683
4.2 -8.66672
4.23 -8.6666
4.26 -8.66649
4.29 -8.66637
4.32 -8.66626
4.35 -8.66614
4.38 -8.66603
4.41 -8.66591
4.44 -8.6658
4.47 -8.66568
4.5 -8.66557
4.53 -8.66546
4.56 -8.66534
4.59 -8.66523
4.62 -8.66511
4.65 -8.665
4.68 -8.66488
4.71 -8.66477
4.74 -8.66466
4.77 -8.66454
4.8 -8.66443
4.83 -8.66431
4.86 -8.6642
4.89 -8.66408
4.92 -8.66397
4.95 -8.66386
4.98 -8.66374
5.01 -8.66363
5.04 -8.66351
5.07 -8.6634
5.1 -8.66329
5.13 -8.66317
5.16 -8.66306
5.19 -8.66294
5.22 -8.66283
5.25 -8.66272
5.28 -8.6626
5.31 -8.66249
5.34 -8.66237
5.37 -8.66226
5.4 -8.66215
5.43 -8.66203
5.46 -8.66192
5.49 -8.6618
5.52 -8.66169
5.55 -8.66158
5.58 -8.66146
5.61 -8.66135
5.64 -8.66124
5.67 -8.66112
5.7 -8.66101
5.73 -8.66089
5.76 -8.66078
5.79 -8.66067
5.82 -8.66055
5.85 -8.66044
5.88 -8.66033
5.91 -8.66021
5.94 -8.6601
5.97 -8.65998
6 -8.65987
6.03 -8.65976
6.06 -8.65964
6.09 -8.65953
6.12 -8.65942
6.15 -8.6593
6.18 -8.65919
6.21 -8.65907
6.24 -8.65896
6.27 -8.65885
6.3 -8.65873
6.33 -8.65862
6.36 -8.65851
6.39 -8.65839
6.42 -8.65828
6.45 -8.65817
6.48 -8.65805
6.51 -8.65794
6.54 -8.65782
6.57 -8.65771
6.6 -8.6576
6.63 -8.65748
6.66 -8.65737
6.69 -8.65726
6.72 -8.65714
6.75 -8.65703
6.78 -8.65692
6.81 -8.6568
6.84 -8.65669
6.87 -8.65657
6.9 -8.65646
6.93 -8.65635
6.96 -8.65623
6.99 -8.65612
7.02 -8.65601
7.05 -8.65589
7.08 -8.65578
7.11 -8.65567
7.14 -8.65555
7.17 -8.65544
7.2 -8.65532
7.23 -8.65521
7.26 -8.6551
7.29 -8.65498
7.32 -8.65487
7.35 -8.65476
7.38 -8.65464
7.41 -8.65453
7.44 -8.65442
7.47 -8.6543
7.5 -8.65419
7.53 -8.65407
7.56 -8.65396
7.59 -8.65385
7.62 -8.65373
7.65 -8.65362
7.68 -8.65351
7.71 -8.65339
7.74 -8.65328
7.77 -8.65316
7.8 -8.65305
7.83 -8.65294
7.86 -8.65282
7.89 -8.65271
7.92 -8.65259
7.95 -8.65248
7.98 -8.65237
8.01 -8.65225
8.04 -8.65214
8.07 -8.65203
8.1 -8.65191
8.13 -8.6518
8.16 -8.65168
8.19 -8.65157
8.22 -8.65146
8.25 -8.65134
8.28 -8.65123
8.31 -8.65111
8.34 -8.651
8.37 -8.65088
8.4 -8.65077
8.43 -8.65066
8.46 -8.65054
8.49 -8.65043
8.52 -8.65031
8.55 -8.6502
8.58 -8.65009
8.61 -8.64997
8.64 -8.64986
8.67 -8.64974
8.7 -8.64963
8.73 -8.64951
8.76 -8.6494
8.79 -8.64928
8.82 -8.64917
8.85 -8.64906
8.88 -8.64894
8.91 -8.64883
8.94 -8.64871
8.97 -8.6486
9 -8.64848
9.03 -8.64837
9.06 -8.64825
9.09 -8.64814
9.12 -8.64802
9.15 -8.64791
9.18 -8.6478
9.21 -8.64768
9.24 -8.64757
9.27 -8.64745
9.3 -8.64734
9.33 -8.64722
9.36 -8.64711
9.39 -8.64699
9.42 -8.64688
9.45 -8.64676
9.48 -8.64665
9.51 -8.64653
9.54 -8.64642
9.57 -8.6463
9.6 -8.64619
9.63 -8.64607
9.66 -8.64595
9.69 -8.64584
9.72 -8.64572
9.75 -8.64561
9.78 -8.64549
9.81 -8.64538
9.84 -8.64526
9.87 -8.64515
9.9 -8.64503
9.93 -8.64492
9.96 -8.6448
9.99 -8.64468
10.02 -8.64457
10.05 -8.64445
10.08 -8.64434
10.11 -8.64422
10.14 -8.6441
10.17 -8.64399
10.2 -8.64387
10.23 -8.64376
10.26 -8.64364
10.29 -8.64352
10.32 -8.64341
10.35 -8.64329
10.38 -8.64318
10.41 -8.64306
10.44 -8.64294
10.47 -8.64283
10.5 -8.64271
10.53 -8.64259
10.56 -8.64248
10.59 -8.64236
10.62 -8.64224
10.65 -8.64213
10.68 -8.64201
10.71 -8.64189
10.74 -8.64178
10.77 -8.64166
10.8 -8.64154
10.83 -8.64143
10.86 -8.64131
10.89 -8.64119
10.92 -8.64108
10.95 -8.64096
10.98 -8.64084
11.01 -8.64072
11.04 -8.64061
11.07 -8.64049
11.1 -8.64037
11.13 -8.64025
11.16 -8.64014
11.19 -8.64002
11.22 -8.6399
11.25 -8.63978
11.28 -8.63967
11.31 -8.63955
11.34 -8.63943
11.37 -8.63931
11.4 -8.63919
11.43 -8.63908
11.46 -8.63896
11.49 -8.63884
11.52 -8.63872
11.55 -8.6386
11.58 -8.63848
11.61 -8.63837
11.64 -8.63825
11.67 -8.63813
11.7 -8.63801
11.73 -8.63789
11.76 -8.63777
11.79 -8.63765
11.82 -8.63754
11.85 -8.63742
11.88 -8.6373
11.91 -8.63718
11.94 -8.63706
11.97 -8.63694
12 -8.63682
12.03 -8.6367
12.06 -8.63658
12.09 -8.63646
12.12 -8.63634
12.15 -8.63622
12.18 -8.6361
12.21 -8.63598
12.24 -8.63587
12.27 -8.63575
12.3 -8.63563
12.33 -8.63551
12.36 -8.63539
12.39 -8.63527
12.42 -8.63515
12.45 -8.63502
12.48 -8.6349
12.51 -8.63478
12.54 -8.63466
12.57 -8.63454
12.6 -8.63442
12.63 -8.6343
12.66 -8.63418
12.69 -8.63406
12.72 -8.63394
12.75 -8.63382
12.78 -8.6337
12.81 -8.63358
12.84 -8.63346
12.87 -8.63333
12.9 -8.63321
12.93 -8.63309
12.96 -8.63297
12.99 -8.63285
13.02 -8.63273
13.05 -8.63261
13.08 -8.63248
13.11 -8.63236
13.14 -8.63224
13.17 -8.63212
13.2 -8.632
13.23 -8.63187
13.26 -8.63175
13.29 -8.63163
13.32 -8.63151
13.35 -8.63138
13.38 -8.63126
13.41 -8.63114
13.44 -8.63102
13.47 -8.63089
13.5 -8.63077
13.53 -8.63065
13.56 -8.63053
13.59 -8.6304
13.62 -8.63028
13.65 -8.63016
13.68 -8.63003
13.71 -8.62991
13.74 -8.62979
13.77 -8.62966
13.8 -8.62954
13.83 -8.62941
13.86 -8.62929
13.89 -8.62917
13.92 -8.62904
13.95 -8.62892
13.98 -8.6288
14.01 -8.62867
14.04 -8.62855
14.07 -8.62842
14.1 -8.6283
14.13 -8.62817
14.16 -8.62805
14.19 -8.62792
14.22 -8.6278
14.25 -8.62767
14.28 -8.62755
14.31 -8.62743
14.34 -8.6273
14.37 -8.62717
14.4 -8.62705
14.43 -8.62692
14.46 -8.6268
14.49 -8.62667
14.52 -8.62655
14.55 -8.62642
14.58 -8.6263
14.61 -8.62617
14.64 -8.62605
14.67 -8.62592
14.7 -8.62579
14.73 -8.62567
14.76 -8.62554
14.79 -8.62541
14.82 -8.62529
14.85 -8.62516
14.88 -8.62504
14.91 -8.62491
14.94 -8.62478
14.97 -8.62466
15 -8.62453
15.03 -8.6244
15.06 -8.62428
15.09 -8.62415
15.12 -8.62402
15.15 -8.62389
15.18 -8.62377
15.21 -8.62364
15.24 -8.62351
15.27 -8.62338
15.3 -8.62326
15.33 -8.62313
15.36 -8.623
15.39 -8.62287
15.42 -8.62275
15.45 -8.62262
15.48 -8.62249
15.51 -8.62236
15.54 -8.62223
15.57 -8.62211
15.6 -8.62198
15.63 -8.62185
15.66 -8.62172
15.69 -8.62159
15.72 -8.62146
15.75 -8.62133
15.78 -8.62121
15.81 -8.62108
15.84 -8.62095
15.87 -8.62082
15.9 -8.62069
15.93 -8.62056
15.96 -8.62043
15.99 -8.6203
16.02 -8.62017
16.05 -8.62004
16.08 -8.61991
16.11 -8.61978
16.14 -8.61965
16.17 -8.61952
16.2 -8.61939
16.23 -8.61926
16.26 -8.61913
16.29 -8.619
16.32 -8.61887
16.35 -8.61874
16.38 -8.61861
16.41 -8.61848
16.44 -8.61835
16.47 -8.61822
16.5 -8.61809
16.53 -8.61796
16.56 -8.61783
16.59 -8.6177
16.62 -8.61757
16.65 -8.61744
16.68 -8.61731
16.71 -8.61718
16.74 -8.61705
16.77 -8.61692
16.8 -8.61678
16.83 -8.61665
16.86 -8.61652
16.89 -8.61639
16.92 -8.61626
16.95 -8.61613
16.98 -8.616
17.01 -8.61586
17.04 -8.61573
17.07 -8.6156
17.1 -8.61547
17.13 -8.61534
17.16 -8.61521
17.19 -8.61507
17.22 -8.61494
17.25 -8.61481
17.28 -8.61468
17.31 -8.61455
17.34 -8.61441
17.37 -8.61428
17.4 -8.61415
17.43 -8.61402
17.46 -8.61389
17.49 -8.61375
17.52 -8.61362
17.55 -8.61349
17.58 -8.61336
17.61 -8.61322
17.64 -8.61309
17.67 -8.61296
17.7 -8.61283
17.73 -8.61269
17.76 -8.61256
17.79 -8.61243
17.82 -8.6123
17.85 -8.61216
17.88 -8.61203
17.91 -8.6119
17.94 -8.61176
17.97 -8.61163
18 -8.6115
18.03 -8.61137
18.06 -8.61123
18.09 -8.6111
18.12 -8.61097
18.15 -8.61083
18.18 -8.6107
18.21 -8.61057
18.24 -8.61043
18.27 -8.6103
18.3 -8.61017
18.33 -8.61003
18.36 -8.6099
18.39 -8.60977
18.42 -8.60963
18.45 -8.6095
18.48 -8.60937
18.51 -8.60923
18.54 -8.6091
18.57 -8.60897
18.6 -8.60884
18.63 -8.6087
18.66 -8.60857
18.69 -8.60844
18.72 -8.6083
18.75 -8.60817
18.78 -8.60804
18.81 -8.6079
18.84 -8.60777
18.87 -8.60764
18.9 -8.6075
18.93 -8.60737
18.96 -8.60724
18.99 -8.6071
19.02 -8.60697
19.05 -8.60684
19.08 -8.6067
19.11 -8.60657
19.14 -8.60644
19.17 -8.6063
19.2 -8.60617
19.23 -8.60604
19.26 -8.6059
19.29 -8.60577
19.32 -8.60564
19.35 -8.60551
19.38 -8.60537
19.41 -8.60524
19.44 -8.60511
19.47 -8.60497
19.5 -8.60484
19.53 -8.60471
19.56 -8.60458
19.59 -8.60444
19.62 -8.60431
19.65 -8.60418
19.68 -8.60405
19.71 -8.60391
19.74 -8.60378
19.77 -8.60365
19.8 -8.60352
19.83 -8.60338
19.86 -8.60325
19.89 -8.60312
19.92 -8.60299
19.95 -8.60286
19.98 -8.60272
20.01 -8.60259
20.04 -8.60246
20.07 -8.60233
20.1 -8.6022
20.13 -8.60207
20.16 -8.60194
20.19 -8.6018
20.22 -8.60167
20.25 -8.60154
20.28 -8.60141
20.31 -8.60128
20.34 -8.60115
20.37 -8.60102
20.4 -8.60089
20.43 -8.60076
20.46 -8.60063
20.49 -8.6005
20.52 -8.60037
20.55 -8.60024
20.58 -8.60011
20.61 -8.59998
20.64 -8.59985
20.67 -8.59972
20.7 -8.59959
20.73 -8.59946
20.76 -8.59933
20.79 -8.59921
20.82 -8.59908
20.85 -8.59895
20.88 -8.59882
20.91 -8.59869
20.94 -8.59857
20.97 -8.59844
21 -8.59831
21.03 -8.59818
21.06 -8.59806
21.09 -8.59793
21.12 -8.5978
21.15 -8.59768
21.18 -8.59755
21.21 -8.59743
21.24 -8.5973
21.27 -8.59718
21.3 -8.59705
21.33 -8.59693
21.36 -8.5968
21.39 -8.59668
21.42 -8.59655
21.45 -8.59643
21.48 -8.59631
21.51 -8.59618
21.54 -8.59606
21.57 -8.59594
21.6 -8.59582
21.63 -8.59569
21.66 -8.59557
21.69 -8.59545
21.72 -8.59533
21.75 -8.59521
21.78 -8.59509
21.81 -8.59497
21.84 -8.59485
21.87 -8.59473
21.9 -8.59461
21.93 -8.5945
21.96 -8.59438
21.99 -8.59426
22.02 -8.59414
22.05 -8.59403
22.08 -8.59391
22.11 -8.5938
22.14 -8.59368
22.17 -8.59357
22.2 -8.59345
22.23 -8.59334
22.26 -8.59323
22.29 -8.59312
22.32 -8.59301
22.35 -8.59289
22.38 -8.59278
22.41 -8.59267
22.44 -8.59257
22.47 -8.59246
22.5 -8.59235
22.53 -8.59224
22.56 -8.59214
22.59 -8.59203
22.62 -8.59192
22.65 -8.59182
22.68 -8.59172
22.71 -8.59161
22.74 -8.59151
22.77 -8.59141
22.8 -8.59131
22.83 -8.59121
22.86 -8.59111
22.89 -8.59102
22.92 -8.59092
22.95 -8.59082
22.98 -8.59073
23.01 -8.59064
23.04 -8.59054
23.07 -8.59045
23.1 -8.59036
23.13 -8.59027
23.16 -8.59018
23.19 -8.5901
23.22 -8.59001
23.25 -8.58993
23.28 -8.58984
23.31 -8.58976
23.34 -8.58968
23.37 -8.5896
23.4 -8.58952
23.43 -8.58945
23.46 -8.58937
23.49 -8.5893
23.52 -8.58923
23.55 -8.58916
23.58 -8.58909
23.61 -8.58902
23.64 -8.58895
23.67 -8.58889
23.7 -8.58883
23.73 -8.58877
23.76 -8.58871
23.79 -8.58865
23.82 -8.5886
23.85 -8.58855
23.88 -8.5885
23.91 -8.58845
23.94 -8.5884
23.97 -8.58836
24 -8.58832
24.03 -8.58828
24.06 -8.58824
24.09 -8.58821
24.12 -8.58817
24.15 -8.58814
24.18 -8.58812
24.21 -8.58809
24.24 -8.58807
24.27 -8.58805
24.3 -8.58804
24.33 -8.58803
24.36 -8.58802
24.39 -8.58801
24.42 -8.58801
24.45 -8.58801
24.48 -8.58801
24.51 -8.58802
24.54 -8.58803
24.57 -8.58804
24.6 -8.58806
24.63 -8.58808
24.66 -8.5881
24.69 -8.58813
24.72 -8.58817
24.75 -8.5882
24.78 -8.58825
24.81 -8.58829
24.84 -8.58834
24.87 -8.5884
24.9 -8.58846
24.93 -8.58852
24.96 -8.58859
24.99 -8.58866
25.02 -8.58874
25.05 -8.58883
25.08 -8.58892
25.11 -8.58901
25.14 -8.58911
25.17 -8.58922
25.2 -8.58933
25.23 -8.58945
25.26 -8.58958
25.29 -8.58971
25.32 -8.58984
25.35 -8.58999
25.38 -8.59014
25.41 -8.59029
25.44 -8.59046
25.47 -8.59063
25.5 -8.59081
25.53 -8.59099
25.56 -8.59119
25.59 -8.59139
25.62 -8.5916
25.65 -8.59181
25.68 -8.59204
25.71 -8.59227
25.74 -8.59251
25.77 -8.59277
25.8 -8.59302
25.83 -8.59329
25.86 -8.59357
25.89 -8.59386
25.92 -8.59416
25.95 -8.59446
25.98 -8.59478
26.01 -8.5951
26.04 -8.59544
26.07 -8.59579
26.1 -8.59615
26.13 -8.59652
26.16 -8.5969
26.19 -8.59729
26.22 -8.59769
26.25 -8.5981
26.28 -8.59853
26.31 -8.59896
26.34 -8.59941
26.37 -8.59988
26.4 -8.60035
26.43 -8.60084
26.46 -8.60134
26.49 -8.60185
26.52 -8.60237
26.55 -8.60291
26.58 -8.60346
26.61 -8.60403
26.64 -8.60461
26.67 -8.6052
26.7 -8.60581
26.73 -8.60643
26.76 -8.60707
26.79 -8.60772
26.82 -8.60838
26.85 -8.60906
26.88 -8.60975
26.91 -8.61046
26.94 -8.61118
26.97 -8.61192
27 -8.61268
27.03 -8.61345
27.06 -8.61423
27.09 -8.61503
27.12 -8.61584
27.15 -8.61667
27.18 -8.61752
27.21 -8.61838
27.24 -8.61925
27.27 -8.62015
27.3 -8.62105
27.33 -8.62197
27.36 -8.62291
27.39 -8.62386
27.42 -8.62483
27.45 -8.62581
27.48 -8.62681
27.51 -8.62783
27.54 -8.62885
27.57 -8.6299
27.6 -8.63095
27.63 -8.63203
27.66 -8.63311
27.69 -8.63421
27.72 -8.63533
27.75 -8.63645
27.78 -8.6376
27.81 -8.63875
27.84 -8.63992
27.87 -8.6411
27.9 -8.6423
27.93 -8.6435
27.96 -8.64472
27.99 -8.64596
28.02 -8.6472
28.05 -8.64845
28.08 -8.64972
28.11 -8.651
28.14 -8.65229
28.17 -8.65359
28.2 -8.65489
28.23 -8.65621
28.26 -8.65754
28.29 -8.65888
28.32 -8.66022
28.35 -8.66158
28.38 -8.66294
28.41 -8.66431
28.44 -8.66569
28.47 -8.66707
28.5 -8.66847
28.53 -8.66986
28.56 -8.67127
28.59 -8.67268
28.62 -8.67409
28.65 -8.67551
28.68 -8.67694
28.71 -8.67837
28.74 -8.6798
28.77 -8.68124
28.8 -8.68268
28.83 -8.68413
28.86 -8.68557
28.89 -8.68702
28.92 -8.68847
28.95 -8.68992
28.98 -8.69138
29.01 -8.69283
29.04 -8.69429
29.07 -8.69575
29.1 -8.6972
29.13 -8.69866
29.16 -8.70011
29.19 -8.70157
29.22 -8.70302
29.25 -8.70448
29.28 -8.70593
29.31 -8.70738
29.34 -8.70883
29.37 -8.71027
29.4 -8.71172
29.43 -8.71316
29.46 -8.71459
29.49 -8.71603
29.52 -8.71746
29.55 -8.71889
29.58 -8.72031
29.61 -8.72173
29.64 -8.72315
29.67 -8.72456
29.7 -8.72596
29.73 -8.72737
29.76 -8.72876
29.79 -8.73015
29.82 -8.73154
29.85 -8.73292
29.88 -8.7343
29.91 -8.73567
29.94 -8.73703
29.97 -8.73839
30 -8.73975
30.001 -10
