0 5
0.03 5.04584
0.06 5.04595
0.09 5.04605
0.12 5.04616
0.15 5.04626
0.18 5.04637
0.21 5.04647
0.24 5.04658
0.27 5.04669
0.3 5.04679
0.33 5.0469
0.36 5.047
0.39 5.04711
0.42 5.04722
0.45 5.04732
0.48 5.04743
0.51 5.04753
0.54 5.04764
0.57 5.04775
0.6 5.04786
0.63 5.04796
0.66 5.04807
0.69 5.04818
0.72 5.04828
0.75 5.04839
0.78 5.0485
0.81 5.04861
0.84 5.04871
0.87 5.04882
0.9 5.04893
0.93 5.04904
0.96 5.04915
0.99 5.04926
1.02 5.04936
1.05 5.04947
1.08 5.04958
1.11 5.04969
1.14 5.0498
1.17 5.04991
1.2 5.05002
1.23 5.05013
1.26 5.05024
1.29 5.05035
1.32 5.05046
1.35 5.05057
1.38 5.05068
1.41 5.05079
1.44 5.0509
1.47 5.05101
1.5 5.05112
1.53 5.05123
1.56 5.05134
1.59 5.05145
1.62 5.05156
1.65 5.05167
1.68 5.05178
1.71 5.05189
1.74 5.05201
1.77 5.05212
1.8 5.05223
1.83 5.05234
1.86 5.05245
1.89 5.05256
1.92 5.05268
1.95 5.05279
1.98 5.0529
2.01 5.05301
2.04 5.05313
2.07 5.05324
2.1 5.05335
2.13 5.05347
2.16 5.05358
2.19 5.05369
2.22 5.05381
2.25 5.05392
2.28 5.05403
2.31 5.05415
2.34 5.05426
2.37 5.05438
2.4 5.05449
2.43 5.05461
2.46 5.05472
2.49 5.05483
2.52 5.05495
2.55 5.05506
2.58 5.05518
2.61 5.05529
2.64 5.05541
2.67 5.05553
2.7 5.05564
2.73 5.05576
2.76 5.05587
2.79 5.05599
2.82 5.05611
2.85 5.05622
2.88 5.05634
2.91 5.05645
2.94 5.05657
2.97 5.05669
3 5.05681
3.03 5.05692
3.06 5.05704
3.09 5.05716
3.12 5.05728
3.15 5.05739
3.18 5.05751
3.21 5.05763
3.24 5.05775
3.27 5.05787
3.3 5.05798
3.33 5.0581
3.36 5.05822
3.39 5.05834
3.42 5.05846
3.45 5.05858
3.48 5.0587
3.51 5.05882
3.54 5.05894
3.57 5.05906
3.6 5.05918
3.63 5.0593
3.66 5.05942
3.69 5.05954
3.72 5.05966
3.75 5.05978
3.78 5.0599
3.81 5.06002
3.84 5.06014
3.87 5.06026
3.9 5.06038
3.93 5.0605
3.96 5.06063
3.99 5.06075
4.02 5.06087
4.05 5.06099
4.08 5.06111
4.11 5.06124
4.14 5.06136
4.17 5.06148
4.2 5.06161
4.23 5.06173
4.26 5.06185
4.29 5.06198
4.32 5.0621
4.35 5.06222
4.38 5.06235
4.41 5.06247
4.44 5.06259
4.47 5.06272
4.5 5.06284
4.53 5.06297
4.56 5.06309
4.59 5.06322
4.62 5.06334
4.65 5.06347
4.68 5.06359
4.71 5.06372
4.74 5.06385
4.77 5.06397
4.8 5.0641
4.83 5.06422
4.86 5.06435
4.89 5.06448
4.92 5.0646
4.95 5.06473
4.98 5.06486
5.01 5.06499
5.04 5.06511
5.07 5.06524
5.1 5.06537
5.13 5.0655
5.16 5.06562
5.19 5.06575
5.22 5.06588
5.25 5.06601
5.28 5.06614
5.31 5.06627
5.34 5.0664
5.37 5.06653
5.4 5.06666
5.43 5.06679
5.46 5.06692
5.49 5.06705
5.52 5.06718
5.55 5.06731
5.58 5.06744
5.61 5.06757
5.64 5.0677
5.67 5.06783
5.7 5.06796
5.73 5.0681
5.76 5.06823
5.79 5.06836
5.82 5.06849
5.85 5.06862
5.88 5.06876
5.91 5.06889
5.94 5.06902
5.97 5.06916
6 5.06929
6.03 5.06942
6.06 5.06956
6.09 5.06969
6.12 5.06982
6.15 5.06996
6.18 5.07009
6.21 5.07023
6.24 5.07036
6.27 5.0705
6.3 5.07063
6.33 5.07077
6.36 5.07091
6.39 5.07104
6.42 5.07118
6.45 5.07131
6.48 5.07145
6.51 5.07159
6.54 5.07172
6.57 5.07186
6.6 5.072
6.63 5.07214
6.66 5.07228
6.69 5.07241
6.72 5.07255
6.75 5.07269
6.78 5.07283
6.81 5.07297
6.84 5.07311
6.87 5.07325
6.9 5.07339
6.93 5.07353
6.96 5.07367
6.99 5.07381
7.02 5.07395
7.05 5.07409
7.08 5.07423
7.11 5.07437
7.14 5.07451
7.17 5.07465
7.2 5.0748
7.23 5.07494
7.26 5.07508
7.29 5.07522
7.32 5.07537
7.35 5.07551
7.38 5.07565
7.41 5.0758
7.44 5.07594
7.47 5.07608
7.5 5.07623
7.53 5.07637
7.56 5.07652
7.59 5.07666
7.62 5.07681
7.65 5.07695
7.68 5.0771
7.71 5.07725
7.74 5.07739
7.77 5.07754
7.8 5.07769
7.83 5.07783
7.86 5.07798
7.89 5.07813
7.92 5.07828
7.95 5.07842
7.98 5.07857
8.01 5.07872
8.04 5.07887
8.07 5.07902
8.1 5.07917
8.13 5.07932
8.16 5.07947
8.19 5.07962
8.22 5.07977
8.25 5.07992
8.28 5.08007
8.31 5.08022
8.34 5.08037
8.37 5.08053
8.4 5.08068
8.43 5.08083
8.46 5.08098
8.49 5.08114
8.52 5.08129
8.55 5.08144
8.58 5.0816
8.61 5.08175
8.64 5.08191
8.67 5.08206
8.7 5.08222
8.73 5.08237
8.76 5.08253
8.79 5.08268
8.82 5.08284
8.85 5.083
8.88 5.08315
8.91 5.08331
8.94 5.08347
8.97 5.08362
9 5.08378
9.03 5.08394
9.06 5.0841
9.09 5.08426
9.12 5.08442
9.15 5.08458
9.18 5.08474
9.21 5.0849
9.24 5.08506
9.27 5.08522
9.3 5.08538
9.33 5.08554
9.36 5.0857
9.39 5.08587
9.42 5.08603
9.45 5.08619
9.48 5.08636
9.51 5.08652
9.54 5.08668
9.57 5.08685
9.6 5.08701
9.63 5.08718
9.66 5.08734
9.69 5.08751
9.72 5.08767
9.75 5.08784
9.78 5.08801
9.81 5.08817
9.84 5.08834
9.87 5.08851
9.9 5.08868
9.93 5.08884
9.96 5.08901
9.99 5.08918
10.02 5.08935
10.05 5.08952
10.08 5.08969
10.11 5.08986
10.14 5.09003
10.17 5.0902
10.2 5.09038
10.23 5.09055
10.26 5.09072
10.29 5.09089
10.32 5.09107
10.35 5.09124
10.38 5.09141
10.41 5.09159
10.44 5.09176
10.47 5.09194
10.5 5.09211
10.53 5.09229
10.56 5.09247
10.59 5.09264
10.62 5.09282
10.65 5.093
10.68 5.09318
10.71 5.09335
10.74 5.09353
10.77 5.09371
10.8 5.09389
10.83 5.09407
10.86 5.09425
10.89 5.09443
10.92 5.09462
10.95 5.0948
10.98 5.09498
11.01 5.09516
11.04 5.09534
11.07 5.09553
11.1 5.09571
11.13 5.0959
11.16 5.09608
11.19 5.09627
11.22 5.09645
11.25 5.09664
11.28 5.09682
11.31 5.09701
11.34 5.0972
11.37 5.09739
11.4 5.09758
11.43 5.09776
11.46 5.09795
11.49 5.09814
11.52 5.09833
11.55 5.09852
11.58 5.09872
11.61 5.09891
11.64 5.0991
11.67 5.09929
11.7 5.09948
11.73 5.09968
11.76 5.09987
11.79 5.10007
11.82 5.10026
11.85 5.10046
11.88 5.10065
11.91 5.10085
11.94 5.10105
11.97 5.10124
12 5.10144
12.03 5.10164
12.06 5.10184
12.09 5.10204
12.12 5.10224
12.15 5.10244
12.18 5.10264
12.21 5.10284
12.24 5.10304
12.27 5.10325
12.3 5.10345
12.33 5.10365
12.36 5.10386
12.39 5.10406
12.42 5.10427
12.45 5.10447
12.48 5.10468
12.51 5.10489
12.54 5.1051
12.57 5.1053
12.6 5.10551
12.63 5.10572
12.66 5.10593
12.69 5.10614
12.72 5.10635
12.75 5.10656
12.78 5.10678
12.81 5.10699
12.84 5.1072
12.87 5.10742
12.9 5.10763
12.93 5.10784
12.96 5.10806
12.99 5.10828
13.02 5.10849
13.05 5.10871
13.08 5.10893
13.11 5.10915
13.14 5.10937
13.17 5.10959
13.2 5.10981
13.23 5.11003
13.26 5.11025
13.29 5.11047
13.32 5.11069
13.35 5.11092
13.38 5.11114
13.41 5.11137
13.44 5.11159
13.47 5.11182
13.5 5.11205
13.53 5.11227
13.56 5.1125
13.59 5.11273
13.62 5.11296
13.65 5.11319
13.68 5.11342
13.71 5.11365
13.74 5.11388
13.77 5.11412
13.8 5.11435
13.83 5.11458
13.86 5.11482
13.89 5.11505
13.92 5.11529
13.95 5.11553
13.98 5.11576
14.01 5.116
14.04 5.11624
14.07 5.11648
14.1 5.11672
14.13 5.11696
14.16 5.1172
14.19 5.11745
14.22 5.11769
14.25 5.11793
14.28 5.11818
14.31 5.11842
14.34 5.11867
14.37 5.11892
14.4 5.11917
14.43 5.11941
14.46 5.11966
14.49 5.11991
14.52 5.12016
14.55 5.12042
14.58 5.12067
14.61 5.12092
14.64 5.12117
14.67 5.12143
14.7 5.12168
14.73 5.12194
14.76 5.1222
14.79 5.12246
14.82 5.12271
14.85 5.12297
14.88 5.12323
14.91 5.12349
14.94 5.12376
14.97 5.12402
15 5.12428
15.03 5.12455
15.06 5.12481
15.09 5.12508
15.12 5.12534
15.15 5.12561
15.18 5.12588
15.21 5.12615
15.24 5.12642
15.27 5.12669
15.3 5.12696
15.33 5.12724
15.36 5.12751
15.39 5.12778
15.42 5.12806
15.45 5.12834
15.48 5.12861
15.51 5.12889
15.54 5.12917
15.57 5.12945
15.6 5.12973
15.63 5.13001
15.66 5.1303
15.69 5.13058
15.72 5.13086
15.75 5.13115
15.78 5.13144
15.81 5.13172
15.84 5.13201
15.87 5.1323
15.9 5.13259
15.93 5.13288
15.96 5.13317
15.99 5.13347
16.02 5.13376
16.05 5.13406
16.08 5.13435
16.11 5.13465
16.14 5.13495
16.17 5.13525
16.2 5.13555
16.23 5.13585
16.26 5.13615
16.29 5.13645
16.32 5.13676
16.35 5.13706
16.38 5.13737
16.41 5.13767
16.44 5.13798
16.47 5.13829
16.5 5.1386
16.53 5.13891
16.56 5.13922
16.59 5.13954
16.62 5.13985
16.65 5.14017
16.68 5.14048
16.71 5.1408
16.74 5.14112
16.77 5.14144
16.8 5.14176
16.83 5.14208
16.86 5.14241
16.89 5.14273
16.92 5.14306
16.95 5.14338
16.98 5.14371
17.01 5.14404
17.04 5.14437
17.07 5.1447
17.1 5.14503
17.13 5.14537
17.16 5.1457
17.19 5.14604
17.22 5.14637
17.25 5.14671
17.28 5.14705
17.31 5.14739
17.34 5.14773
17.37 5.14808
17.4 5.14842
17.43 5.14877
17.46 5.14911
17.49 5.14946
17.52 5.14981
17.55 5.15016
17.58 5.15051
17.61 5.15087
17.64 5.15122
17.67 5.15157
17.7 5.15193
17.73 5.15229
17.76 5.15265
17.79 5.15301
17.82 5.15337
17.85 5.15373
17.88 5.1541
17.91 5.15446
17.94 5.15483
17.97 5.1552
18 5.15557
18.03 5.15594
18.06 5.15631
18.09 5.15669
18.12 5.15706
18.15 5.15744
18.18 5.15782
18.21 5.1582
18.24 5.15858
18.27 5.15896
18.3 5.15934
18.33 5.15973
18.36 5.16012
18.39 5.1605
18.42 5.16089
18.45 5.16129
18.48 5.16168
18.51 5.16207
18.54 5.16247
18.57 5.16286
18.6 5.16326
18.63 5.16366
18.66 5.16406
18.69 5.16447
18.72 5.16487
18.75 5.16528
18.78 5.16569
18.81 5.1661
18.84 5.16651
18.87 5.16692
18.9 5.16733
18.93 5.16775
18.96 5.16817
18.99 5.16858
19.02 5.16901
19.05 5.16943
19.08 5.16985
19.11 5.17028
19.14 5.1707
19.17 5.17113
19.2 5.17156
19.23 5.172
19.26 5.17243
19.29 5.17287
19.32 5.1733
19.35 5.17374
19.38 5.17418
19.41 5.17463
19.44 5.17507
19.47 5.17552
19.5 5.17597
19.53 5.17642
19.56 5.17687
19.59 5.17732
19.62 5.17778
19.65 5.17824
19.68 5.1787
19.71 5.17916
19.74 5.17962
19.77 5.18009
19.8 5.18055
19.83 5.18102
19.86 5.18149
19.89 5.18197
19.92 5.18244
19.95 5.18292
19.98 5.1834
20.01 5.18388
20.04 5.18437
20.07 5.18485
20.1 5.18534
20.13 5.18583
20.16 5.18632
20.19 5.18681
20.22 5.18731
20.25 5.18781
20.28 5.18831
20.31 5.18881
20.34 5.18932
20.37 5.18983
20.4 5.19034
20.43 5.19085
20.46 5.19136
20.49 5.19188
20.52 5.1924
20.55 5.19292
20.58 5.19345
20.61 5.19397
20.64 5.1945
20.67 5.19503
20.7 5.19557
20.73 5.1961
20.76 5.19664
20.79 5.19718
20.82 5.19773
20.85 5.19828
20.88 5.19883
20.91 5.19938
20.94 5.19993
20.97 5.20049
21 5.20105
21.03 5.20161
21.06 5.20218
21.09 5.20275
21.12 5.20332
21.15 5.2039
21.18 5.20447
21.21 5.20505
21.24 5.20564
21.27 5.20622
21.3 5.20681
21.33 5.20741
21.36 5.208
21.39 5.2086
21.42 5.2092
21.45 5.20981
21.48 5.21042
21.51 5.21103
21.54 5.21164
21.57 5.21226
21.6 5.21288
21.63 5.21351
21.66 5.21414
21.69 5.21477
21.72 5.21541
21.75 5.21605
21.78 5.21669
21.81 5.21734
21.84 5.21799
21.87 5.21864
21.9 5.2193
21.93 5.21996
21.96 5.22063
21.99 5.2213
22.02 5.22197
22.05 5.22265
22.08 5.22333
22.11 5.22402
22.14 5.22471
22.17 5.2254
22.2 5.2261
22.23 5.2268
22.26 5.22751
22.29 5.22822
22.32 5.22894
22.35 5.22966
22.38 5.23038
22.41 5.23111
22.44 5.23185
22.47 5.23259
22.5 5.23333
22.53 5.23408
22.56 5.23484
22.59 5.2356
22.62 5.23636
22.65 5.23713
22.68 5.2379
22.71 5.23868
22.74 5.23947
22.77 5.24026
22.8 5.24106
22.83 5.24186
22.86 5.24267
22.89 5.24348
22.92 5.2443
22.95 5.24512
22.98 5.24595
23.01 5.24679
23.04 5.24763
23.07 5.24848
23.1 5.24934
23.13 5.2502
23.16 5.25106
23.19 5.25194
23.22 5.25282
23.25 5.25371
23.28 5.2546
23.31 5.2555
23.34 5.25641
23.37 5.25732
23.4 5.25825
23.43 5.25917
23.46 5.26011
23.49 5.26105
23.52 5.26201
23.55 5.26296
23.58 5.26393
23.61 5.2649
23.64 5.26588
23.67 5.26687
23.7 5.26787
23.73 5.26888
23.76 5.26989
23.79 5.27091
23.82 5.27194
23.85 5.27298
23.88 5.27403
23.91 5.27508
23.94 5.27615
23.97 5.27722
24 5.2783
24.03 5.2794
24.06 5.2805
24.09 5.28161
24.12 5.28273
24.15 5.28385
24.18 5.28499
24.21 5.28614
24.24 5.2873
24.27 5.28846
24.3 5.28964
24.33 5.29083
24.36 5.29203
24.39 5.29323
24.42 5.29445
24.45 5.29568
24.48 5.29692
24.51 5.29817
24.54 5.29943
24.57 5.3007
24.6 5.30198
24.63 5.30327
24.66 5.30457
24.69 5.30589
24.72 5.30721
24.75 5.30855
24.78 5.30989
24.81 5.31125
24.84 5.31262
24.87 5.314
24.9 5.3154
24.93 5.3168
24.96 5.31821
24.99 5.31964
25.02 5.32108
25.05 5.32253
25.08 5.32399
25.11 5.32546
25.14 5.32695
25.17 5.32845
25.2 5.32995
25.23 5.33147
25.26 5.333
25.29 5.33455
25.32 5.3361
25.35 5.33767
25.38 5.33924
25.41 5.34083
25.44 5.34243
25.47 5.34404
25.5 5.34566
25.53 5.34729
25.56 5.34894
25.59 5.35059
25.62 5.35225
25.65 5.35393
25.68 5.35561
25.71 5.35731
25.74 5.35901
25.77 5.36073
25.8 5.36245
25.83 5.36418
25.86 5.36592
25.89 5.36767
25.92 5.36943
25.95 5.3712
25.98 5.37298
26.01 5.37476
26.04 5.37655
26.07 5.37835
26.1 5.38015
26.13 5.38196
26.16 5.38378
26.19 5.3856
26.22 5.38743
26.25 5.38926
26.28 5.39109
26.31 5.39293
26.34 5.39478
26.37 5.39662
26.4 5.39847
26.43 5.40032
26.46 5.40218
26.49 5.40403
26.52 5.40588
26.55 5.40774
26.58 5.40959
26.61 5.41144
26.64 5.41329
26.67 5.41514
26.7 5.41698
26.73 5.41883
26.76 5.42066
26.79 5.4225
26.82 5.42432
26.85 5.42615
26.88 5.42796
26.91 5.42977
26.94 5.43157
26.97 5.43336
27 5.43514
27.03 5.43692
27.06 5.43868
27.09 5.44043
27.12 5.44218
27.15 5.44391
27.18 5.44562
27.21 5.44733
27.24 5.44902
27.27 5.45069
27.3 5.45235
27.33 5.454
27.36 5.45563
27.39 5.45724
27.42 5.45883
27.45 5.46041
27.48 5.46197
27.51 5.46351
27.54 5.46504
27.57 5.46654
27.6 5.46802
27.63 5.46949
27.66 5.47093
27.69 5.47235
27.72 5.47375
27.75 5.47513
27.78 5.47649
27.81 5.47782
27.84 5.47914
27.87 5.48042
27.9 5.48169
27.93 5.48293
27.96 5.48415
27.99 5.48535
28.02 5.48652
28.05 5.48767
28.08 5.4888
28.11 5.4899
28.14 5.49098
28.17 5.49203
28.2 5.49306
28.23 5.49407
28.26 5.49505
28.29 5.49601
28.32 5.49694
28.35 5.49786
28.38 5.49874
28.41 5.49961
28.44 5.50045
28.47 5.50126
28.5 5.50206
28.53 5.50283
28.56 5.50358
28.59 5.50431
28.62 5.50501
28.65 5.50569
28.68 5.50636
28.71 5.507
28.74 5.50761
28.77 5.50821
28.8 5.50879
28.83 5.50935
28.86 5.50988
28.89 5.5104
28.92 5.5109
28.95 5.51138
28.98 5.51184
29.01 5.51228
29.04 5.51271
29.07 5.51312
29.1 5.51351
29.13 5.51388
29.16 5.51423
29.19 5.51457
29.22 5.5149
29.25 5.51521
29.28 5.5155
29.31 5.51578
29.34 5.51604
29.37 5.51629
29.4 5.51653
29.43 5.51675
29.46 5.51696
29.49 5.51716
29.52 5.51734
29.55 5.51752
29.58 5.51768
29.61 5.51783
29.64 5.51796
29.67 5.51809
29.7 5.51821
29.73 5.51831
29.76 5.51841
29.79 5.5185
29.82 5.51857
29.85 5.51864
29.88 5.5187
29.91 5.51875
29.94 5.51879
29.97 5.51883
30 5.51885
30.001 5
