0 5
0.03 4.99794
0.06 4.99822
0.09 4.9985
0.12 4.99879
0.15 4.99907
0.18 4.99936
0.21 4.99965
0.24 4.99994
0.27 5.00023
0.3 5.00052
0.33 5.00082
0.36 5.00111
0.39 5.00141
0.42 5.00171
0.45 5.00201
0.48 5.00231
0.51 5.00261
0.54 5.00291
0.57 5.00322
0.6 5.00352
0.63 5.00383
0.66 5.00414
0.69 5.00445
0.72 5.00476
0.75 5.00507
0.78 5.00539
0.81 5.0057
0.84 5.00602
0.87 5.00634
0.9 5.00666
0.93 5.00698
0.96 5.0073
0.99 5.00762
1.02 5.00795
1.05 5.00827
1.08 5.0086
1.11 5.00893
1.14 5.00926
1.17 5.00959
1.2 5.00992
1.23 5.01025
1.26 5.01059
1.29 5.01092
1.32 5.01126
1.35 5.0116
1.38 5.01194
1.41 5.01228
1.44 5.01262
1.47 5.01297
1.5 5.01331
1.53 5.01366
1.56 5.01401
1.59 5.01435
1.62 5.0147
1.65 5.01506
1.68 5.01541
1.71 5.01576
1.74 5.01612
1.77 5.01647
1.8 5.01683
1.83 5.01719
1.86 5.01755
1.89 5.01791
1.92 5.01828
1.95 5.01864
1.98 5.01901
2.01 5.01937
2.04 5.01974
2.07 5.02011
2.1 5.02048
2.13 5.02085
2.16 5.02122
2.19 5.0216
2.22 5.02197
2.25 5.02235
2.28 5.02273
2.31 5.0231
2.34 5.02348
2.37 5.02387
2.4 5.02425
2.43 5.02463
2.46 5.02502
2.49 5.0254
2.52 5.02579
2.55 5.02618
2.58 5.02657
2.61 5.02696
2.64 5.02735
2.67 5.02774
2.7 5.02813
2.73 5.02853
2.76 5.02893
2.79 5.02932
2.82 5.02972
2.85 5.03012
2.88 5.03052
2.91 5.03092
2.94 5.03132
2.97 5.03173
3 5.03213
3.03 5.03254
3.06 5.03295
3.09 5.03335
3.12 5.03376
3.15 5.03417
3.18 5.03458
3.21 5.035
3.24 5.03541
3.27 5.03582
3.3 5.03624
3.33 5.03666
3.36 5.03707
3.39 5.03749
3.42 5.03791
3.45 5.03833
3.48 5.03875
3.51 5.03917
3.54 5.0396
3.57 5.04002
3.6 5.04045
3.63 5.04087
3.66 5.0413
3.69 5.04173
3.72 5.04216
3.75 5.04259
3.78 5.04302
3.81 5.04345
3.84 5.04388
3.87 5.04432
3.9 5.04475
3.93 5.04519
3.96 5.04562
3.99 5.04606
4.02 5.0465
4.05 5.04694
4.08 5.04737
4.11 5.04782
4.14 5.04826
4.17 5.0487
4.2 5.04914
4.23 5.04959
4.26 5.05003
4.29 5.05048
4.32 5.05092
4.35 5.05137
4.38 5.05182
4.41 5.05227
4.44 5.05272
4.47 5.05317
4.5 5.05362
4.53 5.05407
4.56 5.05452
4.59 5.05498
4.62 5.05543
4.65 5.05588
4.68 5.05634
4.71 5.0568
4.74 5.05725
4.77 5.05771
4.8 5.05817
4.83 5.05863
4.86 5.05909
4.89 5.05955
4.92 5.06001
4.95 5.06047
4.98 5.06094
5.01 5.0614
5.04 5.06187
5.07 5.06233
5.1 5.0628
5.13 5.06326
5.16 5.06373
5.19 5.0642
5.22 5.06466
5.25 5.06513
5.28 5.0656
5.31 5.06607
5.34 5.06654
5.37 5.06702
5.4 5.06749
5.43 5.06796
5.46 5.06843
5.49 5.06891
5.52 5.06938
5.55 5.06986
5.58 5.07033
5.61 5.07081
5.64 5.07129
5.67 5.07177
5.7 5.07224
5.73 5.07272
5.76 5.0732
5.79 5.07368
5.82 5.07416
5.85 5.07464
5.88 5.07513
5.91 5.07561
5.94 5.07609
5.97 5.07657
6 5.07706
6.03 5.07754
6.06 5.07803
6.09 5.07851
6.12 5.079
6.15 5.07949
6.18 5.07997
6.21 5.08046
6.24 5.08095
6.27 5.08144
6.3 5.08193
6.33 5.08242
6.36 5.08291
6.39 5.0834
6.42 5.08389
6.45 5.08439
6.48 5.08488
6.51 5.08537
6.54 5.08587
6.57 5.08636
6.6 5.08686
6.63 5.08735
6.66 5.08785
6.69 5.08834
6.72 5.08884
6.75 5.08934
6.78 5.08984
6.81 5.09033
6.84 5.09083
6.87 5.09133
6.9 5.09183
6.93 5.09233
6.96 5.09284
6.99 5.09334
7.02 5.09384
7.05 5.09434
7.08 5.09485
7.11 5.09535
7.14 5.09585
7.17 5.09636
7.2 5.09686
7.23 5.09737
7.26 5.09788
7.29 5.09838
7.32 5.09889
7.35 5.0994
7.38 5.09991
7.41 5.10042
7.44 5.10093
7.47 5.10144
7.5 5.10195
7.53 5.10246
7.56 5.10297
7.59 5.10348
7.62 5.104
7.65 5.10451
7.68 5.10502
7.71 5.10554
7.74 5.10605
7.77 5.10657
7.8 5.10709
7.83 5.1076
7.86 5.10812
7.89 5.10864
7.92 5.10916
7.95 5.10968
7.98 5.11019
8.01 5.11072
8.04 5.11124
8.07 5.11176
8.1 5.11228
8.13 5.1128
8.16 5.11332
8.19 5.11385
8.22 5.11437
8.25 5.1149
8.28 5.11542
8.31 5.11595
8.34 5.11648
8.37 5.117
8.4 5.11753
8.43 5.11806
8.46 5.11859
8.49 5.11912
8.52 5.11965
8.55 5.12018
8.58 5.12071
8.61 5.12124
8.64 5.12178
8.67 5.12231
8.7 5.12285
8.73 5.12338
8.76 5.12392
8.79 5.12445
8.82 5.12499
8.85 5.12553
8.88 5.12607
8.91 5.1266
8.94 5.12714
8.97 5.12768
9 5.12823
9.03 5.12877
9.06 5.12931
9.09 5.12985
9.12 5.1304
9.15 5.13094
9.18 5.13149
9.21 5.13203
9.24 5.13258
9.27 5.13313
9.3 5.13368
9.33 5.13423
9.36 5.13478
9.39 5.13533
9.42 5.13588
9.45 5.13643
9.48 5.13698
9.51 5.13754
9.54 5.13809
9.57 5.13865
9.6 5.1392
9.63 5.13976
9.66 5.14032
9.69 5.14088
9.72 5.14144
9.75 5.142
9.78 5.14256
9.81 5.14312
9.84 5.14368
9.87 5.14425
9.9 5.14481
9.93 5.14538
9.96 5.14594
9.99 5.14651
10.02 5.14708
10.05 5.14765
10.08 5.14822
10.11 5.14879
10.14 5.14936
10.17 5.14993
10.2 5.1505
10.23 5.15108
10.26 5.15165
10.29 5.15223
10.32 5.15281
10.35 5.15339
10.38 5.15397
10.41 5.15455
10.44 5.15513
10.47 5.15571
10.5 5.15629
10.53 5.15688
10.56 5.15746
10.59 5.15805
10.62 5.15863
10.65 5.15922
10.68 5.15981
10.71 5.1604
10.74 5.16099
10.77 5.16158
10.8 5.16218
10.83 5.16277
10.86 5.16337
10.89 5.16396
10.92 5.16456
10.95 5.16516
10.98 5.16576
11.01 5.16636
11.04 5.16696
11.07 5.16756
11.1 5.16817
11.13 5.16877
11.16 5.16938
11.19 5.16999
11.22 5.1706
11.25 5.17121
11.28 5.17182
11.31 5.17243
11.34 5.17304
11.37 5.17366
11.4 5.17427
11.43 5.17489
11.46 5.17551
11.49 5.17612
11.52 5.17674
11.55 5.17737
11.58 5.17799
11.61 5.17861
11.64 5.17924
11.67 5.17986
11.7 5.18049
11.73 5.18112
11.76 5.18175
11.79 5.18238
11.82 5.18301
11.85 5.18364
11.88 5.18428
11.91 5.18492
11.94 5.18555
11.97 5.18619
12 5.18683
12.03 5.18747
12.06 5.18811
12.09 5.18876
12.12 5.1894
12.15 5.19005
12.18 5.1907
12.21 5.19134
12.24 5.19199
12.27 5.19265
12.3 5.1933
12.33 5.19395
12.36 5.19461
12.39 5.19526
12.42 5.19592
12.45 5.19658
12.48 5.19724
12.51 5.1979
12.54 5.19857
12.57 5.19923
12.6 5.1999
12.63 5.20056
12.66 5.20123
12.69 5.2019
12.72 5.20257
12.75 5.20325
12.78 5.20392
12.81 5.2046
12.84 5.20527
12.87 5.20595
12.9 5.20663
12.93 5.20731
12.96 5.20799
12.99 5.20868
13.02 5.20936
13.05 5.21005
13.08 5.21074
13.11 5.21142
13.14 5.21211
13.17 5.21281
13.2 5.2135
13.23 5.21419
13.26 5.21489
13.29 5.21559
13.32 5.21629
13.35 5.21699
13.38 5.21769
13.41 5.21839
13.44 5.2191
13.47 5.2198
13.5 5.22051
13.53 5.22122
13.56 5.22193
13.59 5.22264
13.62 5.22335
13.65 5.22407
13.68 5.22478
13.71 5.2255
13.74 5.22622
13.77 5.22694
13.8 5.22766
13.83 5.22838
13.86 5.2291
13.89 5.22983
13.92 5.23056
13.95 5.23128
13.98 5.23201
14.01 5.23274
14.04 5.23348
14.07 5.23421
14.1 5.23494
14.13 5.23568
14.16 5.23642
14.19 5.23716
14.22 5.2379
14.25 5.23864
14.28 5.23938
14.31 5.24013
14.34 5.24087
14.37 5.24162
14.4 5.24237
14.43 5.24312
14.46 5.24387
14.49 5.24463
14.52 5.24538
14.55 5.24613
14.58 5.24689
14.61 5.24765
14.64 5.24841
14.67 5.24917
14.7 5.24993
14.73 5.2507
14.76 5.25146
14.79 5.25223
14.82 5.253
14.85 5.25376
14.88 5.25453
14.91 5.25531
14.94 5.25608
14.97 5.25685
15 5.25763
15.03 5.25841
15.06 5.25918
15.09 5.25996
15.12 5.26074
15.15 5.26153
15.18 5.26231
15.21 5.26309
15.24 5.26388
15.27 5.26467
15.3 5.26545
15.33 5.26624
15.36 5.26703
15.39 5.26783
15.42 5.26862
15.45 5.26941
15.48 5.27021
15.51 5.27101
15.54 5.2718
15.57 5.2726
15.6 5.2734
15.63 5.27421
15.66 5.27501
15.69 5.27581
15.72 5.27662
15.75 5.27743
15.78 5.27823
15.81 5.27904
15.84 5.27985
15.87 5.28066
15.9 5.28148
15.93 5.28229
15.96 5.2831
15.99 5.28392
16.02 5.28474
16.05 5.28556
16.08 5.28637
16.11 5.28719
16.14 5.28802
16.17 5.28884
16.2 5.28966
16.23 5.29049
16.26 5.29131
16.29 5.29214
16.32 5.29297
16.35 5.2938
16.38 5.29463
16.41 5.29546
16.44 5.29629
16.47 5.29713
16.5 5.29796
16.53 5.2988
16.56 5.29963
16.59 5.30047
16.62 5.30131
16.65 5.30215
16.68 5.30299
16.71 5.30383
16.74 5.30467
16.77 5.30552
16.8 5.30636
16.83 5.30721
16.86 5.30805
16.89 5.3089
16.92 5.30975
16.95 5.3106
16.98 5.31145
17.01 5.3123
17.04 5.31316
17.07 5.31401
17.1 5.31486
17.13 5.31572
17.16 5.31658
17.19 5.31743
17.22 5.31829
17.25 5.31915
17.28 5.32001
17.31 5.32087
17.34 5.32174
17.37 5.3226
17.4 5.32346
17.43 5.32433
17.46 5.32519
17.49 5.32606
17.52 5.32693
17.55 5.3278
17.58 5.32866
17.61 5.32953
17.64 5.33041
17.67 5.33128
17.7 5.33215
17.73 5.33302
17.76 5.3339
17.79 5.33477
17.82 5.33565
17.85 5.33653
17.88 5.33741
17.91 5.33829
17.94 5.33917
17.97 5.34005
18 5.34093
18.03 5.34181
18.06 5.34269
18.09 5.34358
18.12 5.34446
18.15 5.34535
18.18 5.34623
18.21 5.34712
18.24 5.34801
18.27 5.3489
18.3 5.34979
18.33 5.35068
18.36 5.35157
18.39 5.35246
18.42 5.35335
18.45 5.35425
18.48 5.35514
18.51 5.35604
18.54 5.35694
18.57 5.35783
18.6 5.35873
18.63 5.35963
18.66 5.36053
18.69 5.36143
18.72 5.36233
18.75 5.36323
18.78 5.36413
18.81 5.36504
18.84 5.36594
18.87 5.36685
18.9 5.36775
18.93 5.36866
18.96 5.36957
18.99 5.37048
19.02 5.37139
19.05 5.3723
19.08 5.37321
19.11 5.37412
19.14 5.37503
19.17 5.37594
19.2 5.37686
19.23 5.37777
19.26 5.37869
19.29 5.3796
19.32 5.38052
19.35 5.38144
19.38 5.38236
19.41 5.38328
19.44 5.3842
19.47 5.38512
19.5 5.38604
19.53 5.38697
19.56 5.38789
19.59 5.38881
19.62 5.38974
19.65 5.39067
19.68 5.39159
19.71 5.39252
19.74 5.39345
19.77 5.39438
19.8 5.39531
19.83 5.39624
19.86 5.39718
19.89 5.39811
19.92 5.39905
19.95 5.39998
19.98 5.40092
20.01 5.40185
20.04 5.40279
20.07 5.40373
20.1 5.40467
20.13 5.40561
20.16 5.40656
20.19 5.4075
20.22 5.40844
20.25 5.40939
20.28 5.41033
20.31 5.41128
20.34 5.41223
20.37 5.41318
20.4 5.41413
20.43 5.41508
20.46 5.41604
20.49 5.41699
20.52 5.41794
20.55 5.4189
20.58 5.41986
20.61 5.42082
20.64 5.42178
20.67 5.42274
20.7 5.4237
20.73 5.42466
20.76 5.42563
20.79 5.42659
20.82 5.42756
20.85 5.42853
20.88 5.4295
20.91 5.43047
20.94 5.43144
20.97 5.43242
21 5.43339
21.03 5.43437
21.06 5.43535
21.09 5.43633
21.12 5.43731
21.15 5.4383
21.18 5.43928
21.21 5.44027
21.24 5.44126
21.27 5.44225
21.3 5.44324
21.33 5.44423
21.36 5.44523
21.39 5.44622
21.42 5.44722
21.45 5.44822
21.48 5.44923
21.51 5.45023
21.54 5.45124
21.57 5.45225
21.6 5.45326
21.63 5.45427
21.66 5.45529
21.69 5.4563
21.72 5.45732
21.75 5.45835
21.78 5.45937
21.81 5.4604
21.84 5.46142
21.87 5.46246
21.9 5.46349
21.93 5.46453
21.96 5.46556
21.99 5.46661
22.02 5.46765
22.05 5.4687
22.08 5.46975
22.11 5.4708
22.14 5.47185
22.17 5.47291
22.2 5.47397
22.23 5.47504
22.26 5.4761
22.29 5.47717
22.32 5.47825
22.35 5.47932
22.38 5.4804
22.41 5.48149
22.44 5.48257
22.47 5.48366
22.5 5.48476
22.53 5.48585
22.56 5.48695
22.59 5.48806
22.62 5.48917
22.65 5.49028
22.68 5.49139
22.71 5.49251
22.74 5.49363
22.77 5.49476
22.8 5.49589
22.83 5.49703
22.86 5.49817
22.89 5.49931
22.92 5.50046
22.95 5.50161
22.98 5.50277
23.01 5.50393
23.04 5.5051
23.07 5.50627
23.1 5.50744
23.13 5.50862
23.16 5.50981
23.19 5.511
23.22 5.51219
23.25 5.51339
23.28 5.51459
23.31 5.5158
23.34 5.51702
23.37 5.51824
23.4 5.51946
23.43 5.52069
23.46 5.52193
23.49 5.52317
23.52 5.52442
23.55 5.52567
23.58 5.52693
23.61 5.52819
23.64 5.52946
23.67 5.53074
23.7 5.53202
23.73 5.53331
23.76 5.5346
23.79 5.5359
23.82 5.5372
23.85 5.53851
23.88 5.53983
23.91 5.54115
23.94 5.54248
23.97 5.54382
24 5.54516
24.03 5.54651
24.06 5.54787
24.09 5.54923
24.12 5.55059
24.15 5.55197
24.18 5.55335
24.21 5.55474
24.24 5.55613
24.27 5.55753
24.3 5.55894
24.33 5.56035
24.36 5.56177
24.39 5.5632
24.42 5.56463
24.45 5.56607
24.48 5.56752
24.51 5.56898
24.54 5.57044
24.57 5.5719
24.6 5.57338
24.63 5.57486
24.66 5.57635
24.69 5.57784
24.72 5.57934
24.75 5.58085
24.78 5.58236
24.81 5.58389
24.84 5.58541
24.87 5.58695
24.9 5.58849
24.93 5.59004
24.96 5.59159
24.99 5.59315
25.02 5.59472
25.05 5.59629
25.08 5.59787
25.11 5.59945
25.14 5.60105
25.17 5.60264
25.2 5.60425
25.23 5.60586
25.26 5.60747
25.29 5.60909
25.32 5.61072
25.35 5.61236
25.38 5.61399
25.41 5.61564
25.44 5.61729
25.47 5.61894
25.5 5.6206
25.53 5.62227
25.56 5.62393
25.59 5.62561
25.62 5.62729
25.65 5.62897
25.68 5.63066
25.71 5.63235
25.74 5.63405
25.77 5.63575
25.8 5.63745
25.83 5.63916
25.86 5.64087
25.89 5.64259
25.92 5.6443
25.95 5.64602
25.98 5.64775
26.01 5.64947
26.04 5.6512
26.07 5.65293
26.1 5.65467
26.13 5.6564
26.16 5.65814
26.19 5.65988
26.22 5.66162
26.25 5.66336
26.28 5.6651
26.31 5.66685
26.34 5.66859
26.37 5.67033
26.4 5.67208
26.43 5.67382
26.46 5.67557
26.49 5.67731
26.52 5.67905
26.55 5.68079
26.58 5.68253
26.61 5.68427
26.64 5.68601
26.67 5.68774
26.7 5.68948
26.73 5.69121
26.76 5.69294
26.79 5.69466
26.82 5.69639
26.85 5.69811
26.88 5.69982
26.91 5.70154
26.94 5.70324
26.97 5.70495
27 5.70665
27.03 5.70835
27.06 5.71004
27.09 5.71172
27.12 5.7134
27.15 5.71508
27.18 5.71675
27.21 5.71841
27.24 5.72007
27.27 5.72172
27.3 5.72337
27.33 5.725
27.36 5.72663
27.39 5.72826
27.42 5.72987
27.45 5.73148
27.48 5.73309
27.51 5.73468
27.54 5.73626
27.57 5.73784
27.6 5.73941
27.63 5.74097
27.66 5.74252
27.69 5.74406
27.72 5.7456
27.75 5.74712
27.78 5.74864
27.81 5.75014
27.84 5.75164
27.87 5.75312
27.9 5.7546
27.93 5.75606
27.96 5.75752
27.99 5.75896
28.02 5.7604
28.05 5.76182
28.08 5.76323
28.11 5.76463
28.14 5.76603
28.17 5.76741
28.2 5.76878
28.23 5.77013
28.26 5.77148
28.29 5.77282
28.32 5.77414
28.35 5.77545
28.38 5.77675
28.41 5.77804
28.44 5.77932
28.47 5.78059
28.5 5.78184
28.53 5.78308
28.56 5.78431
28.59 5.78553
28.62 5.78674
28.65 5.78794
28.68 5.78912
28.71 5.79029
28.74 5.79145
28.77 5.7926
28.8 5.79373
28.83 5.79486
28.86 5.79597
28.89 5.79707
28.92 5.79816
28.95 5.79924
28.98 5.8003
29.01 5.80136
29.04 5.8024
29.07 5.80343
29.1 5.80445
29.13 5.80545
29.16 5.80645
29.19 5.80743
29.22 5.8084
29.25 5.80936
29.28 5.81031
29.31 5.81125
29.34 5.81218
29.37 5.81309
29.4 5.814
29.43 5.81489
29.46 5.81578
29.49 5.81665
29.52 5.81751
29.55 5.81836
29.58 5.8192
29.61 5.82003
29.64 5.82085
29.67 5.82165
29.7 5.82245
29.73 5.82324
29.76 5.82402
29.79 5.82478
29.82 5.82554
29.85 5.82629
29.88 5.82702
29.91 5.82775
29.94 5.82847
29.97 5.82918
30 5.82988
30.001 5
