0 -10
0.03 -8.8442
0.06 -8.84387
0.09 -8.84355
0.12 -8.84322
0.15 -8.8429
0.18 -8.84257
0.21 -8.84224
0.24 -8.8419
0.27 -8.84157
0.3 -8.84123
0.33 -8.8409
0.36 -8.84056
0.39 -8.84022
0.42 -8.83988
0.45 -8.83954
0.48 -8.83919
0.51 -8.83885
0.54 -8.8385
0.57 -8.83815
0.6 -8.83781
0.63 -8.83745
0.66 -8.8371
0.69 -8.83675
0.72 -8.8364
0.75 -8.83604
0.78 -8.83568
0.81 -8.83532
0.84 -8.83496
0.87 -8.8346
0.9 -8.83424
0.93 -8.83388
0.96 -8.83351
0.99 -8.83314
1.02 -8.83278
1.05 -8.83241
1.08 -8.83204
1.11 -8.83167
1.14 -8.83129
1.17 -8.83092
1.2 -8.83054
1.23 -8.83017
1.26 -8.82979
1.29 -8.82941
1.32 -8.82903
1.35 -8.82865
1.38 -8.82827
1.41 -8.82789
1.44 -8.8275
1.47 -8.82711
1.5 -8.82673
1.53 -8.82634
1.56 -8.82595
1.59 -8.82556
1.62 -8.82517
1.65 -8.82478
1.68 -8.82438
1.71 -8.82399
1.74 -8.82359
1.77 -8.8232
1.8 -8.8228
1.83 -8.8224
1.86 -8.822
1.89 -8.8216
1.92 -8.8212
1.95 -8.8208
1.98 -8.82039
2.01 -8.81999
2.04 -8.81958
2.07 -8.81918
2.1 -8.81877
2.13 -8.81836
2.16 -8.81795
2.19 -8.81754
2.22 -8.81713
2.25 -8.81672
2.28 -8.81631
2.31 -8.81589
2.34 -8.81548
2.37 -8.81506
2.4 -8.81465
2.43 -8.81423
2.46 -8.81381
2.49 -8.8134
2.52 -8.81298
2.55 -8.81256
2.58 -8.81214
2.61 -8.81172
2.64 -8.8113
2.67 -8.81087
2.7 -8.81045
2.73 -8.81003
2.76 -8.8096
2.79 -8.80918
2.82 -8.80875
2.85 -8.80833
2.88 -8.8079
2.91 -8.80747
2.94 -8.80704
2.97 -8.80662
3 -8.80619
3.03 -8.80576
3.06 -8.80533
3.09 -8.8049
3.12 -8.80446
3.15 -8.80403
3.18 -8.8036
3.21 -8.80317
3.24 -8.80274
3.27 -8.8023
3.3 -8.80187
3.33 -8.80143
3.36 -8.801
3.39 -8.80057
3.42 -8.80013
3.45 -8.79969
3.48 -8.79926
3.51 -8.79882
3.54 -8.79839
3.57 -8.79795
3.6 -8.79751
3.63 -8.79707
3.66 -8.79664
3.69 -8.7962
3.72 -8.79576
3.75 -8.79532
3.78 -8.79488
3.81 -8.79444
3.84 -8.794
3.87 -8.79356
3.9 -8.79312
3.93 -8.79268
3.96 -8.79224
3.99 -8.7918
4.02 -8.79136
4.05 -8.79092
4.08 -8.79048
4.11 -8.79004
4.14 -8.7896
4.17 -8.78916
4.2 -8.78872
4.23 -8.78828
4.26 -8.78784
4.29 -8.7874
4.32 -8.78695
4.35 -8.78651
4.38 -8.78607
4.41 -8.78563
4.44 -8.78519
4.47 -8.78475
4.5 -8.78431
4.53 -8.78387
4.56 -8.78342
4.59 -8.78298
4.62 -8.78254
4.65 -8.7821
4.68 -8.78166
4.71 -8.78122
4.74 -8.78078
4.77 -8.78034
4.8 -8.7799
4.83 -8.77946
4.86 -8.77902
4.89 -8.77858
4.92 -8.77814
4.95 -8.7777
4.98 -8.77726
5.01 -8.77682
5.04 -8.77638
5.07 -8.77594
5.1 -8.7755
5.13 -8.77506
5.16 -8.77462
5.19 -8.77419
5.22 -8.77375
5.25 -8.77331
5.28 -8.77287
5.31 -8.77243
5.34 -8.772
5.37 -8.77156
5.4 -8.77112
5.43 -8.77069
5.46 -8.77025
5.49 -8.76981
5.52 -8.76938
5.55 -8.76894
5.58 -8.76851
5.61 -8.76807
5.64 -8.76764
5.67 -8.76721
5.7 -8.76677
5.73 -8.76634
5.76 -8.7659
5.79 -8.76547
5.82 -8.76504
5.85 -8.76461
5.88 -8.76417
5.91 -8.76374
5.94 -8.76331
5.97 -8.76288
6 -8.76245
6.03 -8.76202
6.06 -8.76159
6.09 -8.76116
6.12 -8.76073
6.15 -8.7603
6.18 -8.75988
6.21 -8.75945
6.24 -8.75902
6.27 -8.75859
6.3 -8.75817
6.33 -8.75774
6.36 -8.75731
6.39 -8.75689
6.42 -8.75646
6.45 -8.75604
6.48 -8.75561
6.51 -8.75519
6.54 -8.75477
6.57 -8.75434
6.6 -8.75392
6.63 -8.7535
6.66 -8.75308
6.69 -8.75266
6.72 -8.75223
6.75 -8.75181
6.78 -8.75139
6.81 -8.75097
6.84 -8.75055
6.87 -8.75014
6.9 -8.74972
6.93 -8.7493
6.96 -8.74888
6.99 -8.74847
7.02 -8.74805
7.05 -8.74763
7.08 -8.74722
7.11 -8.7468
7.14 -8.74639
7.17 -8.74597
7.2 -8.74556
7.23 -8.74514
7.26 -8.74473
7.29 -8.74432
7.32 -8.74391
7.35 -8.74349
7.38 -8.74308
7.41 -8.74267
7.44 -8.74226
7.47 -8.74185
7.5 -8.74144
7.53 -8.74103
7.56 -8.74062
7.59 -8.74022
7.62 -8.73981
7.65 -8.7394
7.68 -8.73899
7.71 -8.73859
7.74 -8.73818
7.77 -8.73778
7.8 -8.73737
7.83 -8.73697
7.86 -8.73656
7.89 -8.73616
7.92 -8.73575
7.95 -8.73535
7.98 -8.73495
8.01 -8.73455
8.04 -8.73414
8.07 -8.73374
8.1 -8.73334
8.13 -8.73294
8.16 -8.73254
8.19 -8.73214
8.22 -8.73174
8.25 -8.73134
8.28 -8.73095
8.31 -8.73055
8.34 -8.73015
8.37 -8.72975
8.4 -8.72936
8.43 -8.72896
8.46 -8.72856
8.49 -8.72817
8.52 -8.72777
8.55 -8.72738
8.58 -8.72699
8.61 -8.72659
8.64 -8.7262
8.67 -8.7258
8.7 -8.72541
8.73 -8.72502
8.76 -8.72463
8.79 -8.72424
8.82 -8.72385
8.85 -8.72345
8.88 -8.72306
8.91 -8.72267
8.94 -8.72228
8.97 -8.7219
9 -8.72151
9.03 -8.72112
9.06 -8.72073
9.09 -8.72034
9.12 -8.71995
9.15 -8.71957
9.18 -8.71918
9.21 -8.71879
9.24 -8.71841
9.27 -8.71802
9.3 -8.71764
9.33 -8.71725
9.36 -8.71687
9.39 -8.71648
9.42 -8.7161
9.45 -8.71572
9.48 -8.71533
9.51 -8.71495
9.54 -8.71457
9.57 -8.71419
9.6 -8.7138
9.63 -8.71342
9.66 -8.71304
9.69 -8.71266
9.72 -8.71228
9.75 -8.7119
9.78 -8.71152
9.81 -8.71114
9.84 -8.71076
9.87 -8.71038
9.9 -8.71
9.93 -8.70963
9.96 -8.70925
9.99 -8.70887
10.02 -8.70849
10.05 -8.70811
10.08 -8.70774
10.11 -8.70736
10.14 -8.70698
10.17 -8.70661
10.2 -8.70623
10.23 -8.70586
10.26 -8.70548
10.29 -8.70511
10.32 -8.70473
10.35 -8.70436
10.38 -8.70398
10.41 -8.70361
10.44 -8.70324
10.47 -8.70286
10.5 -8.70249
10.53 -8.70212
10.56 -8.70175
10.59 -8.70137
10.62 -8.701
10.65 -8.70063
10.68 -8.70026
10.71 -8.69989
10.74 -8.69952
10.77 -8.69915
10.8 -8.69878
10.83 -8.69841
10.86 -8.69804
10.89 -8.69767
10.92 -8.6973
10.95 -8.69693
10.98 -8.69656
11.01 -8.69619
11.04 -8.69582
11.07 -8.69545
11.1 -8.69509
11.13 -8.69472
11.16 -8.69435
11.19 -8.69398
11.22 -8.69362
11.25 -8.69325
11.28 -8.69288
11.31 -8.69252
11.34 -8.69215
11.37 -8.69179
11.4 -8.69142
11.43 -8.69106
11.46 -8.69069
11.49 -8.69033
11.52 -8.68996
11.55 -8.6896
11.58 -8.68923
11.61 -8.68887
11.64 -8.68851
11.67 -8.68814
11.7 -8.68778
11.73 -8.68742
11.76 -8.68705
11.79 -8.68669
11.82 -8.68633
11.85 -8.68597
11.88 -8.6856
11.91 -8.68524
11.94 -8.68488
11.97 -8.68452
12 -8.68416
12.03 -8.6838
12.06 -8.68344
12.09 -8.68308
12.12 -8.68272
12.15 -8.68236
12.18 -8.682
12.21 -8.68164
12.24 -8.68128
12.27 -8.68092
12.3 -8.68056
12.33 -8.6802
12.36 -8.67985
12.39 -8.67949
12.42 -8.67913
12.45 -8.67877
12.48 -8.67842
12.51 -8.67806
12.54 -8.6777
12.57 -8.67735
12.6 -8.67699
12.63 -8.67663
12.66 -8.67628
12.69 -8.67592
12.72 -8.67557
12.75 -8.67521
12.78 -8.67486
12.81 -8.6745
12.84 -8.67415
12.87 -8.67379
12.9 -8.67344
12.93 -8.67309
12.96 -8.67273
12.99 -8.67238
13.02 -8.67203
13.05 -8.67168
13.08 -8.67132
13.11 -8.67097
13.14 -8.67062
13.17 -8.67027
13.2 -8.66992
13.23 -8.66957
13.26 -8.66922
13.29 -8.66887
13.32 -8.66852
13.35 -8.66817
13.38 -8.66782
13.41 -8.66747
13.44 -8.66712
13.47 -8.66677
13.5 -8.66642
13.53 -8.66607
13.56 -8.66573
13.59 -8.66538
13.62 -8.66503
13.65 -8.66468
13.68 -8.66434
13.71 -8.66399
13.74 -8.66365
13.77 -8.6633
13.8 -8.66295
13.83 -8.66261
13.86 -8.66227
13.89 -8.66192
13.92 -8.66158
13.95 -8.66123
13.98 -8.66089
14.01 -8.66055
14.04 -8.6602
14.07 -8.65986
14.1 -8.65952
14.13 -8.65918
14.16 -8.65884
14.19 -8.6585
14.22 -8.65816
14.25 -8.65782
14.28 -8.65748
14.31 -8.65714
14.34 -8.6568
14.37 -8.65646
14.4 -8.65612
14.43 -8.65578
14.46 -8.65544
14.49 -8.65511
14.52 -8.65477
14.55 -8.65443
14.58 -8.6541
14.61 -8.65376
14.64 -8.65343
14.67 -8.65309
14.7 -8.65276
14.73 -8.65242
14.76 -8.65209
14.79 -8.65176
14.82 -8.65142
14.85 -8.65109
14.88 -8.65076
14.91 -8.65043
14.94 -8.6501
14.97 -8.64976
15 -8.64943
15.03 -8.6491
15.06 -8.64877
15.09 -8.64845
15.12 -8.64812
15.15 -8.64779
15.18 -8.64746
15.21 -8.64713
15.24 -8.64681
15.27 -8.64648
15.3 -8.64615
15.33 -8.64583
15.36 -8.6455
15.39 -8.64518
15.42 -8.64486
15.45 -8.64453
15.48 -8.64421
15.51 -8.64389
15.54 -8.64356
15.57 -8.64324
15.6 -8.64292
15.63 -8.6426
15.66 -8.64228
15.69 -8.64196
15.72 -8.64164
15.75 -8.64132
15.78 -8.641
15.81 -8.64069
15.84 -8.64037
15.87 -8.64005
15.9 -8.63974
15.93 -8.63942
15.96 -8.63911
15.99 -8.63879
16.02 -8.63848
16.05 -8.63816
16.08 -8.63785
16.11 -8.63754
16.14 -8.63723
16.17 -8.63692
16.2 -8.6366
16.23 -8.63629
16.26 -8.63598
16.29 -8.63567
16.32 -8.63537
16.35 -8.63506
16.38 -8.63475
16.41 -8.63444
16.44 -8.63414
16.47 -8.63383
16.5 -8.63353
16.53 -8.63322
16.56 -8.63292
16.59 -8.63261
16.62 -8.63231
16.65 -8.63201
16.68 -8.63171
16.71 -8.6314
16.74 -8.6311
16.77 -8.6308
16.8 -8.6305
16.83 -8.6302
16.86 -8.62991
16.89 -8.62961
16.92 -8.62931
16.95 -8.62901
16.98 -8.62872
17.01 -8.62842
17.04 -8.62813
17.07 -8.62783
17.1 -8.62754
17.13 -8.62725
17.16 -8.62695
17.19 -8.62666
17.22 -8.62637
17.25 -8.62608
17.28 -8.62579
17.31 -8.6255
17.34 -8.62521
17.37 -8.62492
17.4 -8.62463
17.43 -8.62435
17.46 -8.62406
17.49 -8.62377
17.52 -8.62349
17.55 -8.6232
17.58 -8.62292
17.61 -8.62264
17.64 -8.62235
17.67 -8.62207
17.7 -8.62179
17.73 -8.62151
17.76 -8.62123
17.79 -8.62095
17.82 -8.62067
17.85 -8.62039
17.88 -8.62012
17.91 -8.61984
17.94 -8.61956
17.97 -8.61929
18 -8.61901
18.03 -8.61874
18.06 -8.61846
18.09 -8.61819
18.12 -8.61792
18.15 -8.61764
18.18 -8.61737
18.21 -8.6171
18.24 -8.61683
18.27 -8.61656
18.3 -8.61629
18.33 -8.61603
18.36 -8.61576
18.39 -8.61549
18.42 -8.61523
18.45 -8.61496
18.48 -8.6147
18.51 -8.61443
18.54 -8.61417
18.57 -8.61391
18.6 -8.61364
18.63 -8.61338
18.66 -8.61312
18.69 -8.61286
18.72 -8.6126
18.75 -8.61234
18.78 -8.61209
18.81 -8.61183
18.84 -8.61157
18.87 -8.61132
18.9 -8.61106
18.93 -8.61081
18.96 -8.61055
18.99 -8.6103
19.02 -8.61005
19.05 -8.60979
19.08 -8.60954
19.11 -8.60929
19.14 -8.60904
19.17 -8.60879
19.2 -8.60855
19.23 -8.6083
19.26 -8.60805
19.29 -8.6078
19.32 -8.60756
19.35 -8.60731
19.38 -8.60707
19.41 -8.60683
19.44 -8.60658
19.47 -8.60634
19.5 -8.6061
19.53 -8.60586
19.56 -8.60562
19.59 -8.60538
19.62 -8.60514
19.65 -8.6049
19.68 -8.60467
19.71 -8.60443
19.74 -8.6042
19.77 -8.60396
19.8 -8.60373
19.83 -8.60349
19.86 -8.60326
19.89 -8.60303
19.92 -8.6028
19.95 -8.60257
19.98 -8.60234
20.01 -8.60211
20.04 -8.60188
20.07 -8.60165
20.1 -8.60143
20.13 -8.6012
20.16 -8.60098
20.19 -8.60075
20.22 -8.60053
20.25 -8.60031
20.28 -8.60008
20.31 -8.59986
20.34 -8.59964
20.37 -8.59942
20.4 -8.5992
20.43 -8.59899
20.46 -8.59877
20.49 -8.59855
20.52 -8.59834
20.55 -8.59812
20.58 -8.59791
20.61 -8.59769
20.64 -8.59748
20.67 -8.59727
20.7 -8.59706
20.73 -8.59685
20.76 -8.59664
20.79 -8.59643
20.82 -8.59622
20.85 -8.59602
20.88 -8.59581
20.91 -8.59561
20.94 -8.5954
20.97 -8.5952
21 -8.595
21.03 -8.59479
21.06 -8.59459
21.09 -8.59439
21.12 -8.59419
21.15 -8.594
21.18 -8.5938
21.21 -8.5936
21.24 -8.59341
21.27 -8.59321
21.3 -8.59302
21.33 -8.59282
21.36 -8.59263
21.39 -8.59244
21.42 -8.59225
21.45 -8.59206
21.48 -8.59187
21.51 -8.59168
21.54 -8.59149
21.57 -8.59131
21.6 -8.59112
21.63 -8.59094
21.66 -8.59075
21.69 -8.59057
21.72 -8.59039
21.75 -8.59021
21.78 -8.59003
21.81 -8.58985
21.84 -8.58967
21.87 -8.5895
21.9 -8.58932
21.93 -8.58914
21.96 -8.58897
21.99 -8.5888
22.02 -8.58862
22.05 -8.58845
22.08 -8.58828
22.11 -8.58811
22.14 -8.58794
22.17 -8.58778
22.2 -8.58761
22.23 -8.58744
22.26 -8.58728
22.29 -8.58712
22.32 -8.58695
22.35 -8.58679
22.38 -8.58663
22.41 -8.58647
22.44 -8.58631
22.47 -8.58616
22.5 -8.586
22.53 -8.58585
22.56 -8.58569
22.59 -8.58554
22.62 -8.58539
22.65 -8.58523
22.68 -8.58508
22.71 -8.58494
22.74 -8.58479
22.77 -8.58464
22.8 -8.5845
22.83 -8.58435
22.86 -8.58421
22.89 -8.58407
22.92 -8.58392
22.95 -8.58378
22.98 -8.58365
23.01 -8.58351
23.04 -8.58337
23.07 -8.58324
23.1 -8.5831
23.13 -8.58297
23.16 -8.58284
23.19 -8.58271
23.22 -8.58258
23.25 -8.58245
23.28 -8.58232
23.31 -8.5822
23.34 -8.58207
23.37 -8.58195
23.4 -8.58183
23.43 -8.58171
23.46 -8.58159
23.49 -8.58147
23.52 -8.58136
23.55 -8.58124
23.58 -8.58113
23.61 -8.58102
23.64 -8.58091
23.67 -8.5808
23.7 -8.58069
23.73 -8.58058
23.76 -8.58048
23.79 -8.58038
23.82 -8.58027
23.85 -8.58017
23.88 -8.58007
23.91 -8.57998
23.94 -8.57988
23.97 -8.57979
24 -8.57969
24.03 -8.5796
24.06 -8.57951
24.09 -8.57943
24.12 -8.57934
24.15 -8.57926
24.18 -8.57917
24.21 -8.57909
24.24 -8.57901
24.27 -8.57893
24.3 -8.57886
24.33 -8.57878
24.36 -8.57871
24.39 -8.57864
24.42 -8.57857
24.45 -8.57851
24.48 -8.57844
24.51 -8.57838
24.54 -8.57832
24.57 -8.57826
24.6 -8.5782
24.63 -8.57815
24.66 -8.57809
24.69 -8.57804
24.72 -8.57799
24.75 -8.57795
24.78 -8.5779
24.81 -8.57786
24.84 -8.57782
24.87 -8.57778
24.9 -8.57775
24.93 -8.57771
24.96 -8.57768
24.99 -8.57765
25.02 -8.57762
25.05 -8.5776
25.08 -8.57758
25.11 -8.57756
25.14 -8.57754
25.17 -8.57752
25.2 -8.57751
25.23 -8.5775
25.26 -8.57749
25.29 -8.57748
25.32 -8.57748
25.35 -8.57748
25.38 -8.57748
25.41 -8.57749
25.44 -8.57749
25.47 -8.5775
25.5 -8.57752
25.53 -8.57753
25.56 -8.57755
25.59 -8.57757
25.62 -8.57759
25.65 -8.57762
25.68 -8.57765
25.71 -8.57768
25.74 -8.57771
25.77 -8.57775
25.8 -8.57779
25.83 -8.57783
25.86 -8.57788
25.89 -8.57793
25.92 -8.57798
25.95 -8.57803
25.98 -8.57809
26.01 -8.57815
26.04 -8.57821
26.07 -8.57828
26.1 -8.57835
26.13 -8.57842
26.16 -8.57849
26.19 -8.57857
26.22 -8.57865
26.25 -8.57874
26.28 -8.57882
26.31 -8.57891
26.34 -8.57901
26.37 -8.5791
26.4 -8.5792
26.43 -8.57931
26.46 -8.57941
26.49 -8.57952
26.52 -8.57963
26.55 -8.57975
26.58 -8.57987
26.61 -8.57999
26.64 -8.58011
26.67 -8.58024
26.7 -8.58037
26.73 -8.5805
26.76 -8.58064
26.79 -8.58078
26.82 -8.58092
26.85 -8.58107
26.88 -8.58122
26.91 -8.58137
26.94 -8.58153
26.97 -8.58169
27 -8.58185
27.03 -8.58201
27.06 -8.58218
27.09 -8.58235
27.12 -8.58252
27.15 -8.5827
27.18 -8.58288
27.21 -8.58306
27.24 -8.58325
27.27 -8.58343
27.3 -8.58363
27.33 -8.58382
27.36 -8.58402
27.39 -8.58422
27.42 -8.58442
27.45 -8.58462
27.48 -8.58483
27.51 -8.58504
27.54 -8.58525
27.57 -8.58547
27.6 -8.58569
27.63 -8.58591
27.66 -8.58613
27.69 -8.58636
27.72 -8.58659
27.75 -8.58682
27.78 -8.58705
27.81 -8.58729
27.84 -8.58752
27.87 -8.58776
27.9 -8.58801
27.93 -8.58825
27.96 -8.5885
27.99 -8.58875
28.02 -8.589
28.05 -8.58925
28.08 -8.58951
28.11 -8.58976
28.14 -8.59002
28.17 -8.59028
28.2 -8.59055
28.23 -8.59081
28.26 -8.59108
28.29 -8.59134
28.32 -8.59161
28.35 -8.59188
28.38 -8.59216
28.41 -8.59243
28.44 -8.59271
28.47 -8.59299
28.5 -8.59326
28.53 -8.59354
28.56 -8.59383
28.59 -8.59411
28.62 -8.59439
28.65 -8.59468
28.68 -8.59496
28.71 -8.59525
28.74 -8.59554
28.77 -8.59583
28.8 -8.59612
28.83 -8.59641
28.86 -8.5967
28.89 -8.59699
28.92 -8.59729
28.95 -8.59758
28.98 -8.59788
29.01 -8.59817
29.04 -8.59847
29.07 -8.59876
29.1 -8.59906
29.13 -8.59936
29.16 -8.59966
29.19 -8.59995
29.22 -8.60025
29.25 -8.60055
29.28 -8.60085
29.31 -8.60115
29.34 -8.60145
29.37 -8.60175
29.4 -8.60205
29.43 -8.60235
29.46 -8.60265
29.49 -8.60295
29.52 -8.60325
29.55 -8.60355
29.58 -8.60385
29.61 -8.60415
29.64 -8.60445
29.67 -8.60474
29.7 -8.60504
29.73 -8.60534
29.76 -8.60564
29.79 -8.60594
29.82 -8.60623
29.85 -8.60653
29.88 -8.60683
29.91 -8.60712
29.94 -8.60742
29.97 -8.60772
30 -8.60801
30.001 -10
