0 0
0.03 0.474268
0.06 0.475452
0.09 0.476643
0.12 0.477839
0.15 0.479042
0.18 0.480251
0.21 0.481466
0.24 0.482688
0.27 0.483915
0.3 0.485149
0.33 0.486389
0.36 0.487636
0.39 0.488888
0.42 0.490147
0.45 0.491412
0.48 0.492683
0.51 0.49396
0.54 0.495244
0.57 0.496534
0.6 0.49783
0.63 0.499132
0.66 0.50044
0.69 0.501755
0.72 0.503075
0.75 0.504402
0.78 0.505735
0.81 0.507074
0.84 0.508419
0.87 0.509771
0.9 0.511128
0.93 0.512492
0.96 0.513861
0.99 0.515237
1.02 0.516619
1.05 0.518006
1.08 0.5194
1.11 0.5208
1.14 0.522206
1.17 0.523618
1.2 0.525035
1.23 0.526459
1.26 0.527889
1.29 0.529324
1.32 0.530766
1.35 0.532213
1.38 0.533666
1.41 0.535125
1.44 0.53659
1.47 0.538061
1.5 0.539538
1.53 0.54102
1.56 0.542508
1.59 0.544002
1.62 0.545501
1.65 0.547006
1.68 0.548517
1.71 0.550034
1.74 0.551556
1.77 0.553083
1.8 0.554617
1.83 0.556155
1.86 0.5577
1.89 0.559249
1.92 0.560805
1.95 0.562365
1.98 0.563932
2.01 0.565503
2.04 0.56708
2.07 0.568662
2.1 0.57025
2.13 0.571842
2.16 0.57344
2.19 0.575044
2.22 0.576652
2.25 0.578266
2.28 0.579884
2.31 0.581508
2.34 0.583137
2.37 0.584771
2.4 0.58641
2.43 0.588054
2.46 0.589703
2.49 0.591357
2.52 0.593015
2.55 0.594679
2.58 0.596347
2.61 0.59802
2.64 0.599698
2.67 0.601381
2.7 0.603068
2.73 0.60476
2.76 0.606456
2.79 0.608158
2.82 0.609863
2.85 0.611573
2.88 0.613288
2.91 0.615007
2.94 0.616731
2.97 0.618459
3 0.620191
3.03 0.621928
3.06 0.623668
3.09 0.625414
3.12 0.627163
3.15 0.628916
3.18 0.630674
3.21 0.632436
3.24 0.634201
3.27 0.635971
3.3 0.637745
3.33 0.639523
3.36 0.641304
3.39 0.64309
3.42 0.644879
3.45 0.646673
3.48 0.64847
3.51 0.65027
3.54 0.652075
3.57 0.653883
3.6 0.655695
3.63 0.65751
3.66 0.659329
3.69 0.661151
3.72 0.662977
3.75 0.664806
3.78 0.666639
3.81 0.668475
3.84 0.670315
3.87 0.672158
3.9 0.674004
3.93 0.675853
3.96 0.677706
3.99 0.679562
4.02 0.681421
4.05 0.683283
4.08 0.685148
4.11 0.687016
4.14 0.688887
4.17 0.690761
4.2 0.692638
4.23 0.694518
4.26 0.696401
4.29 0.698287
4.32 0.700175
4.35 0.702066
4.38 0.70396
4.41 0.705857
4.44 0.707756
4.47 0.709658
4.5 0.711563
4.53 0.71347
4.56 0.71538
4.59 0.717292
4.62 0.719207
4.65 0.721124
4.68 0.723044
4.71 0.724966
4.74 0.72689
4.77 0.728817
4.8 0.730746
4.83 0.732677
4.86 0.734611
4.89 0.736547
4.92 0.738485
4.95 0.740425
4.98 0.742367
5.01 0.744312
5.04 0.746258
5.07 0.748207
5.1 0.750158
5.13 0.75211
5.16 0.754065
5.19 0.756022
5.22 0.75798
5.25 0.75994
5.28 0.761903
5.31 0.763867
5.34 0.765833
5.37 0.767801
5.4 0.769771
5.43 0.771742
5.46 0.773715
5.49 0.77569
5.52 0.777667
5.55 0.779645
5.58 0.781625
5.61 0.783607
5.64 0.78559
5.67 0.787575
5.7 0.789561
5.73 0.791549
5.76 0.793539
5.79 0.79553
5.82 0.797522
5.85 0.799517
5.88 0.801512
5.91 0.803509
5.94 0.805508
5.97 0.807508
6 0.809509
6.03 0.811512
6.06 0.813516
6.09 0.815521
6.12 0.817528
6.15 0.819536
6.18 0.821546
6.21 0.823557
6.24 0.825569
6.27 0.827583
6.3 0.829597
6.33 0.831613
6.36 0.833631
6.39 0.835649
6.42 0.837669
6.45 0.83969
6.48 0.841712
6.51 0.843736
6.54 0.84576
6.57 0.847786
6.6 0.849813
6.63 0.851842
6.66 0.853871
6.69 0.855902
6.72 0.857933
6.75 0.859966
6.78 0.862
6.81 0.864036
6.84 0.866072
6.87 0.868109
6.9 0.870148
6.93 0.872188
6.96 0.874229
6.99 0.876271
7.02 0.878314
7.05 0.880358
7.08 0.882403
7.11 0.88445
7.14 0.886497
7.17 0.888546
7.2 0.890596
7.23 0.892647
7.26 0.894699
7.29 0.896752
7.32 0.898806
7.35 0.900862
7.38 0.902918
7.41 0.904976
7.44 0.907035
7.47 0.909095
7.5 0.911156
7.53 0.913218
7.56 0.915281
7.59 0.917345
7.62 0.919411
7.65 0.921478
7.68 0.923546
7.71 0.925615
7.74 0.927685
7.77 0.929756
7.8 0.931829
7.83 0.933903
7.86 0.935977
7.89 0.938054
7.92 0.940131
7.95 0.942209
7.98 0.944289
8.01 0.94637
8.04 0.948452
8.07 0.950536
8.1 0.952621
8.13 0.954706
8.16 0.956794
8.19 0.958882
8.22 0.960972
8.25 0.963063
8.28 0.965156
8.31 0.967249
8.34 0.969345
8.37 0.971441
8.4 0.973539
8.43 0.975638
8.46 0.977739
8.49 0.979841
8.52 0.981944
8.55 0.984049
8.58 0.986155
8.61 0.988263
8.64 0.990372
8.67 0.992482
8.7 0.994595
8.73 0.996708
8.76 0.998823
8.79 1.00094
8.82 1.00306
8.85 1.00518
8.88 1.0073
8.91 1.00942
8.94 1.01155
8.97 1.01367
9 1.0158
9.03 1.01793
9.06 1.02006
9.09 1.02219
9.12 1.02433
9.15 1.02646
9.18 1.0286
9.21 1.03074
9.24 1.03288
9.27 1.03503
9.3 1.03717
9.33 1.03932
9.36 1.04147
9.39 1.04362
9.42 1.04577
9.45 1.04793
9.48 1.05008
9.51 1.05224
9.54 1.0544
9.57 1.05656
9.6 1.05873
9.63 1.06089
9.66 1.06306
9.69 1.06523
9.72 1.0674
9.75 1.06958
9.78 1.07175
9.81 1.07393
9.84 1.07611
9.87 1.0783
9.9 1.08048
9.93 1.08267
9.96 1.08486
9.99 1.08705
10.02 1.08924
10.05 1.09144
10.08 1.09364
10.11 1.09584
10.14 1.09804
10.17 1.10025
10.2 1.10245
10.23 1.10466
10.26 1.10688
10.29 1.10909
10.32 1.11131
10.35 1.11353
10.38 1.11575
10.41 1.11798
10.44 1.1202
10.47 1.12243
10.5 1.12467
10.53 1.1269
10.56 1.12914
10.59 1.13138
10.62 1.13362
10.65 1.13587
10.68 1.13812
10.71 1.14037
10.74 1.14262
10.77 1.14488
10.8 1.14714
10.83 1.1494
10.86 1.15166
10.89 1.15393
10.92 1.1562
10.95 1.15847
10.98 1.16075
11.01 1.16303
11.04 1.16531
11.07 1.16759
11.1 1.16988
11.13 1.17217
11.16 1.17447
11.19 1.17676
11.22 1.17906
11.25 1.18136
11.28 1.18367
11.31 1.18598
11.34 1.18829
11.37 1.19061
11.4 1.19292
11.43 1.19524
11.46 1.19757
11.49 1.1999
11.52 1.20223
11.55 1.20456
11.58 1.2069
11.61 1.20924
11.64 1.21158
11.67 1.21393
11.7 1.21628
11.73 1.21863
11.76 1.22099
11.79 1.22334
11.82 1.22571
11.85 1.22807
11.88 1.23044
11.91 1.23282
11.94 1.23519
11.97 1.23757
12 1.23996
12.03 1.24234
12.06 1.24473
12.09 1.24712
12.12 1.24952
12.15 1.25192
12.18 1.25433
12.21 1.25673
12.24 1.25914
12.27 1.26156
12.3 1.26397
12.33 1.2664
12.36 1.26882
12.39 1.27125
12.42 1.27368
12.45 1.27612
12.48 1.27855
12.51 1.281
12.54 1.28344
12.57 1.28589
12.6 1.28835
12.63 1.2908
12.66 1.29326
12.69 1.29573
12.72 1.29819
12.75 1.30066
12.78 1.30314
12.81 1.30562
12.84 1.3081
12.87 1.31059
12.9 1.31307
12.93 1.31557
12.96 1.31806
12.99 1.32056
13.02 1.32307
13.05 1.32558
13.08 1.32809
13.11 1.3306
13.14 1.33312
13.17 1.33564
13.2 1.33817
13.23 1.3407
13.26 1.34323
13.29 1.34577
13.32 1.34831
13.35 1.35085
13.38 1.3534
13.41 1.35595
13.44 1.35851
13.47 1.36107
13.5 1.36363
13.53 1.36619
13.56 1.36876
13.59 1.37134
13.62 1.37391
13.65 1.3765
13.68 1.37908
13.71 1.38167
13.74 1.38426
13.77 1.38686
13.8 1.38945
13.83 1.39206
13.86 1.39466
13.89 1.39727
13.92 1.39989
13.95 1.4025
13.98 1.40512
14.01 1.40775
14.04 1.41038
14.07 1.41301
14.1 1.41564
14.13 1.41828
14.16 1.42092
14.19 1.42357
14.22 1.42622
14.25 1.42887
14.28 1.43153
14.31 1.43419
14.34 1.43685
14.37 1.43951
14.4 1.44218
14.43 1.44486
14.46 1.44754
14.49 1.45022
14.52 1.4529
14.55 1.45559
14.58 1.45828
14.61 1.46097
14.64 1.46367
14.67 1.46637
14.7 1.46907
14.73 1.47178
14.76 1.47449
14.79 1.47721
14.82 1.47992
14.85 1.48264
14.88 1.48537
14.91 1.48809
14.94 1.49082
14.97 1.49356
15 1.49629
15.03 1.49903
15.06 1.50178
15.09 1.50452
15.12 1.50727
15.15 1.51003
15.18 1.51278
15.21 1.51554
15.24 1.5183
15.27 1.52107
15.3 1.52384
15.33 1.52661
15.36 1.52938
15.39 1.53216
15.42 1.53494
15.45 1.53772
15.48 1.54051
15.51 1.5433
15.54 1.54609
15.57 1.54889
15.6 1.55168
15.63 1.55448
15.66 1.55729
15.69 1.56009
15.72 1.5629
15.75 1.56572
15.78 1.56853
15.81 1.57135
15.84 1.57417
15.87 1.57699
15.9 1.57982
15.93 1.58265
15.96 1.58548
15.99 1.58831
16.02 1.59115
16.05 1.59399
16.08 1.59683
16.11 1.59968
16.14 1.60252
16.17 1.60537
16.2 1.60823
16.23 1.61108
16.26 1.61394
16.29 1.6168
16.32 1.61966
16.35 1.62253
16.38 1.6254
16.41 1.62827
16.44 1.63114
16.47 1.63401
16.5 1.63689
16.53 1.63977
16.56 1.64265
16.59 1.64554
16.62 1.64843
16.65 1.65132
16.68 1.65421
16.71 1.6571
16.74 1.66
16.77 1.6629
16.8 1.6658
16.83 1.6687
16.86 1.67161
16.89 1.67452
16.92 1.67743
16.95 1.68034
16.98 1.68325
17.01 1.68617
17.04 1.68909
17.07 1.69201
17.1 1.69494
17.13 1.69786
17.16 1.70079
17.19 1.70372
17.22 1.70665
17.25 1.70959
17.28 1.71252
17.31 1.71546
17.34 1.7184
17.37 1.72135
17.4 1.72429
17.43 1.72724
17.46 1.73019
17.49 1.73314
17.52 1.73609
17.55 1.73905
17.58 1.742
17.61 1.74496
17.64 1.74793
17.67 1.75089
17.7 1.75385
17.73 1.75682
17.76 1.75979
17.79 1.76276
17.82 1.76574
17.85 1.76871
17.88 1.77169
17.91 1.77467
17.94 1.77765
17.97 1.78064
18 1.78362
18.03 1.78661
18.06 1.7896
18.09 1.79259
18.12 1.79558
18.15 1.79858
18.18 1.80158
18.21 1.80458
18.24 1.80758
18.27 1.81058
18.3 1.81359
18.33 1.8166
18.36 1.81961
18.39 1.82262
18.42 1.82563
18.45 1.82865
18.48 1.83167
18.51 1.83469
18.54 1.83771
18.57 1.84073
18.6 1.84376
18.63 1.84678
18.66 1.84981
18.69 1.85285
18.72 1.85588
18.75 1.85892
18.78 1.86196
18.81 1.865
18.84 1.86804
18.87 1.87108
18.9 1.87413
18.93 1.87718
18.96 1.88023
18.99 1.88328
19.02 1.88634
19.05 1.8894
19.08 1.89246
19.11 1.89552
19.14 1.89858
19.17 1.90165
19.2 1.90472
19.23 1.90779
19.26 1.91086
19.29 1.91394
19.32 1.91702
19.35 1.9201
19.38 1.92318
19.41 1.92626
19.44 1.92935
19.47 1.93244
19.5 1.93553
19.53 1.93863
19.56 1.94173
19.59 1.94483
19.62 1.94793
19.65 1.95104
19.68 1.95414
19.71 1.95725
19.74 1.96037
19.77 1.96348
19.8 1.9666
19.83 1.96973
19.86 1.97285
19.89 1.97598
19.92 1.97911
19.95 1.98224
19.98 1.98538
20.01 1.98852
20.04 1.99166
20.07 1.99481
20.1 1.99796
20.13 2.00111
20.16 2.00426
20.19 2.00742
20.22 2.01059
20.25 2.01375
20.28 2.01692
20.31 2.02009
20.34 2.02327
20.37 2.02645
20.4 2.02963
20.43 2.03282
20.46 2.03601
20.49 2.03921
20.52 2.04241
20.55 2.04561
20.58 2.04882
20.61 2.05203
20.64 2.05525
20.67 2.05847
20.7 2.06169
20.73 2.06492
20.76 2.06816
20.79 2.0714
20.82 2.07464
20.85 2.07789
20.88 2.08114
20.91 2.0844
20.94 2.08767
20.97 2.09094
21 2.09421
21.03 2.09749
21.06 2.10078
21.09 2.10407
21.12 2.10736
21.15 2.11067
21.18 2.11398
21.21 2.11729
21.24 2.12061
21.27 2.12394
21.3 2.12727
21.33 2.13061
21.36 2.13396
21.39 2.13731
21.42 2.14068
21.45 2.14404
21.48 2.14742
21.51 2.1508
21.54 2.15419
21.57 2.15759
21.6 2.161
21.63 2.16441
21.66 2.16783
21.69 2.17126
21.72 2.1747
21.75 2.17815
21.78 2.1816
21.81 2.18507
21.84 2.18854
21.87 2.19203
21.9 2.19552
21.93 2.19902
21.96 2.20253
21.99 2.20605
22.02 2.20959
22.05 2.21313
22.08 2.21668
22.11 2.22024
22.14 2.22382
22.17 2.2274
22.2 2.231
22.23 2.23461
22.26 2.23823
22.29 2.24186
22.32 2.2455
22.35 2.24916
22.38 2.25283
22.41 2.25651
22.44 2.2602
22.47 2.26391
22.5 2.26763
22.53 2.27137
22.56 2.27511
22.59 2.27887
22.62 2.28265
22.65 2.28644
22.68 2.29025
22.71 2.29407
22.74 2.2979
22.77 2.30175
22.8 2.30562
22.83 2.3095
22.86 2.3134
22.89 2.31731
22.92 2.32125
22.95 2.32519
22.98 2.32916
23.01 2.33314
23.04 2.33714
23.07 2.34116
23.1 2.34519
23.13 2.34925
23.16 2.35332
23.19 2.35741
23.22 2.36152
23.25 2.36565
23.28 2.3698
23.31 2.37397
23.34 2.37816
23.37 2.38237
23.4 2.3866
23.43 2.39085
23.46 2.39512
23.49 2.39941
23.52 2.40372
23.55 2.40806
23.58 2.41242
23.61 2.4168
23.64 2.4212
23.67 2.42563
23.7 2.43007
23.73 2.43454
23.76 2.43904
23.79 2.44356
23.82 2.4481
23.85 2.45266
23.88 2.45725
23.91 2.46187
23.94 2.46651
23.97 2.47117
24 2.47586
24.03 2.48057
24.06 2.48531
24.09 2.49008
24.12 2.49487
24.15 2.49969
24.18 2.50453
24.21 2.5094
24.24 2.51429
24.27 2.51922
24.3 2.52417
24.33 2.52914
24.36 2.53415
24.39 2.53918
24.42 2.54423
24.45 2.54932
24.48 2.55443
24.51 2.55957
24.54 2.56474
24.57 2.56994
24.6 2.57516
24.63 2.58041
24.66 2.58569
24.69 2.591
24.72 2.59634
24.75 2.6017
24.78 2.6071
24.81 2.61252
24.84 2.61797
24.87 2.62344
24.9 2.62895
24.93 2.63448
24.96 2.64005
24.99 2.64564
25.02 2.65125
25.05 2.6569
25.08 2.66257
25.11 2.66828
25.14 2.67401
25.17 2.67976
25.2 2.68555
25.23 2.69136
25.26 2.6972
25.29 2.70306
25.32 2.70896
25.35 2.71488
25.38 2.72082
25.41 2.72679
25.44 2.73279
25.47 2.73882
25.5 2.74486
25.53 2.75094
25.56 2.75704
25.59 2.76316
25.62 2.76931
25.65 2.77548
25.68 2.78168
25.71 2.7879
25.74 2.79414
25.77 2.8004
25.8 2.80669
25.83 2.813
25.86 2.81932
25.89 2.82567
25.92 2.83204
25.95 2.83844
25.98 2.84484
26.01 2.85127
26.04 2.85772
26.07 2.86419
26.1 2.87067
26.13 2.87717
26.16 2.88368
26.19 2.89021
26.22 2.89676
26.25 2.90332
26.28 2.9099
26.31 2.91648
26.34 2.92309
26.37 2.9297
26.4 2.93632
26.43 2.94296
26.46 2.94961
26.49 2.95626
26.52 2.96292
26.55 2.9696
26.58 2.97628
26.61 2.98296
26.64 2.98965
26.67 2.99635
26.7 3.00305
26.73 3.00976
26.76 3.01647
26.79 3.02318
26.82 3.02989
26.85 3.03661
26.88 3.04332
26.91 3.05003
26.94 3.05674
26.97 3.06345
27 3.07016
27.03 3.07686
27.06 3.08356
27.09 3.09026
27.12 3.09694
27.15 3.10362
27.18 3.1103
27.21 3.11696
27.24 3.12362
27.27 3.13026
27.3 3.1369
27.33 3.14352
27.36 3.15013
27.39 3.15673
27.42 3.16331
27.45 3.16988
27.48 3.17644
27.51 3.18298
27.54 3.1895
27.57 3.19601
27.6 3.2025
27.63 3.20897
27.66 3.21542
27.69 3.22185
27.72 3.22826
27.75 3.23464
27.78 3.24101
27.81 3.24735
27.84 3.25368
27.87 3.25997
27.9 3.26624
27.93 3.27249
27.96 3.27871
27.99 3.28491
28.02 3.29108
28.05 3.29722
28.08 3.30333
28.11 3.30941
28.14 3.31547
28.17 3.3215
28.2 3.32749
28.23 3.33346
28.26 3.3394
28.29 3.3453
28.32 3.35117
28.35 3.35701
28.38 3.36282
28.41 3.36859
28.44 3.37434
28.47 3.38004
28.5 3.38572
28.53 3.39136
28.56 3.39696
28.59 3.40253
28.62 3.40806
28.65 3.41356
28.68 3.41903
28.71 3.42445
28.74 3.42984
28.77 3.4352
28.8 3.44051
28.83 3.4458
28.86 3.45104
28.89 3.45624
28.92 3.46141
28.95 3.46654
28.98 3.47163
29.01 3.47669
29.04 3.48171
29.07 3.48668
29.1 3.49163
29.13 3.49653
29.16 3.50139
29.19 3.50622
29.22 3.511
29.25 3.51575
29.28 3.52046
29.31 3.52513
29.34 3.52976
29.37 3.53436
29.4 3.53891
29.43 3.54343
29.46 3.54791
29.49 3.55235
29.52 3.55675
29.55 3.56112
29.58 3.56544
29.61 3.56973
29.64 3.57398
29.67 3.57819
29.7 3.58236
29.73 3.5865
29.76 3.5906
29.79 3.59466
29.82 3.59868
29.85 3.60267
29.88 3.60662
29.91 3.61053
29.94 3.6144
29.97 3.61824
30 3.62205
30.001 0
