0 5
0.03 4.98141
0.06 4.98159
0.09 4.98176
0.12 4.98194
0.15 4.98212
0.18 4.98229
0.21 4.98247
0.24 4.98264
0.27 4.98282
0.3 4.98299
0.33 4.98317
0.36 4.98335
0.39 4.98352
0.42 4.9837
0.45 4.98387
0.48 4.98405
0.51 4.98423
0.54 4.9844
0.57 4.98458
0.6 4.98476
0.63 4.98493
0.66 4.98511
0.69 4.98529
0.72 4.98546
0.75 4.98564
0.78 4.98582
0.81 4.986
0.84 4.98617
0.87 4.98635
0.9 4.98653
0.93 4.98671
0.96 4.98688
0.99 4.98706
1.02 4.98724
1.05 4.98742
1.08 4.9876
1.11 4.98777
1.14 4.98795
1.17 4.98813
1.2 4.98831
1.23 4.98849
1.26 4.98867
1.29 4.98885
1.32 4.98903
1.35 4.98921
1.38 4.98938
1.41 4.98956
1.44 4.98974
1.47 4.98992
1.5 4.9901
1.53 4.99028
1.56 4.99046
1.59 4.99064
1.62 4.99082
1.65 4.991
1.68 4.99118
1.71 4.99136
1.74 4.99154
1.77 4.99172
1.8 4.9919
1.83 4.99209
1.86 4.99227
1.89 4.99245
1.92 4.99263
1.95 4.99281
1.98 4.99299
2.01 4.99317
2.04 4.99335
2.07 4.99354
2.1 4.99372
2.13 4.9939
2.16 4.99408
2.19 4.99426
2.22 4.99445
2.25 4.99463
2.28 4.99481
2.31 4.99499
2.34 4.99518
2.37 4.99536
2.4 4.99554
2.43 4.99572
2.46 4.99591
2.49 4.99609
2.52 4.99627
2.55 4.99646
2.58 4.99664
2.61 4.99683
2.64 4.99701
2.67 4.99719
2.7 4.99738
2.73 4.99756
2.76 4.99775
2.79 4.99793
2.82 4.99812
2.85 4.9983
2.88 4.99849
2.91 4.99867
2.94 4.99886
2.97 4.99904
3 4.99923
3.03 4.99941
3.06 4.9996
3.09 4.99978
3.12 4.99997
3.15 5.00016
3.18 5.00034
3.21 5.00053
3.24 5.00072
3.27 5.0009
3.3 5.00109
3.33 5.00128
3.36 5.00146
3.39 5.00165
3.42 5.00184
3.45 5.00203
3.48 5.00221
3.51 5.0024
3.54 5.00259
3.57 5.00278
3.6 5.00297
3.63 5.00315
3.66 5.00334
3.69 5.00353
3.72 5.00372
3.75 5.00391
3.78 5.0041
3.81 5.00429
3.84 5.00448
3.87 5.00467
3.9 5.00486
3.93 5.00505
3.96 5.00524
3.99 5.00543
4.02 5.00562
4.05 5.00581
4.08 5.006
4.11 5.00619
4.14 5.00638
4.17 5.00657
4.2 5.00676
4.23 5.00695
4.26 5.00715
4.29 5.00734
4.32 5.00753
4.35 5.00772
4.38 5.00791
4.41 5.00811
4.44 5.0083
4.47 5.00849
4.5 5.00869
4.53 5.00888
4.56 5.00907
4.59 5.00927
4.62 5.00946
4.65 5.00965
4.68 5.00985
4.71 5.01004
4.74 5.01024
4.77 5.01043
4.8 5.01063
4.83 5.01082
4.86 5.01102
4.89 5.01121
4.92 5.01141
4.95 5.0116
4.98 5.0118
5.01 5.01199
5.04 5.01219
5.07 5.01239
5.1 5.01258
5.13 5.01278
5.16 5.01298
5.19 5.01318
5.22 5.01337
5.25 5.01357
5.28 5.01377
5.31 5.01397
5.34 5.01416
5.37 5.01436
5.4 5.01456
5.43 5.01476
5.46 5.01496
5.49 5.01516
5.52 5.01536
5.55 5.01556
5.58 5.01576
5.61 5.01596
5.64 5.01616
5.67 5.01636
5.7 5.01656
5.73 5.01676
5.76 5.01696
5.79 5.01716
5.82 5.01737
5.85 5.01757
5.88 5.01777
5.91 5.01797
5.94 5.01817
5.97 5.01838
6 5.01858
6.03 5.01878
6.06 5.01899
6.09 5.01919
6.12 5.01939
6.15 5.0196
6.18 5.0198
6.21 5.02001
6.24 5.02021
6.27 5.02042
6.3 5.02062
6.33 5.02083
6.36 5.02103
6.39 5.02124
6.42 5.02145
6.45 5.02165
6.48 5.02186
6.51 5.02207
6.54 5.02227
6.57 5.02248
6.6 5.02269
6.63 5.0229
6.66 5.02311
6.69 5.02331
6.72 5.02352
6.75 5.02373
6.78 5.02394
6.81 5.02415
6.84 5.02436
6.87 5.02457
6.9 5.02478
6.93 5.02499
6.96 5.0252
6.99 5.02542
7.02 5.02563
7.05 5.02584
7.08 5.02605
7.11 5.02626
7.14 5.02648
7.17 5.02669
7.2 5.0269
7.23 5.02711
7.26 5.02733
7.29 5.02754
7.32 5.02776
7.35 5.02797
7.38 5.02819
7.41 5.0284
7.44 5.02862
7.47 5.02883
7.5 5.02905
7.53 5.02926
7.56 5.02948
7.59 5.0297
7.62 5.02992
7.65 5.03013
7.68 5.03035
7.71 5.03057
7.74 5.03079
7.77 5.03101
7.8 5.03123
7.83 5.03144
7.86 5.03166
7.89 5.03188
7.92 5.0321
7.95 5.03233
7.98 5.03255
8.01 5.03277
8.04 5.03299
8.07 5.03321
8.1 5.03343
8.13 5.03366
8.16 5.03388
8.19 5.0341
8.22 5.03433
8.25 5.03455
8.28 5.03477
8.31 5.035
8.34 5.03522
8.37 5.03545
8.4 5.03567
8.43 5.0359
8.46 5.03613
8.49 5.03635
8.52 5.03658
8.55 5.03681
8.58 5.03703
8.61 5.03726
8.64 5.03749
8.67 5.03772
8.7 5.03795
8.73 5.03818
8.76 5.03841
8.79 5.03864
8.82 5.03887
8.85 5.0391
8.88 5.03933
8.91 5.03956
8.94 5.0398
8.97 5.04003
9 5.04026
9.03 5.04049
9.06 5.04073
9.09 5.04096
9.12 5.0412
9.15 5.04143
9.18 5.04167
9.21 5.0419
9.24 5.04214
9.27 5.04237
9.3 5.04261
9.33 5.04285
9.36 5.04309
9.39 5.04332
9.42 5.04356
9.45 5.0438
9.48 5.04404
9.51 5.04428
9.54 5.04452
9.57 5.04476
9.6 5.045
9.63 5.04524
9.66 5.04549
9.69 5.04573
9.72 5.04597
9.75 5.04621
9.78 5.04646
9.81 5.0467
9.84 5.04694
9.87 5.04719
9.9 5.04743
9.93 5.04768
9.96 5.04793
9.99 5.04817
10.02 5.04842
10.05 5.04867
10.08 5.04892
10.11 5.04916
10.14 5.04941
10.17 5.04966
10.2 5.04991
10.23 5.05016
10.26 5.05041
10.29 5.05066
10.32 5.05092
10.35 5.05117
10.38 5.05142
10.41 5.05167
10.44 5.05193
10.47 5.05218
10.5 5.05244
10.53 5.05269
10.56 5.05295
10.59 5.0532
10.62 5.05346
10.65 5.05372
10.68 5.05397
10.71 5.05423
10.74 5.05449
10.77 5.05475
10.8 5.05501
10.83 5.05527
10.86 5.05553
10.89 5.05579
10.92 5.05605
10.95 5.05631
10.98 5.05658
11.01 5.05684
11.04 5.0571
11.07 5.05737
11.1 5.05763
11.13 5.0579
11.16 5.05816
11.19 5.05843
11.22 5.0587
11.25 5.05896
11.28 5.05923
11.31 5.0595
11.34 5.05977
11.37 5.06004
11.4 5.06031
11.43 5.06058
11.46 5.06085
11.49 5.06112
11.52 5.0614
11.55 5.06167
11.58 5.06194
11.61 5.06222
11.64 5.06249
11.67 5.06277
11.7 5.06305
11.73 5.06332
11.76 5.0636
11.79 5.06388
11.82 5.06416
11.85 5.06444
11.88 5.06471
11.91 5.065
11.94 5.06528
11.97 5.06556
12 5.06584
12.03 5.06612
12.06 5.06641
12.09 5.06669
12.12 5.06698
12.15 5.06726
12.18 5.06755
12.21 5.06783
12.24 5.06812
12.27 5.06841
12.3 5.0687
12.33 5.06899
12.36 5.06928
12.39 5.06957
12.42 5.06986
12.45 5.07015
12.48 5.07044
12.51 5.07074
12.54 5.07103
12.57 5.07133
12.6 5.07162
12.63 5.07192
12.66 5.07221
12.69 5.07251
12.72 5.07281
12.75 5.07311
12.78 5.07341
12.81 5.07371
12.84 5.07401
12.87 5.07431
12.9 5.07461
12.93 5.07492
12.96 5.07522
12.99 5.07553
13.02 5.07583
13.05 5.07614
13.08 5.07644
13.11 5.07675
13.14 5.07706
13.17 5.07737
13.2 5.07768
13.23 5.07799
13.26 5.0783
13.29 5.07861
13.32 5.07893
13.35 5.07924
13.38 5.07956
13.41 5.07987
13.44 5.08019
13.47 5.0805
13.5 5.08082
13.53 5.08114
13.56 5.08146
13.59 5.08178
13.62 5.0821
13.65 5.08242
13.68 5.08275
13.71 5.08307
13.74 5.08339
13.77 5.08372
13.8 5.08405
13.83 5.08437
13.86 5.0847
13.89 5.08503
13.92 5.08536
13.95 5.08569
13.98 5.08602
14.01 5.08635
14.04 5.08669
14.07 5.08702
14.1 5.08736
14.13 5.08769
14.16 5.08803
14.19 5.08837
14.22 5.08871
14.25 5.08904
14.28 5.08939
14.31 5.08973
14.34 5.09007
14.37 5.09041
14.4 5.09076
14.43 5.0911
14.46 5.09145
14.49 5.0918
14.52 5.09214
14.55 5.09249
14.58 5.09284
14.61 5.09319
14.64 5.09355
14.67 5.0939
14.7 5.09425
14.73 5.09461
14.76 5.09497
14.79 5.09532
14.82 5.09568
14.85 5.09604
14.88 5.0964
14.91 5.09676
14.94 5.09712
14.97 5.09749
15 5.09785
15.03 5.09822
15.06 5.09859
15.09 5.09895
15.12 5.09932
15.15 5.09969
15.18 5.10006
15.21 5.10044
15.24 5.10081
15.27 5.10119
15.3 5.10156
15.33 5.10194
15.36 5.10232
15.39 5.1027
15.42 5.10308
15.45 5.10346
15.48 5.10384
15.51 5.10423
15.54 5.10461
15.57 5.105
15.6 5.10538
15.63 5.10577
15.66 5.10616
15.69 5.10656
15.72 5.10695
15.75 5.10734
15.78 5.10774
15.81 5.10813
15.84 5.10853
15.87 5.10893
15.9 5.10933
15.93 5.10973
15.96 5.11014
15.99 5.11054
16.02 5.11095
16.05 5.11136
16.08 5.11176
16.11 5.11217
16.14 5.11259
16.17 5.113
16.2 5.11341
16.23 5.11383
16.26 5.11425
16.29 5.11467
16.32 5.11509
16.35 5.11551
16.38 5.11593
16.41 5.11635
16.44 5.11678
16.47 5.11721
16.5 5.11764
16.53 5.11807
16.56 5.1185
16.59 5.11893
16.62 5.11937
16.65 5.11981
16.68 5.12024
16.71 5.12068
16.74 5.12113
16.77 5.12157
16.8 5.12201
16.83 5.12246
16.86 5.12291
16.89 5.12336
16.92 5.12381
16.95 5.12426
16.98 5.12472
17.01 5.12518
17.04 5.12564
17.07 5.1261
17.1 5.12656
17.13 5.12702
17.16 5.12749
17.19 5.12796
17.22 5.12843
17.25 5.1289
17.28 5.12937
17.31 5.12985
17.34 5.13032
17.37 5.1308
17.4 5.13128
17.43 5.13177
17.46 5.13225
17.49 5.13274
17.52 5.13323
17.55 5.13372
17.58 5.13421
17.61 5.13471
17.64 5.1352
17.67 5.1357
17.7 5.1362
17.73 5.13671
17.76 5.13721
17.79 5.13772
17.82 5.13823
17.85 5.13874
17.88 5.13926
17.91 5.13977
17.94 5.14029
17.97 5.14081
18 5.14134
18.03 5.14186
18.06 5.14239
18.09 5.14292
18.12 5.14346
18.15 5.14399
18.18 5.14453
18.21 5.14507
18.24 5.14561
18.27 5.14616
18.3 5.14671
18.33 5.14726
18.36 5.14781
18.39 5.14837
18.42 5.14893
18.45 5.14949
18.48 5.15005
18.51 5.15062
18.54 5.15119
18.57 5.15176
18.6 5.15234
18.63 5.15291
18.66 5.15349
18.69 5.15408
18.72 5.15467
18.75 5.15525
18.78 5.15585
18.81 5.15644
18.84 5.15704
18.87 5.15764
18.9 5.15825
18.93 5.15886
18.96 5.15947
18.99 5.16008
19.02 5.1607
19.05 5.16132
19.08 5.16194
19.11 5.16257
19.14 5.1632
19.17 5.16384
19.2 5.16447
19.23 5.16511
19.26 5.16576
19.29 5.16641
19.32 5.16706
19.35 5.16771
19.38 5.16837
19.41 5.16904
19.44 5.1697
19.47 5.17037
19.5 5.17105
19.53 5.17172
19.56 5.17241
19.59 5.17309
19.62 5.17378
19.65 5.17447
19.68 5.17517
19.71 5.17587
19.74 5.17658
19.77 5.17729
19.8 5.178
19.83 5.17872
19.86 5.17944
19.89 5.18017
19.92 5.1809
19.95 5.18164
19.98 5.18238
20.01 5.18312
20.04 5.18387
20.07 5.18463
20.1 5.18539
20.13 5.18615
20.16 5.18692
20.19 5.18769
20.22 5.18847
20.25 5.18926
20.28 5.19004
20.31 5.19084
20.34 5.19164
20.37 5.19244
20.4 5.19325
20.43 5.19406
20.46 5.19488
20.49 5.19571
20.52 5.19654
20.55 5.19737
20.58 5.19821
20.61 5.19906
20.64 5.19991
20.67 5.20077
20.7 5.20164
20.73 5.20251
20.76 5.20338
20.79 5.20426
20.82 5.20515
20.85 5.20605
20.88 5.20695
20.91 5.20785
20.94 5.20877
20.97 5.20969
21 5.21061
21.03 5.21154
21.06 5.21248
21.09 5.21343
21.12 5.21438
21.15 5.21534
21.18 5.2163
21.21 5.21728
21.24 5.21826
21.27 5.21924
21.3 5.22024
21.33 5.22124
21.36 5.22224
21.39 5.22326
21.42 5.22428
21.45 5.22531
21.48 5.22635
21.51 5.22739
21.54 5.22845
21.57 5.22951
21.6 5.23058
21.63 5.23165
21.66 5.23274
21.69 5.23383
21.72 5.23493
21.75 5.23604
21.78 5.23716
21.81 5.23828
21.84 5.23941
21.87 5.24056
21.9 5.24171
21.93 5.24287
21.96 5.24403
21.99 5.24521
22.02 5.24639
22.05 5.24759
22.08 5.24879
22.11 5.25
22.14 5.25123
22.17 5.25246
22.2 5.2537
22.23 5.25494
22.26 5.2562
22.29 5.25747
22.32 5.25875
22.35 5.26003
22.38 5.26133
22.41 5.26264
22.44 5.26395
22.47 5.26528
22.5 5.26661
22.53 5.26796
22.56 5.26931
22.59 5.27068
22.62 5.27205
22.65 5.27344
22.68 5.27483
22.71 5.27624
22.74 5.27765
22.77 5.27908
22.8 5.28051
22.83 5.28196
22.86 5.28342
22.89 5.28488
22.92 5.28636
22.95 5.28785
22.98 5.28935
23.01 5.29086
23.04 5.29238
23.07 5.29391
23.1 5.29545
23.13 5.297
23.16 5.29856
23.19 5.30013
23.22 5.30171
23.25 5.30331
23.28 5.30491
23.31 5.30653
23.34 5.30815
23.37 5.30978
23.4 5.31143
23.43 5.31309
23.46 5.31475
23.49 5.31643
23.52 5.31811
23.55 5.31981
23.58 5.32152
23.61 5.32323
23.64 5.32496
23.67 5.3267
23.7 5.32844
23.73 5.3302
23.76 5.33197
23.79 5.33374
23.82 5.33553
23.85 5.33732
23.88 5.33912
23.91 5.34093
23.94 5.34275
23.97 5.34458
24 5.34642
24.03 5.34827
24.06 5.35012
24.09 5.35199
24.12 5.35386
24.15 5.35574
24.18 5.35762
24.21 5.35952
24.24 5.36142
24.27 5.36332
24.3 5.36524
24.33 5.36716
24.36 5.36909
24.39 5.37102
24.42 5.37296
24.45 5.3749
24.48 5.37685
24.51 5.3788
24.54 5.38076
24.57 5.38273
24.6 5.38469
24.63 5.38667
24.66 5.38864
24.69 5.39062
24.72 5.3926
24.75 5.39458
24.78 5.39657
24.81 5.39855
24.84 5.40054
24.87 5.40253
24.9 5.40452
24.93 5.40651
24.96 5.4085
24.99 5.41049
25.02 5.41248
25.05 5.41447
25.08 5.41646
25.11 5.41844
25.14 5.42043
25.17 5.42241
25.2 5.42439
25.23 5.42636
25.26 5.42833
25.29 5.4303
25.32 5.43226
25.35 5.43422
25.38 5.43617
25.41 5.43811
25.44 5.44005
25.47 5.44199
25.5 5.44391
25.53 5.44583
25.56 5.44774
25.59 5.44965
25.62 5.45154
25.65 5.45343
25.68 5.4553
25.71 5.45717
25.74 5.45903
25.77 5.46087
25.8 5.46271
25.83 5.46453
25.86 5.46635
25.89 5.46815
25.92 5.46994
25.95 5.47172
25.98 5.47348
26.01 5.47523
26.04 5.47697
26.07 5.4787
26.1 5.48041
26.13 5.48211
26.16 5.48379
26.19 5.48546
26.22 5.48711
26.25 5.48875
26.28 5.49037
26.31 5.49198
26.34 5.49357
26.37 5.49515
26.4 5.49671
26.43 5.49825
26.46 5.49978
26.49 5.50129
26.52 5.50279
26.55 5.50427
26.58 5.50573
26.61 5.50717
26.64 5.5086
26.67 5.51001
26.7 5.5114
26.73 5.51278
26.76 5.51414
26.79 5.51548
26.82 5.5168
26.85 5.51811
26.88 5.5194
26.91 5.52067
26.94 5.52193
26.97 5.52317
27 5.52439
27.03 5.52559
27.06 5.52678
27.09 5.52794
27.12 5.5291
27.15 5.53023
27.18 5.53135
27.21 5.53245
27.24 5.53354
27.27 5.5346
27.3 5.53566
27.33 5.53669
27.36 5.53771
27.39 5.53871
27.42 5.5397
27.45 5.54067
27.48 5.54163
27.51 5.54257
27.54 5.5435
27.57 5.54441
27.6 5.5453
27.63 5.54618
27.66 5.54705
27.69 5.5479
27.72 5.54873
27.75 5.54956
27.78 5.55036
27.81 5.55116
27.84 5.55194
27.87 5.55271
27.9 5.55346
27.93 5.5542
27.96 5.55493
27.99 5.55565
28.02 5.55635
28.05 5.55704
28.08 5.55772
28.11 5.55839
28.14 5.55904
28.17 5.55968
28.2 5.56032
28.23 5.56094
28.26 5.56155
28.29 5.56214
28.32 5.56273
28.35 5.56331
28.38 5.56388
28.41 5.56443
28.44 5.56498
28.47 5.56552
28.5 5.56605
28.53 5.56656
28.56 5.56707
28.59 5.56757
28.62 5.56806
28.65 5.56854
28.68 5.56902
28.71 5.56948
28.74 5.56994
28.77 5.57038
28.8 5.57082
28.83 5.57126
28.86 5.57168
28.89 5.5721
28.92 5.57251
28.95 5.57291
28.98 5.5733
29.01 5.57369
29.04 5.57407
29.07 5.57444
29.1 5.57481
29.13 5.57517
29.16 5.57552
29.19 5.57587
29.22 5.57621
29.25 5.57655
29.28 5.57687
29.31 5.5772
29.34 5.57752
29.37 5.57783
29.4 5.57813
29.43 5.57843
29.46 5.57873
29.49 5.57902
29.52 5.5793
29.55 5.57958
29.58 5.57986
29.61 5.58013
29.64 5.58039
29.67 5.58065
29.7 5.58091
29.73 5.58116
29.76 5.5814
29.79 5.58165
29.82 5.58188
29.85 5.58212
29.88 5.58235
29.91 5.58257
29.94 5.58279
29.97 5.58301
30 5.58322
30.001 5
