0 0
0.03 0.621205
0.06 0.622116
0.09 0.623026
0.12 0.623937
0.15 0.624848
0.18 0.625758
0.21 0.626669
0.24 0.62758
0.27 0.628491
0.3 0.629403
0.33 0.630314
0.36 0.631225
0.39 0.632137
0.42 0.633048
0.45 0.63396
0.48 0.634872
0.51 0.635784
0.54 0.636696
0.57 0.637608
0.6 0.63852
0.63 0.639432
0.66 0.640345
0.69 0.641257
0.72 0.64217
0.75 0.643083
0.78 0.643996
0.81 0.644909
0.84 0.645822
0.87 0.646735
0.9 0.647649
0.93 0.648563
0.96 0.649476
0.99 0.65039
1.02 0.651304
1.05 0.652219
1.08 0.653133
1.11 0.654047
1.14 0.654962
1.17 0.655877
1.2 0.656792
1.23 0.657707
1.26 0.658622
1.29 0.659538
1.32 0.660453
1.35 0.661369
1.38 0.662285
1.41 0.663201
1.44 0.664118
1.47 0.665034
1.5 0.665951
1.53 0.666868
1.56 0.667785
1.59 0.668702
1.62 0.669619
1.65 0.670537
1.68 0.671455
1.71 0.672373
1.74 0.673291
1.77 0.67421
1.8 0.675128
1.83 0.676047
1.86 0.676966
1.89 0.677886
1.92 0.678805
1.95 0.679725
1.98 0.680645
2.01 0.681565
2.04 0.682486
2.07 0.683406
2.1 0.684327
2.13 0.685249
2.16 0.68617
2.19 0.687092
2.22 0.688014
2.25 0.688936
2.28 0.689858
2.31 0.690781
2.34 0.691704
2.37 0.692627
2.4 0.693551
2.43 0.694474
2.46 0.695398
2.49 0.696323
2.52 0.697247
2.55 0.698172
2.58 0.699097
2.61 0.700023
2.64 0.700949
2.67 0.701875
2.7 0.702801
2.73 0.703728
2.76 0.704655
2.79 0.705582
2.82 0.70651
2.85 0.707438
2.88 0.708366
2.91 0.709295
2.94 0.710224
2.97 0.711153
3 0.712083
3.03 0.713012
3.06 0.713943
3.09 0.714873
3.12 0.715804
3.15 0.716736
3.18 0.717667
3.21 0.7186
3.24 0.719532
3.27 0.720465
3.3 0.721398
3.33 0.722332
3.36 0.723265
3.39 0.7242
3.42 0.725135
3.45 0.72607
3.48 0.727005
3.51 0.727941
3.54 0.728877
3.57 0.729814
3.6 0.730751
3.63 0.731689
3.66 0.732627
3.69 0.733565
3.72 0.734504
3.75 0.735443
3.78 0.736383
3.81 0.737323
3.84 0.738264
3.87 0.739205
3.9 0.740146
3.93 0.741088
3.96 0.742031
3.99 0.742974
4.02 0.743917
4.05 0.744861
4.08 0.745805
4.11 0.74675
4.14 0.747695
4.17 0.748641
4.2 0.749587
4.23 0.750534
4.26 0.751481
4.29 0.752429
4.32 0.753378
4.35 0.754326
4.38 0.755276
4.41 0.756226
4.44 0.757176
4.47 0.758127
4.5 0.759079
4.53 0.760031
4.56 0.760983
4.59 0.761936
4.62 0.76289
4.65 0.763844
4.68 0.764799
4.71 0.765755
4.74 0.766711
4.77 0.767667
4.8 0.768625
4.83 0.769582
4.86 0.770541
4.89 0.7715
4.92 0.772459
4.95 0.773419
4.98 0.77438
5.01 0.775342
5.04 0.776304
5.07 0.777267
5.1 0.77823
5.13 0.779194
5.16 0.780159
5.19 0.781124
5.22 0.78209
5.25 0.783056
5.28 0.784024
5.31 0.784992
5.34 0.78596
5.37 0.78693
5.4 0.7879
5.43 0.788871
5.46 0.789842
5.49 0.790814
5.52 0.791787
5.55 0.79276
5.58 0.793735
5.61 0.79471
5.64 0.795686
5.67 0.796662
5.7 0.797639
5.73 0.798617
5.76 0.799596
5.79 0.800575
5.82 0.801556
5.85 0.802537
5.88 0.803519
5.91 0.804501
5.94 0.805485
5.97 0.806469
6 0.807454
6.03 0.808439
6.06 0.809426
6.09 0.810413
6.12 0.811402
6.15 0.812391
6.18 0.813381
6.21 0.814371
6.24 0.815363
6.27 0.816355
6.3 0.817349
6.33 0.818343
6.36 0.819338
6.39 0.820334
6.42 0.821331
6.45 0.822328
6.48 0.823327
6.51 0.824326
6.54 0.825327
6.57 0.826328
6.6 0.82733
6.63 0.828334
6.66 0.829338
6.69 0.830343
6.72 0.831349
6.75 0.832356
6.78 0.833363
6.81 0.834372
6.84 0.835382
6.87 0.836393
6.9 0.837405
6.93 0.838417
6.96 0.839431
6.99 0.840446
7.02 0.841462
7.05 0.842479
7.08 0.843496
7.11 0.844515
7.14 0.845535
7.17 0.846556
7.2 0.847578
7.23 0.848601
7.26 0.849625
7.29 0.85065
7.32 0.851676
7.35 0.852704
7.38 0.853732
7.41 0.854762
7.44 0.855792
7.47 0.856824
7.5 0.857857
7.53 0.858891
7.56 0.859926
7.59 0.860962
7.62 0.861999
7.65 0.863038
7.68 0.864078
7.71 0.865118
7.74 0.86616
7.77 0.867204
7.8 0.868248
7.83 0.869294
7.86 0.87034
7.89 0.871388
7.92 0.872438
7.95 0.873488
7.98 0.87454
8.01 0.875593
8.04 0.876647
8.07 0.877702
8.1 0.878759
8.13 0.879817
8.16 0.880876
8.19 0.881937
8.22 0.882999
8.25 0.884062
8.28 0.885126
8.31 0.886192
8.34 0.887259
8.37 0.888327
8.4 0.889397
8.43 0.890468
8.46 0.891541
8.49 0.892615
8.52 0.89369
8.55 0.894766
8.58 0.895844
8.61 0.896924
8.64 0.898004
8.67 0.899087
8.7 0.90017
8.73 0.901255
8.76 0.902342
8.79 0.90343
8.82 0.904519
8.85 0.90561
8.88 0.906702
8.91 0.907796
8.94 0.908891
8.97 0.909988
9 0.911086
9.03 0.912186
9.06 0.913287
9.09 0.91439
9.12 0.915494
9.15 0.9166
9.18 0.917708
9.21 0.918817
9.24 0.919927
9.27 0.92104
9.3 0.922153
9.33 0.923269
9.36 0.924386
9.39 0.925504
9.42 0.926625
9.45 0.927746
9.48 0.92887
9.51 0.929995
9.54 0.931122
9.57 0.93225
9.6 0.933381
9.63 0.934513
9.66 0.935646
9.69 0.936782
9.72 0.937919
9.75 0.939057
9.78 0.940198
9.81 0.94134
9.84 0.942484
9.87 0.94363
9.9 0.944777
9.93 0.945927
9.96 0.947078
9.99 0.948231
10.02 0.949386
10.05 0.950542
10.08 0.951701
10.11 0.952861
10.14 0.954023
10.17 0.955187
10.2 0.956353
10.23 0.957521
10.26 0.95869
10.29 0.959862
10.32 0.961036
10.35 0.962211
10.38 0.963388
10.41 0.964568
10.44 0.965749
10.47 0.966932
10.5 0.968118
10.53 0.969305
10.56 0.970494
10.59 0.971685
10.62 0.972879
10.65 0.974074
10.68 0.975271
10.71 0.976471
10.74 0.977672
10.77 0.978876
10.8 0.980081
10.83 0.981289
10.86 0.982499
10.89 0.983711
10.92 0.984925
10.95 0.986142
10.98 0.98736
11.01 0.988581
11.04 0.989804
11.07 0.991029
11.1 0.992256
11.13 0.993485
11.16 0.994717
11.19 0.995951
11.22 0.997187
11.25 0.998426
11.28 0.999666
11.31 1.00091
11.34 1.00215
11.37 1.0034
11.4 1.00465
11.43 1.0059
11.46 1.00716
11.49 1.00842
11.52 1.00968
11.55 1.01094
11.58 1.0122
11.61 1.01347
11.64 1.01474
11.67 1.01601
11.7 1.01728
11.73 1.01856
11.76 1.01984
11.79 1.02112
11.82 1.0224
11.85 1.02369
11.88 1.02498
11.91 1.02627
11.94 1.02757
11.97 1.02886
12 1.03016
12.03 1.03146
12.06 1.03277
12.09 1.03408
12.12 1.03539
12.15 1.0367
12.18 1.03801
12.21 1.03933
12.24 1.04065
12.27 1.04198
12.3 1.0433
12.33 1.04463
12.36 1.04596
12.39 1.0473
12.42 1.04863
12.45 1.04997
12.48 1.05132
12.51 1.05266
12.54 1.05401
12.57 1.05536
12.6 1.05672
12.63 1.05807
12.66 1.05943
12.69 1.0608
12.72 1.06216
12.75 1.06353
12.78 1.0649
12.81 1.06628
12.84 1.06766
12.87 1.06904
12.9 1.07042
12.93 1.07181
12.96 1.0732
12.99 1.07459
13.02 1.07599
13.05 1.07739
13.08 1.07879
13.11 1.0802
13.14 1.08161
13.17 1.08302
13.2 1.08444
13.23 1.08586
13.26 1.08728
13.29 1.08871
13.32 1.09013
13.35 1.09157
13.38 1.093
13.41 1.09444
13.44 1.09588
13.47 1.09733
13.5 1.09878
13.53 1.10023
13.56 1.10169
13.59 1.10315
13.62 1.10461
13.65 1.10608
13.68 1.10755
13.71 1.10902
13.74 1.1105
13.77 1.11198
13.8 1.11347
13.83 1.11495
13.86 1.11645
13.89 1.11794
13.92 1.11944
13.95 1.12095
13.98 1.12245
14.01 1.12396
14.04 1.12548
14.07 1.127
14.1 1.12852
14.13 1.13005
14.16 1.13158
14.19 1.13311
14.22 1.13465
14.25 1.13619
14.28 1.13774
14.31 1.13929
14.34 1.14084
14.37 1.1424
14.4 1.14396
14.43 1.14553
14.46 1.1471
14.49 1.14868
14.52 1.15026
14.55 1.15184
14.58 1.15343
14.61 1.15502
14.64 1.15662
14.67 1.15822
14.7 1.15982
14.73 1.16143
14.76 1.16305
14.79 1.16466
14.82 1.16629
14.85 1.16792
14.88 1.16955
14.91 1.17118
14.94 1.17283
14.97 1.17447
15 1.17612
15.03 1.17778
15.06 1.17944
15.09 1.1811
15.12 1.18277
15.15 1.18445
15.18 1.18613
15.21 1.18781
15.24 1.1895
15.27 1.1912
15.3 1.1929
15.33 1.1946
15.36 1.19631
15.39 1.19802
15.42 1.19974
15.45 1.20147
15.48 1.2032
15.51 1.20494
15.54 1.20668
15.57 1.20842
15.6 1.21017
15.63 1.21193
15.66 1.21369
15.69 1.21546
15.72 1.21724
15.75 1.21901
15.78 1.2208
15.81 1.22259
15.84 1.22439
15.87 1.22619
15.9 1.228
15.93 1.22981
15.96 1.23163
15.99 1.23345
16.02 1.23528
16.05 1.23712
16.08 1.23897
16.11 1.24081
16.14 1.24267
16.17 1.24453
16.2 1.2464
16.23 1.24827
16.26 1.25015
16.29 1.25204
16.32 1.25394
16.35 1.25584
16.38 1.25774
16.41 1.25965
16.44 1.26157
16.47 1.2635
16.5 1.26543
16.53 1.26737
16.56 1.26932
16.59 1.27127
16.62 1.27323
16.65 1.2752
16.68 1.27718
16.71 1.27916
16.74 1.28115
16.77 1.28314
16.8 1.28515
16.83 1.28716
16.86 1.28918
16.89 1.2912
16.92 1.29324
16.95 1.29528
16.98 1.29733
17.01 1.29938
17.04 1.30145
17.07 1.30352
17.1 1.3056
17.13 1.30769
17.16 1.30978
17.19 1.31189
17.22 1.314
17.25 1.31612
17.28 1.31825
17.31 1.32039
17.34 1.32254
17.37 1.32469
17.4 1.32685
17.43 1.32903
17.46 1.33121
17.49 1.3334
17.52 1.3356
17.55 1.3378
17.58 1.34002
17.61 1.34225
17.64 1.34448
17.67 1.34673
17.7 1.34898
17.73 1.35125
17.76 1.35352
17.79 1.3558
17.82 1.3581
17.85 1.3604
17.88 1.36271
17.91 1.36503
17.94 1.36737
17.97 1.36971
18 1.37206
18.03 1.37443
18.06 1.3768
18.09 1.37919
18.12 1.38159
18.15 1.38399
18.18 1.38641
18.21 1.38884
18.24 1.39128
18.27 1.39373
18.3 1.3962
18.33 1.39867
18.36 1.40116
18.39 1.40365
18.42 1.40616
18.45 1.40869
18.48 1.41122
18.51 1.41377
18.54 1.41632
18.57 1.4189
18.6 1.42148
18.63 1.42407
18.66 1.42668
18.69 1.4293
18.72 1.43194
18.75 1.43459
18.78 1.43725
18.81 1.43992
18.84 1.44261
18.87 1.44531
18.9 1.44803
18.93 1.45076
18.96 1.4535
18.99 1.45626
19.02 1.45903
19.05 1.46182
19.08 1.46462
19.11 1.46744
19.14 1.47027
19.17 1.47312
19.2 1.47598
19.23 1.47886
19.26 1.48175
19.29 1.48466
19.32 1.48759
19.35 1.49053
19.38 1.49349
19.41 1.49646
19.44 1.49945
19.47 1.50246
19.5 1.50548
19.53 1.50853
19.56 1.51158
19.59 1.51466
19.62 1.51776
19.65 1.52087
19.68 1.524
19.71 1.52715
19.74 1.53031
19.77 1.5335
19.8 1.5367
19.83 1.53993
19.86 1.54317
19.89 1.54643
19.92 1.54972
19.95 1.55302
19.98 1.55634
20.01 1.55968
20.04 1.56304
20.07 1.56643
20.1 1.56983
20.13 1.57326
20.16 1.57671
20.19 1.58017
20.22 1.58366
20.25 1.58718
20.28 1.59071
20.31 1.59427
20.34 1.59785
20.37 1.60145
20.4 1.60508
20.43 1.60873
20.46 1.6124
20.49 1.6161
20.52 1.61982
20.55 1.62357
20.58 1.62734
20.61 1.63114
20.64 1.63496
20.67 1.63881
20.7 1.64268
20.73 1.64658
20.76 1.65051
20.79 1.65446
20.82 1.65844
20.85 1.66245
20.88 1.66648
20.91 1.67054
20.94 1.67463
20.97 1.67875
21 1.6829
21.03 1.68708
21.06 1.69128
21.09 1.69552
21.12 1.69978
21.15 1.70408
21.18 1.70841
21.21 1.71276
21.24 1.71715
21.27 1.72157
21.3 1.72602
21.33 1.73051
21.36 1.73502
21.39 1.73957
21.42 1.74415
21.45 1.74877
21.48 1.75342
21.51 1.7581
21.54 1.76282
21.57 1.76757
21.6 1.77236
21.63 1.77718
21.66 1.78204
21.69 1.78693
21.72 1.79187
21.75 1.79683
21.78 1.80184
21.81 1.80688
21.84 1.81196
21.87 1.81708
21.9 1.82224
21.93 1.82743
21.96 1.83267
21.99 1.83795
22.02 1.84326
22.05 1.84862
22.08 1.85401
22.11 1.85945
22.14 1.86493
22.17 1.87045
22.2 1.87601
22.23 1.88162
22.26 1.88726
22.29 1.89296
22.32 1.89869
22.35 1.90447
22.38 1.91029
22.41 1.91616
22.44 1.92207
22.47 1.92803
22.5 1.93403
22.53 1.94008
22.56 1.94617
22.59 1.95231
22.62 1.9585
22.65 1.96473
22.68 1.97102
22.71 1.97735
22.74 1.98372
22.77 1.99015
22.8 1.99662
22.83 2.00315
22.86 2.00972
22.89 2.01634
22.92 2.02301
22.95 2.02974
22.98 2.03651
23.01 2.04333
23.04 2.0502
23.07 2.05713
23.1 2.0641
23.13 2.07113
23.16 2.07821
23.19 2.08534
23.22 2.09252
23.25 2.09975
23.28 2.10704
23.31 2.11437
23.34 2.12176
23.37 2.12921
23.4 2.1367
23.43 2.14425
23.46 2.15185
23.49 2.1595
23.52 2.16721
23.55 2.17497
23.58 2.18278
23.61 2.19064
23.64 2.19856
23.67 2.20653
23.7 2.21455
23.73 2.22262
23.76 2.23075
23.79 2.23893
23.82 2.24716
23.85 2.25544
23.88 2.26378
23.91 2.27216
23.94 2.2806
23.97 2.28909
24 2.29763
24.03 2.30621
24.06 2.31485
24.09 2.32354
24.12 2.33228
24.15 2.34106
24.18 2.3499
24.21 2.35878
24.24 2.36771
24.27 2.37669
24.3 2.38571
24.33 2.39478
24.36 2.40389
24.39 2.41305
24.42 2.42225
24.45 2.43149
24.48 2.44078
24.51 2.45011
24.54 2.45947
24.57 2.46888
24.6 2.47833
24.63 2.48782
24.66 2.49734
24.69 2.5069
24.72 2.51649
24.75 2.52612
24.78 2.53579
24.81 2.54548
24.84 2.55521
24.87 2.56496
24.9 2.57475
24.93 2.58456
24.96 2.59441
24.99 2.60427
25.02 2.61416
25.05 2.62408
25.08 2.63401
25.11 2.64397
25.14 2.65394
25.17 2.66393
25.2 2.67394
25.23 2.68397
25.26 2.69401
25.29 2.70406
25.32 2.71412
25.35 2.72419
25.38 2.73427
25.41 2.74436
25.44 2.75445
25.47 2.76454
25.5 2.77464
25.53 2.78473
25.56 2.79483
25.59 2.80492
25.62 2.81501
25.65 2.82509
25.68 2.83517
25.71 2.84524
25.74 2.85529
25.77 2.86534
25.8 2.87537
25.83 2.88539
25.86 2.89538
25.89 2.90537
25.92 2.91533
25.95 2.92527
25.98 2.93519
26.01 2.94508
26.04 2.95495
26.07 2.96479
26.1 2.9746
26.13 2.98438
26.16 2.99413
26.19 3.00385
26.22 3.01353
26.25 3.02318
26.28 3.03279
26.31 3.04236
26.34 3.05189
26.37 3.06138
26.4 3.07082
26.43 3.08023
26.46 3.08959
26.49 3.0989
26.52 3.10816
26.55 3.11738
26.58 3.12654
26.61 3.13566
26.64 3.14472
26.67 3.15373
26.7 3.16269
26.73 3.17159
26.76 3.18043
26.79 3.18922
26.82 3.19795
26.85 3.20662
26.88 3.21523
26.91 3.22379
26.94 3.23228
26.97 3.24071
27 3.24907
27.03 3.25738
27.06 3.26561
27.09 3.27379
27.12 3.2819
27.15 3.28994
27.18 3.29792
27.21 3.30583
27.24 3.31368
27.27 3.32146
27.3 3.32917
27.33 3.33681
27.36 3.34438
27.39 3.35189
27.42 3.35932
27.45 3.36669
27.48 3.37399
27.51 3.38121
27.54 3.38837
27.57 3.39546
27.6 3.40248
27.63 3.40942
27.66 3.4163
27.69 3.42311
27.72 3.42985
27.75 3.43651
27.78 3.44311
27.81 3.44964
27.84 3.4561
27.87 3.46248
27.9 3.4688
27.93 3.47505
27.96 3.48123
27.99 3.48734
28.02 3.49338
28.05 3.49936
28.08 3.50526
28.11 3.5111
28.14 3.51687
28.17 3.52257
28.2 3.5282
28.23 3.53377
28.26 3.53928
28.29 3.54471
28.32 3.55008
28.35 3.55539
28.38 3.56063
28.41 3.56581
28.44 3.57092
28.47 3.57597
28.5 3.58095
28.53 3.58588
28.56 3.59074
28.59 3.59554
28.62 3.60028
28.65 3.60496
28.68 3.60957
28.71 3.61413
28.74 3.61863
28.77 3.62308
28.8 3.62746
28.83 3.63178
28.86 3.63605
28.89 3.64027
28.92 3.64442
28.95 3.64853
28.98 3.65257
29.01 3.65657
29.04 3.66051
29.07 3.66439
29.1 3.66823
29.13 3.67201
29.16 3.67574
29.19 3.67942
29.22 3.68305
29.25 3.68663
29.28 3.69016
29.31 3.69364
29.34 3.69708
29.37 3.70046
29.4 3.7038
29.43 3.7071
29.46 3.71035
29.49 3.71355
29.52 3.71671
29.55 3.71982
29.58 3.72289
29.61 3.72592
29.64 3.72891
29.67 3.73185
29.7 3.73475
29.73 3.73761
29.76 3.74044
29.79 3.74322
29.82 3.74596
29.85 3.74866
29.88 3.75133
29.91 3.75396
29.94 3.75655
29.97 3.7591
30 3.76162
30.001 0
