0 -10
0.03 -8.60425
0.06 -8.60413
0.09 -8.60402
0.12 -8.6039
0.15 -8.60378
0.18 -8.60367
0.21 -8.60355
0.24 -8.60343
0.27 -8.60332
0.3 -8.6032
0.33 -8.60308
0.36 -8.60297
0.39 -8.60285
0.42 -8.60273
0.45 -8.60262
0.48 -8.6025
0.51 -8.60239
0.54 -8.60227
0.57 -8.60216
0.6 -8.60204
0.63 -8.60193
0.66 -8.60181
0.69 -8.6017
0.72 -8.60158
0.75 -8.60147
0.78 -8.60136
0.81 -8.60124
0.84 -8.60113
0.87 -8.60101
0.9 -8.6009
0.93 -8.60079
0.96 -8.60067
0.99 -8.60056
1.02 -8.60045
1.05 -8.60033
1.08 -8.60022
1.11 -8.60011
1.14 -8.6
1.17 -8.59988
1.2 -8.59977
1.23 -8.59966
1.26 -8.59955
1.29 -8.59944
1.32 -8.59932
1.35 -8.59921
1.38 -8.5991
1.41 -8.59899
1.44 -8.59888
1.47 -8.59877
1.5 -8.59866
1.53 -8.59855
1.56 -8.59844
1.59 -8.59833
1.62 -8.59822
1.65 -8.59811
1.68 -8.598
1.71 -8.59789
1.74 -8.59778
1.77 -8.59767
1.8 -8.59756
1.83 -8.59745
1.86 -8.59734
1.89 -8.59723
1.92 -8.59712
1.95 -8.59701
1.98 -8.5969
2.01 -8.59679
2.04 -8.59669
2.07 -8.59658
2.1 -8.59647
2.13 -8.59636
2.16 -8.59625
2.19 -8.59615
2.22 -8.59604
2.25 -8.59593
2.28 -8.59582
2.31 -8.59572
2.34 -8.59561
2.37 -8.5955
2.4 -8.5954
2.43 -8.59529
2.46 -8.59518
2.49 -8.59508
2.52 -8.59497
2.55 -8.59486
2.58 -8.59476
2.61 -8.59465
2.64 -8.59455
2.67 -8.59444
2.7 -8.59433
2.73 -8.59423
2.76 -8.59412
2.79 -8.59402
2.82 -8.59391
2.85 -8.59381
2.88 -8.5937
2.91 -8.5936
2.94 -8.59349
2.97 -8.59339
3 -8.59328
3.03 -8.59318
3.06 -8.59308
3.09 -8.59297
3.12 -8.59287
3.15 -8.59276
3.18 -8.59266
3.21 -8.59256
3.24 -8.59245
3.27 -8.59235
3.3 -8.59225
3.33 -8.59214
3.36 -8.59204
3.39 -8.59194
3.42 -8.59184
3.45 -8.59173
3.48 -8.59163
3.51 -8.59153
3.54 -8.59143
3.57 -8.59132
3.6 -8.59122
3.63 -8.59112
3.66 -8.59102
3.69 -8.59092
3.72 -8.59081
3.75 -8.59071
3.78 -8.59061
3.81 -8.59051
3.84 -8.59041
3.87 -8.59031
3.9 -8.59021
3.93 -8.59011
3.96 -8.59001
3.99 -8.58991
4.02 -8.58981
4.05 -8.5897
4.08 -8.5896
4.11 -8.5895
4.14 -8.5894
4.17 -8.5893
4.2 -8.5892
4.23 -8.5891
4.26 -8.58901
4.29 -8.58891
4.32 -8.58881
4.35 -8.58871
4.38 -8.58861
4.41 -8.58851
4.44 -8.58841
4.47 -8.58831
4.5 -8.58821
4.53 -8.58811
4.56 -8.58802
4.59 -8.58792
4.62 -8.58782
4.65 -8.58772
4.68 -8.58762
4.71 -8.58752
4.74 -8.58743
4.77 -8.58733
4.8 -8.58723
4.83 -8.58713
4.86 -8.58704
4.89 -8.58694
4.92 -8.58684
4.95 -8.58674
4.98 -8.58665
5.01 -8.58655
5.04 -8.58645
5.07 -8.58636
5.1 -8.58626
5.13 -8.58616
5.16 -8.58607
5.19 -8.58597
5.22 -8.58587
5.25 -8.58578
5.28 -8.58568
5.31 -8.58559
5.34 -8.58549
5.37 -8.58539
5.4 -8.5853
5.43 -8.5852
5.46 -8.58511
5.49 -8.58501
5.52 -8.58492
5.55 -8.58482
5.58 -8.58473
5.61 -8.58463
5.64 -8.58454
5.67 -8.58444
5.7 -8.58435
5.73 -8.58425
5.76 -8.58416
5.79 -8.58406
5.82 -8.58397
5.85 -8.58387
5.88 -8.58378
5.91 -8.58369
5.94 -8.58359
5.97 -8.5835
6 -8.5834
6.03 -8.58331
6.06 -8.58322
6.09 -8.58312
6.12 -8.58303
6.15 -8.58294
6.18 -8.58284
6.21 -8.58275
6.24 -8.58266
6.27 -8.58256
6.3 -8.58247
6.33 -8.58238
6.36 -8.58229
6.39 -8.58219
6.42 -8.5821
6.45 -8.58201
6.48 -8.58192
6.51 -8.58182
6.54 -8.58173
6.57 -8.58164
6.6 -8.58155
6.63 -8.58145
6.66 -8.58136
6.69 -8.58127
6.72 -8.58118
6.75 -8.58109
6.78 -8.581
6.81 -8.5809
6.84 -8.58081
6.87 -8.58072
6.9 -8.58063
6.93 -8.58054
6.96 -8.58045
6.99 -8.58036
7.02 -8.58027
7.05 -8.58018
7.08 -8.58009
7.11 -8.58
7.14 -8.5799
7.17 -8.57981
7.2 -8.57972
7.23 -8.57963
7.26 -8.57954
7.29 -8.57945
7.32 -8.57936
7.35 -8.57927
7.38 -8.57918
7.41 -8.57909
7.44 -8.579
7.47 -8.57891
7.5 -8.57883
7.53 -8.57874
7.56 -8.57865
7.59 -8.57856
7.62 -8.57847
7.65 -8.57838
7.68 -8.57829
7.71 -8.5782
7.74 -8.57811
7.77 -8.57802
7.8 -8.57793
7.83 -8.57785
7.86 -8.57776
7.89 -8.57767
7.92 -8.57758
7.95 -8.57749
7.98 -8.5774
8.01 -8.57732
8.04 -8.57723
8.07 -8.57714
8.1 -8.57705
8.13 -8.57696
8.16 -8.57688
8.19 -8.57679
8.22 -8.5767
8.25 -8.57661
8.28 -8.57653
8.31 -8.57644
8.34 -8.57635
8.37 -8.57626
8.4 -8.57618
8.43 -8.57609
8.46 -8.576
8.49 -8.57592
8.52 -8.57583
8.55 -8.57574
8.58 -8.57566
8.61 -8.57557
8.64 -8.57548
8.67 -8.5754
8.7 -8.57531
8.73 -8.57522
8.76 -8.57514
8.79 -8.57505
8.82 -8.57497
8.85 -8.57488
8.88 -8.57479
8.91 -8.57471
8.94 -8.57462
8.97 -8.57454
9 -8.57445
9.03 -8.57437
9.06 -8.57428
9.09 -8.5742
9.12 -8.57411
9.15 -8.57403
9.18 -8.57394
9.21 -8.57386
9.24 -8.57377
9.27 -8.57369
9.3 -8.5736
9.33 -8.57352
9.36 -8.57343
9.39 -8.57335
9.42 -8.57326
9.45 -8.57318
9.48 -8.57309
9.51 -8.57301
9.54 -8.57293
9.57 -8.57284
9.6 -8.57276
9.63 -8.57267
9.66 -8.57259
9.69 -8.57251
9.72 -8.57242
9.75 -8.57234
9.78 -8.57226
9.81 -8.57217
9.84 -8.57209
9.87 -8.57201
9.9 -8.57192
9.93 -8.57184
9.96 -8.57176
9.99 -8.57167
10.02 -8.57159
10.05 -8.57151
10.08 -8.57143
10.11 -8.57134
10.14 -8.57126
10.17 -8.57118
10.2 -8.5711
10.23 -8.57101
10.26 -8.57093
10.29 -8.57085
10.32 -8.57077
10.35 -8.57068
10.38 -8.5706
10.41 -8.57052
10.44 -8.57044
10.47 -8.57036
10.5 -8.57028
10.53 -8.57019
10.56 -8.57011
10.59 -8.57003
10.62 -8.56995
10.65 -8.56987
10.68 -8.56979
10.71 -8.56971
10.74 -8.56963
10.77 -8.56955
10.8 -8.56946
10.83 -8.56938
10.86 -8.5693
10.89 -8.56922
10.92 -8.56914
10.95 -8.56906
10.98 -8.56898
11.01 -8.5689
11.04 -8.56882
11.07 -8.56874
11.1 -8.56866
11.13 -8.56858
11.16 -8.5685
11.19 -8.56842
11.22 -8.56834
11.25 -8.56826
11.28 -8.56818
11.31 -8.56811
11.34 -8.56803
11.37 -8.56795
11.4 -8.56787
11.43 -8.56779
11.46 -8.56771
11.49 -8.56763
11.52 -8.56755
11.55 -8.56748
11.58 -8.5674
11.61 -8.56732
11.64 -8.56724
11.67 -8.56716
11.7 -8.56708
11.73 -8.56701
11.76 -8.56693
11.79 -8.56685
11.82 -8.56677
11.85 -8.5667
11.88 -8.56662
11.91 -8.56654
11.94 -8.56646
11.97 -8.56639
12 -8.56631
12.03 -8.56623
12.06 -8.56615
12.09 -8.56608
12.12 -8.566
12.15 -8.56592
12.18 -8.56585
12.21 -8.56577
12.24 -8.5657
12.27 -8.56562
12.3 -8.56554
12.33 -8.56547
12.36 -8.56539
12.39 -8.56532
12.42 -8.56524
12.45 -8.56517
12.48 -8.56509
12.51 -8.56501
12.54 -8.56494
12.57 -8.56486
12.6 -8.56479
12.63 -8.56471
12.66 -8.56464
12.69 -8.56457
12.72 -8.56449
12.75 -8.56442
12.78 -8.56434
12.81 -8.56427
12.84 -8.56419
12.87 -8.56412
12.9 -8.56405
12.93 -8.56397
12.96 -8.5639
12.99 -8.56383
13.02 -8.56375
13.05 -8.56368
13.08 -8.56361
13.11 -8.56353
13.14 -8.56346
13.17 -8.56339
13.2 -8.56331
13.23 -8.56324
13.26 -8.56317
13.29 -8.5631
13.32 -8.56303
13.35 -8.56295
13.38 -8.56288
13.41 -8.56281
13.44 -8.56274
13.47 -8.56267
13.5 -8.5626
13.53 -8.56253
13.56 -8.56245
13.59 -8.56238
13.62 -8.56231
13.65 -8.56224
13.68 -8.56217
13.71 -8.5621
13.74 -8.56203
13.77 -8.56196
13.8 -8.56189
13.83 -8.56182
13.86 -8.56175
13.89 -8.56168
13.92 -8.56161
13.95 -8.56154
13.98 -8.56148
14.01 -8.56141
14.04 -8.56134
14.07 -8.56127
14.1 -8.5612
14.13 -8.56113
14.16 -8.56107
14.19 -8.561
14.22 -8.56093
14.25 -8.56086
14.28 -8.5608
14.31 -8.56073
14.34 -8.56066
14.37 -8.56059
14.4 -8.56053
14.43 -8.56046
14.46 -8.56039
14.49 -8.56033
14.52 -8.56026
14.55 -8.5602
14.58 -8.56013
14.61 -8.56007
14.64 -8.56
14.67 -8.55994
14.7 -8.55987
14.73 -8.55981
14.76 -8.55974
14.79 -8.55968
14.82 -8.55961
14.85 -8.55955
14.88 -8.55949
14.91 -8.55942
14.94 -8.55936
14.97 -8.5593
15 -8.55923
15.03 -8.55917
15.06 -8.55911
15.09 -8.55905
15.12 -8.55898
15.15 -8.55892
15.18 -8.55886
15.21 -8.5588
15.24 -8.55874
15.27 -8.55868
15.3 -8.55862
15.33 -8.55856
15.36 -8.5585
15.39 -8.55844
15.42 -8.55838
15.45 -8.55832
15.48 -8.55826
15.51 -8.5582
15.54 -8.55814
15.57 -8.55808
15.6 -8.55802
15.63 -8.55796
15.66 -8.55791
15.69 -8.55785
15.72 -8.55779
15.75 -8.55773
15.78 -8.55768
15.81 -8.55762
15.84 -8.55756
15.87 -8.55751
15.9 -8.55745
15.93 -8.5574
15.96 -8.55734
15.99 -8.55729
16.02 -8.55723
16.05 -8.55718
16.08 -8.55712
16.11 -8.55707
16.14 -8.55702
16.17 -8.55696
16.2 -8.55691
16.23 -8.55686
16.26 -8.55681
16.29 -8.55675
16.32 -8.5567
16.35 -8.55665
16.38 -8.5566
16.41 -8.55655
16.44 -8.5565
16.47 -8.55645
16.5 -8.5564
16.53 -8.55635
16.56 -8.5563
16.59 -8.55625
16.62 -8.55621
16.65 -8.55616
16.68 -8.55611
16.71 -8.55606
16.74 -8.55602
16.77 -8.55597
16.8 -8.55592
16.83 -8.55588
16.86 -8.55583
16.89 -8.55579
16.92 -8.55574
16.95 -8.5557
16.98 -8.55565
17.01 -8.55561
17.04 -8.55557
17.07 -8.55553
17.1 -8.55548
17.13 -8.55544
17.16 -8.5554
17.19 -8.55536
17.22 -8.55532
17.25 -8.55528
17.28 -8.55524
17.31 -8.5552
17.34 -8.55516
17.37 -8.55512
17.4 -8.55509
17.43 -8.55505
17.46 -8.55501
17.49 -8.55498
17.52 -8.55494
17.55 -8.55491
17.58 -8.55487
17.61 -8.55484
17.64 -8.5548
17.67 -8.55477
17.7 -8.55474
17.73 -8.55471
17.76 -8.55467
17.79 -8.55464
17.82 -8.55461
17.85 -8.55458
17.88 -8.55455
17.91 -8.55452
17.94 -8.5545
17.97 -8.55447
18 -8.55444
18.03 -8.55442
18.06 -8.55439
18.09 -8.55436
18.12 -8.55434
18.15 -8.55432
18.18 -8.55429
18.21 -8.55427
18.24 -8.55425
18.27 -8.55423
18.3 -8.55421
18.33 -8.55419
18.36 -8.55417
18.39 -8.55415
18.42 -8.55413
18.45 -8.55412
18.48 -8.5541
18.51 -8.55408
18.54 -8.55407
18.57 -8.55405
18.6 -8.55404
18.63 -8.55403
18.66 -8.55402
18.69 -8.55401
18.72 -8.554
18.75 -8.55399
18.78 -8.55398
18.81 -8.55397
18.84 -8.55397
18.87 -8.55396
18.9 -8.55395
18.93 -8.55395
18.96 -8.55395
18.99 -8.55395
19.02 -8.55394
19.05 -8.55394
19.08 -8.55395
19.11 -8.55395
19.14 -8.55395
19.17 -8.55395
19.2 -8.55396
19.23 -8.55396
19.26 -8.55397
19.29 -8.55398
19.32 -8.55399
19.35 -8.554
19.38 -8.55401
19.41 -8.55402
19.44 -8.55404
19.47 -8.55405
19.5 -8.55407
19.53 -8.55408
19.56 -8.5541
19.59 -8.55412
19.62 -8.55414
19.65 -8.55416
19.68 -8.55419
19.71 -8.55421
19.74 -8.55424
19.77 -8.55427
19.8 -8.55429
19.83 -8.55432
19.86 -8.55436
19.89 -8.55439
19.92 -8.55442
19.95 -8.55446
19.98 -8.5545
20.01 -8.55454
20.04 -8.55458
20.07 -8.55462
20.1 -8.55466
20.13 -8.55471
20.16 -8.55475
20.19 -8.5548
20.22 -8.55485
20.25 -8.5549
20.28 -8.55496
20.31 -8.55501
20.34 -8.55507
20.37 -8.55513
20.4 -8.55519
20.43 -8.55525
20.46 -8.55532
20.49 -8.55538
20.52 -8.55545
20.55 -8.55552
20.58 -8.55559
20.61 -8.55567
20.64 -8.55575
20.67 -8.55582
20.7 -8.55591
20.73 -8.55599
20.76 -8.55607
20.79 -8.55616
20.82 -8.55625
20.85 -8.55634
20.88 -8.55644
20.91 -8.55653
20.94 -8.55663
20.97 -8.55674
21 -8.55684
21.03 -8.55695
21.06 -8.55706
21.09 -8.55717
21.12 -8.55728
21.15 -8.5574
21.18 -8.55752
21.21 -8.55764
21.24 -8.55777
21.27 -8.5579
21.3 -8.55803
21.33 -8.55816
21.36 -8.5583
21.39 -8.55844
21.42 -8.55859
21.45 -8.55873
21.48 -8.55888
21.51 -8.55904
21.54 -8.55919
21.57 -8.55935
21.6 -8.55952
21.63 -8.55968
21.66 -8.55986
21.69 -8.56003
21.72 -8.56021
21.75 -8.56039
21.78 -8.56057
21.81 -8.56076
21.84 -8.56096
21.87 -8.56115
21.9 -8.56135
21.93 -8.56156
21.96 -8.56177
21.99 -8.56198
22.02 -8.5622
22.05 -8.56242
22.08 -8.56265
22.11 -8.56288
22.14 -8.56311
22.17 -8.56335
22.2 -8.5636
22.23 -8.56385
22.26 -8.5641
22.29 -8.56436
22.32 -8.56463
22.35 -8.5649
22.38 -8.56517
22.41 -8.56545
22.44 -8.56573
22.47 -8.56602
22.5 -8.56632
22.53 -8.56662
22.56 -8.56693
22.59 -8.56724
22.62 -8.56756
22.65 -8.56788
22.68 -8.56821
22.71 -8.56855
22.74 -8.56889
22.77 -8.56924
22.8 -8.56959
22.83 -8.56995
22.86 -8.57032
22.89 -8.5707
22.92 -8.57108
22.95 -8.57146
22.98 -8.57186
23.01 -8.57226
23.04 -8.57267
23.07 -8.57308
23.1 -8.57351
23.13 -8.57394
23.16 -8.57438
23.19 -8.57482
23.22 -8.57527
23.25 -8.57574
23.28 -8.5762
23.31 -8.57668
23.34 -8.57717
23.37 -8.57766
23.4 -8.57816
23.43 -8.57867
23.46 -8.57919
23.49 -8.57972
23.52 -8.58025
23.55 -8.5808
23.58 -8.58135
23.61 -8.58191
23.64 -8.58249
23.67 -8.58307
23.7 -8.58366
23.73 -8.58426
23.76 -8.58487
23.79 -8.58549
23.82 -8.58612
23.85 -8.58676
23.88 -8.58741
23.91 -8.58807
23.94 -8.58874
23.97 -8.58942
24 -8.59011
24.03 -8.59082
24.06 -8.59153
24.09 -8.59225
24.12 -8.59299
24.15 -8.59374
24.18 -8.59449
24.21 -8.59526
24.24 -8.59604
24.27 -8.59684
24.3 -8.59764
24.33 -8.59846
24.36 -8.59928
24.39 -8.60012
24.42 -8.60098
24.45 -8.60184
24.48 -8.60272
24.51 -8.6036
24.54 -8.60451
24.57 -8.60542
24.6 -8.60635
24.63 -8.60729
24.66 -8.60824
24.69 -8.6092
24.72 -8.61018
24.75 -8.61117
24.78 -8.61218
24.81 -8.61319
24.84 -8.61422
24.87 -8.61527
24.9 -8.61632
24.93 -8.61739
24.96 -8.61848
24.99 -8.61958
25.02 -8.62069
25.05 -8.62181
25.08 -8.62295
25.11 -8.6241
25.14 -8.62527
25.17 -8.62645
25.2 -8.62764
25.23 -8.62885
25.26 -8.63007
25.29 -8.63131
25.32 -8.63255
25.35 -8.63382
25.38 -8.63509
25.41 -8.63638
25.44 -8.63768
25.47 -8.639
25.5 -8.64033
25.53 -8.64168
25.56 -8.64303
25.59 -8.6444
25.62 -8.64579
25.65 -8.64718
25.68 -8.64859
25.71 -8.65002
25.74 -8.65145
25.77 -8.6529
25.8 -8.65437
25.83 -8.65584
25.86 -8.65733
25.89 -8.65883
25.92 -8.66034
25.95 -8.66186
25.98 -8.6634
26.01 -8.66495
26.04 -8.66651
26.07 -8.66808
26.1 -8.66966
26.13 -8.67126
26.16 -8.67286
26.19 -8.67448
26.22 -8.6761
26.25 -8.67774
26.28 -8.67938
26.31 -8.68104
26.34 -8.68271
26.37 -8.68438
26.4 -8.68607
26.43 -8.68776
26.46 -8.68947
26.49 -8.69118
26.52 -8.6929
26.55 -8.69463
26.58 -8.69636
26.61 -8.69811
26.64 -8.69986
26.67 -8.70162
26.7 -8.70338
26.73 -8.70515
26.76 -8.70693
26.79 -8.70871
26.82 -8.7105
26.85 -8.7123
26.88 -8.7141
26.91 -8.7159
26.94 -8.71771
26.97 -8.71952
27 -8.72134
27.03 -8.72316
27.06 -8.72499
27.09 -8.72682
27.12 -8.72865
27.15 -8.73048
27.18 -8.73231
27.21 -8.73415
27.24 -8.73599
27.27 -8.73783
27.3 -8.73967
27.33 -8.74151
27.36 -8.74336
27.39 -8.7452
27.42 -8.74704
27.45 -8.74888
27.48 -8.75073
27.51 -8.75257
27.54 -8.75441
27.57 -8.75625
27.6 -8.75808
27.63 -8.75992
27.66 -8.76175
27.69 -8.76359
27.72 -8.76541
27.75 -8.76724
27.78 -8.76906
27.81 -8.77088
27.84 -8.7727
27.87 -8.77451
27.9 -8.77632
27.93 -8.77813
27.96 -8.77993
27.99 -8.78172
28.02 -8.78351
28.05 -8.7853
28.08 -8.78708
28.11 -8.78886
28.14 -8.79063
28.17 -8.79239
28.2 -8.79415
28.23 -8.79591
28.26 -8.79765
28.29 -8.7994
28.32 -8.80113
28.35 -8.80286
28.38 -8.80458
28.41 -8.8063
28.44 -8.80801
28.47 -8.80971
28.5 -8.8114
28.53 -8.81309
28.56 -8.81477
28.59 -8.81644
28.62 -8.81811
28.65 -8.81976
28.68 -8.82141
28.71 -8.82306
28.74 -8.82469
28.77 -8.82632
28.8 -8.82794
28.83 -8.82955
28.86 -8.83115
28.89 -8.83274
28.92 -8.83433
28.95 -8.83591
28.98 -8.83748
29.01 -8.83904
29.04 -8.84059
29.07 -8.84213
29.1 -8.84367
29.13 -8.8452
29.16 -8.84671
29.19 -8.84822
29.22 -8.84973
29.25 -8.85122
29.28 -8.8527
29.31 -8.85418
29.34 -8.85565
29.37 -8.8571
29.4 -8.85855
29.43 -8.85999
29.46 -8.86143
29.49 -8.86285
29.52 -8.86426
29.55 -8.86567
29.58 -8.86707
29.61 -8.86846
29.64 -8.86984
29.67 -8.87121
29.7 -8.87257
29.73 -8.87393
29.76 -8.87527
29.79 -8.87661
29.82 -8.87794
29.85 -8.87926
29.88 -8.88057
29.91 -8.88187
29.94 -8.88317
29.97 -8.88445
30 -8.88573
30.001 -10
