0 5
0.03 5.13498
0.06 5.13507
0.09 5.13517
0.12 5.13527
0.15 5.13537
0.18 5.13547
0.21 5.13557
0.24 5.13567
0.27 5.13577
0.3 5.13587
0.33 5.13597
0.36 5.13607
0.39 5.13617
0.42 5.13627
0.45 5.13637
0.48 5.13647
0.51 5.13657
0.54 5.13667
0.57 5.13677
0.6 5.13687
0.63 5.13697
0.66 5.13707
0.69 5.13717
0.72 5.13727
0.75 5.13738
0.78 5.13748
0.81 5.13758
0.84 5.13768
0.87 5.13778
0.9 5.13789
0.93 5.13799
0.96 5.13809
0.99 5.13819
1.02 5.1383
1.05 5.1384
1.08 5.1385
1.11 5.13861
1.14 5.13871
1.17 5.13881
1.2 5.13892
1.23 5.13902
1.26 5.13912
1.29 5.13923
1.32 5.13933
1.35 5.13944
1.38 5.13954
1.41 5.13965
1.44 5.13975
1.47 5.13986
1.5 5.13996
1.53 5.14007
1.56 5.14017
1.59 5.14028
1.62 5.14039
1.65 5.14049
1.68 5.1406
1.71 5.1407
1.74 5.14081
1.77 5.14092
1.8 5.14102
1.83 5.14113
1.86 5.14124
1.89 5.14135
1.92 5.14145
1.95 5.14156
1.98 5.14167
2.01 5.14178
2.04 5.14189
2.07 5.14199
2.1 5.1421
2.13 5.14221
2.16 5.14232
2.19 5.14243
2.22 5.14254
2.25 5.14265
2.28 5.14276
2.31 5.14287
2.34 5.14298
2.37 5.14309
2.4 5.1432
2.43 5.14331
2.46 5.14342
2.49 5.14353
2.52 5.14364
2.55 5.14375
2.58 5.14386
2.61 5.14397
2.64 5.14408
2.67 5.1442
2.7 5.14431
2.73 5.14442
2.76 5.14453
2.79 5.14465
2.82 5.14476
2.85 5.14487
2.88 5.14498
2.91 5.1451
2.94 5.14521
2.97 5.14533
3 5.14544
3.03 5.14555
3.06 5.14567
3.09 5.14578
3.12 5.1459
3.15 5.14601
3.18 5.14613
3.21 5.14624
3.24 5.14636
3.27 5.14647
3.3 5.14659
3.33 5.1467
3.36 5.14682
3.39 5.14694
3.42 5.14705
3.45 5.14717
3.48 5.14729
3.51 5.14741
3.54 5.14752
3.57 5.14764
3.6 5.14776
3.63 5.14788
3.66 5.14799
3.69 5.14811
3.72 5.14823
3.75 5.14835
3.78 5.14847
3.81 5.14859
3.84 5.14871
3.87 5.14883
3.9 5.14895
3.93 5.14907
3.96 5.14919
3.99 5.14931
4.02 5.14943
4.05 5.14955
4.08 5.14967
4.11 5.14979
4.14 5.14991
4.17 5.15004
4.2 5.15016
4.23 5.15028
4.26 5.1504
4.29 5.15053
4.32 5.15065
4.35 5.15077
4.38 5.1509
4.41 5.15102
4.44 5.15114
4.47 5.15127
4.5 5.15139
4.53 5.15152
4.56 5.15164
4.59 5.15177
4.62 5.15189
4.65 5.15202
4.68 5.15214
4.71 5.15227
4.74 5.1524
4.77 5.15252
4.8 5.15265
4.83 5.15278
4.86 5.1529
4.89 5.15303
4.92 5.15316
4.95 5.15329
4.98 5.15341
5.01 5.15354
5.04 5.15367
5.07 5.1538
5.1 5.15393
5.13 5.15406
5.16 5.15419
5.19 5.15432
5.22 5.15445
5.25 5.15458
5.28 5.15471
5.31 5.15484
5.34 5.15497
5.37 5.1551
5.4 5.15524
5.43 5.15537
5.46 5.1555
5.49 5.15563
5.52 5.15576
5.55 5.1559
5.58 5.15603
5.61 5.15616
5.64 5.1563
5.67 5.15643
5.7 5.15657
5.73 5.1567
5.76 5.15684
5.79 5.15697
5.82 5.15711
5.85 5.15724
5.88 5.15738
5.91 5.15752
5.94 5.15765
5.97 5.15779
6 5.15793
6.03 5.15806
6.06 5.1582
6.09 5.15834
6.12 5.15848
6.15 5.15862
6.18 5.15876
6.21 5.15889
6.24 5.15903
6.27 5.15917
6.3 5.15931
6.33 5.15945
6.36 5.15959
6.39 5.15974
6.42 5.15988
6.45 5.16002
6.48 5.16016
6.51 5.1603
6.54 5.16045
6.57 5.16059
6.6 5.16073
6.63 5.16087
6.66 5.16102
6.69 5.16116
6.72 5.16131
6.75 5.16145
6.78 5.1616
6.81 5.16174
6.84 5.16189
6.87 5.16203
6.9 5.16218
6.93 5.16233
6.96 5.16247
6.99 5.16262
7.02 5.16277
7.05 5.16292
7.08 5.16306
7.11 5.16321
7.14 5.16336
7.17 5.16351
7.2 5.16366
7.23 5.16381
7.26 5.16396
7.29 5.16411
7.32 5.16426
7.35 5.16441
7.38 5.16456
7.41 5.16472
7.44 5.16487
7.47 5.16502
7.5 5.16517
7.53 5.16533
7.56 5.16548
7.59 5.16563
7.62 5.16579
7.65 5.16594
7.68 5.1661
7.71 5.16625
7.74 5.16641
7.77 5.16657
7.8 5.16672
7.83 5.16688
7.86 5.16704
7.89 5.16719
7.92 5.16735
7.95 5.16751
7.98 5.16767
8.01 5.16783
8.04 5.16799
8.07 5.16815
8.1 5.16831
8.13 5.16847
8.16 5.16863
8.19 5.16879
8.22 5.16895
8.25 5.16911
8.28 5.16928
8.31 5.16944
8.34 5.1696
8.37 5.16977
8.4 5.16993
8.43 5.17009
8.46 5.17026
8.49 5.17042
8.52 5.17059
8.55 5.17076
8.58 5.17092
8.61 5.17109
8.64 5.17126
8.67 5.17142
8.7 5.17159
8.73 5.17176
8.76 5.17193
8.79 5.1721
8.82 5.17227
8.85 5.17244
8.88 5.17261
8.91 5.17278
8.94 5.17295
8.97 5.17312
9 5.1733
9.03 5.17347
9.06 5.17364
9.09 5.17382
9.12 5.17399
9.15 5.17416
9.18 5.17434
9.21 5.17451
9.24 5.17469
9.27 5.17487
9.3 5.17504
9.33 5.17522
9.36 5.1754
9.39 5.17558
9.42 5.17575
9.45 5.17593
9.48 5.17611
9.51 5.17629
9.54 5.17647
9.57 5.17665
9.6 5.17684
9.63 5.17702
9.66 5.1772
9.69 5.17738
9.72 5.17757
9.75 5.17775
9.78 5.17793
9.81 5.17812
9.84 5.1783
9.87 5.17849
9.9 5.17867
9.93 5.17886
9.96 5.17905
9.99 5.17923
10.02 5.17942
10.05 5.17961
10.08 5.1798
10.11 5.17999
10.14 5.18018
10.17 5.18037
10.2 5.18056
10.23 5.18075
10.26 5.18094
10.29 5.18114
10.32 5.18133
10.35 5.18152
10.38 5.18172
10.41 5.18191
10.44 5.18211
10.47 5.1823
10.5 5.1825
10.53 5.1827
10.56 5.18289
10.59 5.18309
10.62 5.18329
10.65 5.18349
10.68 5.18369
10.71 5.18389
10.74 5.18409
10.77 5.18429
10.8 5.18449
10.83 5.18469
10.86 5.18489
10.89 5.1851
10.92 5.1853
10.95 5.18551
10.98 5.18571
11.01 5.18592
11.04 5.18612
11.07 5.18633
11.1 5.18654
11.13 5.18674
11.16 5.18695
11.19 5.18716
11.22 5.18737
11.25 5.18758
11.28 5.18779
11.31 5.188
11.34 5.18821
11.37 5.18843
11.4 5.18864
11.43 5.18885
11.46 5.18907
11.49 5.18928
11.52 5.1895
11.55 5.18971
11.58 5.18993
11.61 5.19015
11.64 5.19036
11.67 5.19058
11.7 5.1908
11.73 5.19102
11.76 5.19124
11.79 5.19146
11.82 5.19168
11.85 5.19191
11.88 5.19213
11.91 5.19235
11.94 5.19258
11.97 5.1928
12 5.19303
12.03 5.19325
12.06 5.19348
12.09 5.19371
12.12 5.19393
12.15 5.19416
12.18 5.19439
12.21 5.19462
12.24 5.19485
12.27 5.19508
12.3 5.19532
12.33 5.19555
12.36 5.19578
12.39 5.19602
12.42 5.19625
12.45 5.19649
12.48 5.19672
12.51 5.19696
12.54 5.1972
12.57 5.19743
12.6 5.19767
12.63 5.19791
12.66 5.19815
12.69 5.19839
12.72 5.19864
12.75 5.19888
12.78 5.19912
12.81 5.19937
12.84 5.19961
12.87 5.19985
12.9 5.2001
12.93 5.20035
12.96 5.2006
12.99 5.20084
13.02 5.20109
13.05 5.20134
13.08 5.20159
13.11 5.20184
13.14 5.2021
13.17 5.20235
13.2 5.2026
13.23 5.20286
13.26 5.20311
13.29 5.20337
13.32 5.20362
13.35 5.20388
13.38 5.20414
13.41 5.2044
13.44 5.20466
13.47 5.20492
13.5 5.20518
13.53 5.20544
13.56 5.2057
13.59 5.20597
13.62 5.20623
13.65 5.2065
13.68 5.20676
13.71 5.20703
13.74 5.2073
13.77 5.20757
13.8 5.20783
13.83 5.2081
13.86 5.20838
13.89 5.20865
13.92 5.20892
13.95 5.20919
13.98 5.20947
14.01 5.20974
14.04 5.21002
14.07 5.2103
14.1 5.21057
14.13 5.21085
14.16 5.21113
14.19 5.21141
14.22 5.21169
14.25 5.21197
14.28 5.21226
14.31 5.21254
14.34 5.21283
14.37 5.21311
14.4 5.2134
14.43 5.21368
14.46 5.21397
14.49 5.21426
14.52 5.21455
14.55 5.21484
14.58 5.21513
14.61 5.21543
14.64 5.21572
14.67 5.21602
14.7 5.21631
14.73 5.21661
14.76 5.21691
14.79 5.2172
14.82 5.2175
14.85 5.2178
14.88 5.2181
14.91 5.21841
14.94 5.21871
14.97 5.21901
15 5.21932
15.03 5.21962
15.06 5.21993
15.09 5.22024
15.12 5.22055
15.15 5.22086
15.18 5.22117
15.21 5.22148
15.24 5.22179
15.27 5.22211
15.3 5.22242
15.33 5.22274
15.36 5.22305
15.39 5.22337
15.42 5.22369
15.45 5.22401
15.48 5.22433
15.51 5.22465
15.54 5.22498
15.57 5.2253
15.6 5.22563
15.63 5.22595
15.66 5.22628
15.69 5.22661
15.72 5.22694
15.75 5.22727
15.78 5.2276
15.81 5.22793
15.84 5.22827
15.87 5.2286
15.9 5.22894
15.93 5.22927
15.96 5.22961
15.99 5.22995
16.02 5.23029
16.05 5.23063
16.08 5.23098
16.11 5.23132
16.14 5.23166
16.17 5.23201
16.2 5.23236
16.23 5.23271
16.26 5.23305
16.29 5.23341
16.32 5.23376
16.35 5.23411
16.38 5.23446
16.41 5.23482
16.44 5.23518
16.47 5.23553
16.5 5.23589
16.53 5.23625
16.56 5.23661
16.59 5.23697
16.62 5.23734
16.65 5.2377
16.68 5.23807
16.71 5.23844
16.74 5.2388
16.77 5.23917
16.8 5.23955
16.83 5.23992
16.86 5.24029
16.89 5.24067
16.92 5.24104
16.95 5.24142
16.98 5.2418
17.01 5.24218
17.04 5.24256
17.07 5.24294
17.1 5.24332
17.13 5.24371
17.16 5.2441
17.19 5.24448
17.22 5.24487
17.25 5.24526
17.28 5.24565
17.31 5.24605
17.34 5.24644
17.37 5.24684
17.4 5.24723
17.43 5.24763
17.46 5.24803
17.49 5.24843
17.52 5.24884
17.55 5.24924
17.58 5.24964
17.61 5.25005
17.64 5.25046
17.67 5.25087
17.7 5.25128
17.73 5.25169
17.76 5.25211
17.79 5.25252
17.82 5.25294
17.85 5.25336
17.88 5.25378
17.91 5.2542
17.94 5.25462
17.97 5.25504
18 5.25547
18.03 5.2559
18.06 5.25633
18.09 5.25676
18.12 5.25719
18.15 5.25762
18.18 5.25806
18.21 5.25849
18.24 5.25893
18.27 5.25937
18.3 5.25981
18.33 5.26025
18.36 5.2607
18.39 5.26114
18.42 5.26159
18.45 5.26204
18.48 5.26249
18.51 5.26294
18.54 5.2634
18.57 5.26385
18.6 5.26431
18.63 5.26477
18.66 5.26523
18.69 5.26569
18.72 5.26616
18.75 5.26662
18.78 5.26709
18.81 5.26756
18.84 5.26803
18.87 5.2685
18.9 5.26898
18.93 5.26946
18.96 5.26993
18.99 5.27041
19.02 5.2709
19.05 5.27138
19.08 5.27186
19.11 5.27235
19.14 5.27284
19.17 5.27333
19.2 5.27382
19.23 5.27432
19.26 5.27482
19.29 5.27531
19.32 5.27581
19.35 5.27632
19.38 5.27682
19.41 5.27733
19.44 5.27784
19.47 5.27835
19.5 5.27886
19.53 5.27937
19.56 5.27989
19.59 5.28041
19.62 5.28093
19.65 5.28145
19.68 5.28197
19.71 5.2825
19.74 5.28303
19.77 5.28356
19.8 5.28409
19.83 5.28463
19.86 5.28516
19.89 5.2857
19.92 5.28624
19.95 5.28679
19.98 5.28733
20.01 5.28788
20.04 5.28843
20.07 5.28898
20.1 5.28954
20.13 5.29009
20.16 5.29065
20.19 5.29122
20.22 5.29178
20.25 5.29235
20.28 5.29291
20.31 5.29349
20.34 5.29406
20.37 5.29463
20.4 5.29521
20.43 5.29579
20.46 5.29638
20.49 5.29696
20.52 5.29755
20.55 5.29814
20.58 5.29873
20.61 5.29933
20.64 5.29993
20.67 5.30053
20.7 5.30113
20.73 5.30174
20.76 5.30235
20.79 5.30296
20.82 5.30357
20.85 5.30419
20.88 5.30481
20.91 5.30543
20.94 5.30606
20.97 5.30669
21 5.30732
21.03 5.30795
21.06 5.30859
21.09 5.30923
21.12 5.30987
21.15 5.31051
21.18 5.31116
21.21 5.31181
21.24 5.31247
21.27 5.31312
21.3 5.31378
21.33 5.31445
21.36 5.31511
21.39 5.31578
21.42 5.31646
21.45 5.31713
21.48 5.31781
21.51 5.31849
21.54 5.31918
21.57 5.31987
21.6 5.32056
21.63 5.32125
21.66 5.32195
21.69 5.32266
21.72 5.32336
21.75 5.32407
21.78 5.32478
21.81 5.3255
21.84 5.32622
21.87 5.32694
21.9 5.32767
21.93 5.3284
21.96 5.32913
21.99 5.32987
22.02 5.33061
22.05 5.33136
22.08 5.33211
22.11 5.33286
22.14 5.33361
22.17 5.33438
22.2 5.33514
22.23 5.33591
22.26 5.33668
22.29 5.33746
22.32 5.33824
22.35 5.33902
22.38 5.33981
22.41 5.3406
22.44 5.3414
22.47 5.3422
22.5 5.34301
22.53 5.34381
22.56 5.34463
22.59 5.34545
22.62 5.34627
22.65 5.3471
22.68 5.34793
22.71 5.34876
22.74 5.3496
22.77 5.35045
22.8 5.3513
22.83 5.35215
22.86 5.35301
22.89 5.35388
22.92 5.35474
22.95 5.35562
22.98 5.3565
23.01 5.35738
23.04 5.35827
23.07 5.35916
23.1 5.36006
23.13 5.36096
23.16 5.36187
23.19 5.36278
23.22 5.3637
23.25 5.36462
23.28 5.36555
23.31 5.36649
23.34 5.36743
23.37 5.36837
23.4 5.36932
23.43 5.37028
23.46 5.37124
23.49 5.37221
23.52 5.37318
23.55 5.37416
23.58 5.37514
23.61 5.37613
23.64 5.37712
23.67 5.37812
23.7 5.37913
23.73 5.38014
23.76 5.38116
23.79 5.38218
23.82 5.38321
23.85 5.38425
23.88 5.38529
23.91 5.38634
23.94 5.3874
23.97 5.38846
24 5.38952
24.03 5.3906
24.06 5.39168
24.09 5.39276
24.12 5.39385
24.15 5.39495
24.18 5.39606
24.21 5.39717
24.24 5.39828
24.27 5.39941
24.3 5.40054
24.33 5.40168
24.36 5.40282
24.39 5.40397
24.42 5.40513
24.45 5.40629
24.48 5.40746
24.51 5.40864
24.54 5.40982
24.57 5.41101
24.6 5.41221
24.63 5.41341
24.66 5.41462
24.69 5.41584
24.72 5.41707
24.75 5.4183
24.78 5.41953
24.81 5.42078
24.84 5.42203
24.87 5.42329
24.9 5.42456
24.93 5.42583
24.96 5.42711
24.99 5.4284
25.02 5.42969
25.05 5.43099
25.08 5.4323
25.11 5.43361
25.14 5.43493
25.17 5.43626
25.2 5.43759
25.23 5.43893
25.26 5.44028
25.29 5.44164
25.32 5.443
25.35 5.44437
25.38 5.44574
25.41 5.44712
25.44 5.44851
25.47 5.4499
25.5 5.4513
25.53 5.45271
25.56 5.45412
25.59 5.45554
25.62 5.45697
25.65 5.4584
25.68 5.45984
25.71 5.46129
25.74 5.46274
25.77 5.46419
25.8 5.46565
25.83 5.46712
25.86 5.46859
25.89 5.47007
25.92 5.47156
25.95 5.47305
25.98 5.47454
26.01 5.47604
26.04 5.47754
26.07 5.47905
26.1 5.48057
26.13 5.48209
26.16 5.48361
26.19 5.48514
26.22 5.48667
26.25 5.4882
26.28 5.48974
26.31 5.49128
26.34 5.49283
26.37 5.49438
26.4 5.49593
26.43 5.49749
26.46 5.49905
26.49 5.50061
26.52 5.50217
26.55 5.50374
26.58 5.5053
26.61 5.50687
26.64 5.50844
26.67 5.51001
26.7 5.51159
26.73 5.51316
26.76 5.51474
26.79 5.51631
26.82 5.51789
26.85 5.51946
26.88 5.52104
26.91 5.52261
26.94 5.52418
26.97 5.52576
27 5.52733
27.03 5.5289
27.06 5.53046
27.09 5.53203
27.12 5.53359
27.15 5.53515
27.18 5.53671
27.21 5.53826
27.24 5.53981
27.27 5.54136
27.3 5.5429
27.33 5.54444
27.36 5.54597
27.39 5.5475
27.42 5.54902
27.45 5.55054
27.48 5.55205
27.51 5.55356
27.54 5.55505
27.57 5.55655
27.6 5.55803
27.63 5.55951
27.66 5.56098
27.69 5.56244
27.72 5.56389
27.75 5.56534
27.78 5.56678
27.81 5.5682
27.84 5.56962
27.87 5.57103
27.9 5.57243
27.93 5.57382
27.96 5.57519
27.99 5.57656
28.02 5.57792
28.05 5.57926
28.08 5.5806
28.11 5.58192
28.14 5.58323
28.17 5.58453
28.2 5.58582
28.23 5.58709
28.26 5.58835
28.29 5.5896
28.32 5.59083
28.35 5.59205
28.38 5.59326
28.41 5.59445
28.44 5.59563
28.47 5.5968
28.5 5.59795
28.53 5.59909
28.56 5.60021
28.59 5.60132
28.62 5.60241
28.65 5.60349
28.68 5.60456
28.71 5.6056
28.74 5.60664
28.77 5.60766
28.8 5.60866
28.83 5.60965
28.86 5.61062
28.89 5.61157
28.92 5.61251
28.95 5.61344
28.98 5.61435
29.01 5.61524
29.04 5.61612
29.07 5.61698
29.1 5.61783
29.13 5.61866
29.16 5.61947
29.19 5.62027
29.22 5.62105
29.25 5.62182
29.28 5.62257
29.31 5.62331
29.34 5.62403
29.37 5.62474
29.4 5.62543
29.43 5.6261
29.46 5.62676
29.49 5.62741
29.52 5.62804
29.55 5.62865
29.58 5.62925
29.61 5.62984
29.64 5.63041
29.67 5.63097
29.7 5.63151
29.73 5.63204
29.76 5.63255
29.79 5.63305
29.82 5.63354
29.85 5.63401
29.88 5.63447
29.91 5.63491
29.94 5.63534
29.97 5.63576
30 5.63617
30.001 5
