0 0
0.03 0.67643
0.06 0.677092
0.09 0.677755
0.12 0.678419
0.15 0.679083
0.18 0.679748
0.21 0.680414
0.24 0.68108
0.27 0.681747
0.3 0.682415
0.33 0.683083
0.36 0.683752
0.39 0.684421
0.42 0.685092
0.45 0.685762
0.48 0.686434
0.51 0.687106
0.54 0.687779
0.57 0.688453
0.6 0.689127
0.63 0.689802
0.66 0.690478
0.69 0.691154
0.72 0.691831
0.75 0.692509
0.78 0.693187
0.81 0.693867
0.84 0.694546
0.87 0.695227
0.9 0.695908
0.93 0.69659
0.96 0.697273
0.99 0.697956
1.02 0.69864
1.05 0.699325
1.08 0.700011
1.11 0.700697
1.14 0.701384
1.17 0.702072
1.2 0.702761
1.23 0.70345
1.26 0.70414
1.29 0.704831
1.32 0.705522
1.35 0.706214
1.38 0.706907
1.41 0.707601
1.44 0.708296
1.47 0.708991
1.5 0.709687
1.53 0.710384
1.56 0.711081
1.59 0.71178
1.62 0.712479
1.65 0.713179
1.68 0.71388
1.71 0.714581
1.74 0.715283
1.77 0.715986
1.8 0.71669
1.83 0.717395
1.86 0.718101
1.89 0.718807
1.92 0.719514
1.95 0.720222
1.98 0.720931
2.01 0.72164
2.04 0.722351
2.07 0.723062
2.1 0.723774
2.13 0.724487
2.16 0.725201
2.19 0.725915
2.22 0.726631
2.25 0.727347
2.28 0.728064
2.31 0.728782
2.34 0.729501
2.37 0.730221
2.4 0.730941
2.43 0.731663
2.46 0.732385
2.49 0.733108
2.52 0.733832
2.55 0.734557
2.58 0.735283
2.61 0.73601
2.64 0.736737
2.67 0.737466
2.7 0.738195
2.73 0.738925
2.76 0.739657
2.79 0.740389
2.82 0.741122
2.85 0.741856
2.88 0.742591
2.91 0.743327
2.94 0.744063
2.97 0.744801
3 0.74554
3.03 0.746279
3.06 0.74702
3.09 0.747761
3.12 0.748504
3.15 0.749247
3.18 0.749991
3.21 0.750737
3.24 0.751483
3.27 0.75223
3.3 0.752978
3.33 0.753728
3.36 0.754478
3.39 0.755229
3.42 0.755981
3.45 0.756734
3.48 0.757488
3.51 0.758244
3.54 0.759
3.57 0.759757
3.6 0.760515
3.63 0.761274
3.66 0.762035
3.69 0.762796
3.72 0.763558
3.75 0.764322
3.78 0.765086
3.81 0.765851
3.84 0.766618
3.87 0.767385
3.9 0.768154
3.93 0.768924
3.96 0.769694
3.99 0.770466
4.02 0.771239
4.05 0.772013
4.08 0.772788
4.11 0.773564
4.14 0.774342
4.17 0.77512
4.2 0.775899
4.23 0.77668
4.26 0.777462
4.29 0.778244
4.32 0.779028
4.35 0.779813
4.38 0.780599
4.41 0.781387
4.44 0.782175
4.47 0.782965
4.5 0.783755
4.53 0.784547
4.56 0.78534
4.59 0.786135
4.62 0.78693
4.65 0.787726
4.68 0.788524
4.71 0.789323
4.74 0.790123
4.77 0.790924
4.8 0.791727
4.83 0.792531
4.86 0.793335
4.89 0.794142
4.92 0.794949
4.95 0.795757
4.98 0.796567
5.01 0.797378
5.04 0.79819
5.07 0.799004
5.1 0.799819
5.13 0.800634
5.16 0.801452
5.19 0.80227
5.22 0.80309
5.25 0.803911
5.28 0.804733
5.31 0.805557
5.34 0.806382
5.37 0.807208
5.4 0.808035
5.43 0.808864
5.46 0.809694
5.49 0.810525
5.52 0.811358
5.55 0.812192
5.58 0.813027
5.61 0.813864
5.64 0.814702
5.67 0.815542
5.7 0.816382
5.73 0.817224
5.76 0.818068
5.79 0.818913
5.82 0.819759
5.85 0.820606
5.88 0.821455
5.91 0.822305
5.94 0.823157
5.97 0.82401
6 0.824865
6.03 0.825721
6.06 0.826578
6.09 0.827437
6.12 0.828297
6.15 0.829159
6.18 0.830022
6.21 0.830886
6.24 0.831752
6.27 0.83262
6.3 0.833489
6.33 0.834359
6.36 0.835231
6.39 0.836104
6.42 0.836979
6.45 0.837855
6.48 0.838733
6.51 0.839612
6.54 0.840493
6.57 0.841376
6.6 0.84226
6.63 0.843145
6.66 0.844032
6.69 0.84492
6.72 0.84581
6.75 0.846702
6.78 0.847595
6.81 0.84849
6.84 0.849386
6.87 0.850284
6.9 0.851183
6.93 0.852084
6.96 0.852987
6.99 0.853891
7.02 0.854797
7.05 0.855705
7.08 0.856614
7.11 0.857524
7.14 0.858437
7.17 0.859351
7.2 0.860266
7.23 0.861184
7.26 0.862103
7.29 0.863023
7.32 0.863946
7.35 0.86487
7.38 0.865795
7.41 0.866723
7.44 0.867652
7.47 0.868583
7.5 0.869515
7.53 0.870449
7.56 0.871385
7.59 0.872323
7.62 0.873263
7.65 0.874204
7.68 0.875147
7.71 0.876091
7.74 0.877038
7.77 0.877986
7.8 0.878936
7.83 0.879888
7.86 0.880842
7.89 0.881797
7.92 0.882754
7.95 0.883714
7.98 0.884675
8.01 0.885637
8.04 0.886602
8.07 0.887568
8.1 0.888537
8.13 0.889507
8.16 0.890479
8.19 0.891453
8.22 0.892429
8.25 0.893406
8.28 0.894386
8.31 0.895367
8.34 0.896351
8.37 0.897336
8.4 0.898323
8.43 0.899313
8.46 0.900304
8.49 0.901297
8.52 0.902292
8.55 0.903289
8.58 0.904288
8.61 0.905289
8.64 0.906292
8.67 0.907297
8.7 0.908304
8.73 0.909313
8.76 0.910324
8.79 0.911337
8.82 0.912353
8.85 0.91337
8.88 0.914389
8.91 0.91541
8.94 0.916434
8.97 0.917459
9 0.918487
9.03 0.919516
9.06 0.920548
9.09 0.921582
9.12 0.922618
9.15 0.923656
9.18 0.924696
9.21 0.925738
9.24 0.926783
9.27 0.92783
9.3 0.928878
9.33 0.929929
9.36 0.930983
9.39 0.932038
9.42 0.933096
9.45 0.934155
9.48 0.935217
9.51 0.936282
9.54 0.937348
9.57 0.938417
9.6 0.939488
9.63 0.940561
9.66 0.941637
9.69 0.942714
9.72 0.943795
9.75 0.944877
9.78 0.945962
9.81 0.947049
9.84 0.948138
9.87 0.94923
9.9 0.950324
9.93 0.95142
9.96 0.952519
9.99 0.95362
10.02 0.954723
10.05 0.955829
10.08 0.956937
10.11 0.958048
10.14 0.959161
10.17 0.960276
10.2 0.961394
10.23 0.962515
10.26 0.963637
10.29 0.964763
10.32 0.96589
10.35 0.96702
10.38 0.968153
10.41 0.969288
10.44 0.970426
10.47 0.971566
10.5 0.972709
10.53 0.973854
10.56 0.975002
10.59 0.976152
10.62 0.977305
10.65 0.978461
10.68 0.979619
10.71 0.980779
10.74 0.981942
10.77 0.983108
10.8 0.984277
10.83 0.985448
10.86 0.986622
10.89 0.987798
10.92 0.988977
10.95 0.990159
10.98 0.991343
11.01 0.99253
11.04 0.99372
11.07 0.994912
11.1 0.996108
11.13 0.997305
11.16 0.998506
11.19 0.99971
11.22 1.00092
11.25 1.00212
11.28 1.00334
11.31 1.00455
11.34 1.00577
11.37 1.00699
11.4 1.00821
11.43 1.00944
11.46 1.01067
11.49 1.0119
11.52 1.01313
11.55 1.01437
11.58 1.01561
11.61 1.01685
11.64 1.0181
11.67 1.01935
11.7 1.0206
11.73 1.02185
11.76 1.02311
11.79 1.02437
11.82 1.02563
11.85 1.0269
11.88 1.02817
11.91 1.02944
11.94 1.03072
11.97 1.032
12 1.03328
12.03 1.03456
12.06 1.03585
12.09 1.03714
12.12 1.03844
12.15 1.03973
12.18 1.04103
12.21 1.04234
12.24 1.04364
12.27 1.04495
12.3 1.04626
12.33 1.04758
12.36 1.0489
12.39 1.05022
12.42 1.05155
12.45 1.05287
12.48 1.05421
12.51 1.05554
12.54 1.05688
12.57 1.05822
12.6 1.05956
12.63 1.06091
12.66 1.06226
12.69 1.06362
12.72 1.06498
12.75 1.06634
12.78 1.0677
12.81 1.06907
12.84 1.07044
12.87 1.07181
12.9 1.07319
12.93 1.07457
12.96 1.07596
12.99 1.07735
13.02 1.07874
13.05 1.08013
13.08 1.08153
13.11 1.08293
13.14 1.08434
13.17 1.08575
13.2 1.08716
13.23 1.08858
13.26 1.09
13.29 1.09142
13.32 1.09284
13.35 1.09427
13.38 1.09571
13.41 1.09715
13.44 1.09859
13.47 1.10003
13.5 1.10148
13.53 1.10293
13.56 1.10439
13.59 1.10585
13.62 1.10731
13.65 1.10877
13.68 1.11025
13.71 1.11172
13.74 1.1132
13.77 1.11468
13.8 1.11616
13.83 1.11765
13.86 1.11915
13.89 1.12064
13.92 1.12214
13.95 1.12365
13.98 1.12515
14.01 1.12667
14.04 1.12818
14.07 1.1297
14.1 1.13123
14.13 1.13275
14.16 1.13428
14.19 1.13582
14.22 1.13736
14.25 1.1389
14.28 1.14045
14.31 1.142
14.34 1.14356
14.37 1.14512
14.4 1.14668
14.43 1.14825
14.46 1.14982
14.49 1.15139
14.52 1.15297
14.55 1.15456
14.58 1.15615
14.61 1.15774
14.64 1.15933
14.67 1.16093
14.7 1.16254
14.73 1.16415
14.76 1.16576
14.79 1.16738
14.82 1.169
14.85 1.17063
14.88 1.17226
14.91 1.17389
14.94 1.17553
14.97 1.17717
15 1.17882
15.03 1.18047
15.06 1.18213
15.09 1.18379
15.12 1.18545
15.15 1.18712
15.18 1.1888
15.21 1.19048
15.24 1.19216
15.27 1.19385
15.3 1.19554
15.33 1.19723
15.36 1.19893
15.39 1.20064
15.42 1.20235
15.45 1.20407
15.48 1.20578
15.51 1.20751
15.54 1.20924
15.57 1.21097
15.6 1.21271
15.63 1.21445
15.66 1.2162
15.69 1.21795
15.72 1.21971
15.75 1.22147
15.78 1.22324
15.81 1.22501
15.84 1.22678
15.87 1.22856
15.9 1.23035
15.93 1.23214
15.96 1.23394
15.99 1.23574
16.02 1.23754
16.05 1.23935
16.08 1.24117
16.11 1.24299
16.14 1.24481
16.17 1.24664
16.2 1.24848
16.23 1.25032
16.26 1.25217
16.29 1.25402
16.32 1.25587
16.35 1.25773
16.38 1.2596
16.41 1.26147
16.44 1.26335
16.47 1.26523
16.5 1.26712
16.53 1.26901
16.56 1.27091
16.59 1.27281
16.62 1.27472
16.65 1.27663
16.68 1.27855
16.71 1.28048
16.74 1.28241
16.77 1.28434
16.8 1.28628
16.83 1.28823
16.86 1.29018
16.89 1.29214
16.92 1.2941
16.95 1.29607
16.98 1.29805
17.01 1.30003
17.04 1.30201
17.07 1.30401
17.1 1.306
17.13 1.30801
17.16 1.31001
17.19 1.31203
17.22 1.31405
17.25 1.31608
17.28 1.31811
17.31 1.32015
17.34 1.32219
17.37 1.32424
17.4 1.3263
17.43 1.32836
17.46 1.33043
17.49 1.3325
17.52 1.33458
17.55 1.33667
17.58 1.33876
17.61 1.34086
17.64 1.34296
17.67 1.34507
17.7 1.34719
17.73 1.34931
17.76 1.35144
17.79 1.35358
17.82 1.35572
17.85 1.35787
17.88 1.36003
17.91 1.36219
17.94 1.36436
17.97 1.36653
18 1.36871
18.03 1.3709
18.06 1.3731
18.09 1.3753
18.12 1.37751
18.15 1.37972
18.18 1.38194
18.21 1.38417
18.24 1.38641
18.27 1.38865
18.3 1.3909
18.33 1.39315
18.36 1.39542
18.39 1.39769
18.42 1.39996
18.45 1.40225
18.48 1.40454
18.51 1.40684
18.54 1.40914
18.57 1.41146
18.6 1.41378
18.63 1.41611
18.66 1.41844
18.69 1.42078
18.72 1.42313
18.75 1.42549
18.78 1.42785
18.81 1.43023
18.84 1.43261
18.87 1.43499
18.9 1.43739
18.93 1.43979
18.96 1.4422
18.99 1.44462
19.02 1.44705
19.05 1.44948
19.08 1.45193
19.11 1.45438
19.14 1.45684
19.17 1.4593
19.2 1.46178
19.23 1.46426
19.26 1.46675
19.29 1.46925
19.32 1.47176
19.35 1.47428
19.38 1.4768
19.41 1.47933
19.44 1.48188
19.47 1.48443
19.5 1.48699
19.53 1.48956
19.56 1.49213
19.59 1.49472
19.62 1.49731
19.65 1.49992
19.68 1.50253
19.71 1.50515
19.74 1.50778
19.77 1.51042
19.8 1.51307
19.83 1.51573
19.86 1.5184
19.89 1.52108
19.92 1.52376
19.95 1.52646
19.98 1.52917
20.01 1.53188
20.04 1.53461
20.07 1.53735
20.1 1.54009
20.13 1.54285
20.16 1.54561
20.19 1.54839
20.22 1.55118
20.25 1.55397
20.28 1.55678
20.31 1.5596
20.34 1.56243
20.37 1.56526
20.4 1.56811
20.43 1.57097
20.46 1.57384
20.49 1.57673
20.52 1.57962
20.55 1.58252
20.58 1.58544
20.61 1.58836
20.64 1.5913
20.67 1.59425
20.7 1.59721
20.73 1.60018
20.76 1.60317
20.79 1.60616
20.82 1.60917
20.85 1.61219
20.88 1.61522
20.91 1.61827
20.94 1.62132
20.97 1.62439
21 1.62747
21.03 1.63057
21.06 1.63367
21.09 1.63679
21.12 1.63992
21.15 1.64307
21.18 1.64623
21.21 1.6494
21.24 1.65258
21.27 1.65578
21.3 1.65899
21.33 1.66222
21.36 1.66546
21.39 1.66871
21.42 1.67198
21.45 1.67526
21.48 1.67855
21.51 1.68186
21.54 1.68519
21.57 1.68853
21.6 1.69188
21.63 1.69525
21.66 1.69863
21.69 1.70203
21.72 1.70544
21.75 1.70887
21.78 1.71232
21.81 1.71578
21.84 1.71926
21.87 1.72275
21.9 1.72626
21.93 1.72978
21.96 1.73332
21.99 1.73688
22.02 1.74045
22.05 1.74404
22.08 1.74765
22.11 1.75128
22.14 1.75492
22.17 1.75858
22.2 1.76226
22.23 1.76595
22.26 1.76967
22.29 1.7734
22.32 1.77715
22.35 1.78091
22.38 1.7847
22.41 1.7885
22.44 1.79233
22.47 1.79617
22.5 1.80003
22.53 1.80392
22.56 1.80782
22.59 1.81174
22.62 1.81568
22.65 1.81964
22.68 1.82362
22.71 1.82763
22.74 1.83165
22.77 1.83569
22.8 1.83976
22.83 1.84384
22.86 1.84795
22.89 1.85208
22.92 1.85623
22.95 1.8604
22.98 1.8646
23.01 1.86882
23.04 1.87306
23.07 1.87732
23.1 1.88161
23.13 1.88592
23.16 1.89025
23.19 1.89461
23.22 1.89899
23.25 1.9034
23.28 1.90783
23.31 1.91228
23.34 1.91676
23.37 1.92126
23.4 1.92579
23.43 1.93035
23.46 1.93493
23.49 1.93954
23.52 1.94417
23.55 1.94883
23.58 1.95351
23.61 1.95822
23.64 1.96296
23.67 1.96773
23.7 1.97252
23.73 1.97735
23.76 1.9822
23.79 1.98707
23.82 1.99198
23.85 1.99691
23.88 2.00188
23.91 2.00687
23.94 2.01189
23.97 2.01695
24 2.02203
24.03 2.02714
24.06 2.03228
24.09 2.03746
24.12 2.04266
24.15 2.04789
24.18 2.05316
24.21 2.05846
24.24 2.06379
24.27 2.06915
24.3 2.07454
24.33 2.07996
24.36 2.08542
24.39 2.09091
24.42 2.09644
24.45 2.10199
24.48 2.10759
24.51 2.11321
24.54 2.11887
24.57 2.12456
24.6 2.13029
24.63 2.13605
24.66 2.14184
24.69 2.14768
24.72 2.15354
24.75 2.15944
24.78 2.16538
24.81 2.17135
24.84 2.17736
24.87 2.18341
24.9 2.18949
24.93 2.19561
24.96 2.20176
24.99 2.20795
25.02 2.21418
25.05 2.22045
25.08 2.22675
25.11 2.23309
25.14 2.23947
25.17 2.24588
25.2 2.25233
25.23 2.25882
25.26 2.26535
25.29 2.27192
25.32 2.27852
25.35 2.28517
25.38 2.29185
25.41 2.29857
25.44 2.30532
25.47 2.31212
25.5 2.31896
25.53 2.32583
25.56 2.33274
25.59 2.33969
25.62 2.34668
25.65 2.35371
25.68 2.36077
25.71 2.36788
25.74 2.37502
25.77 2.3822
25.8 2.38942
25.83 2.39667
25.86 2.40397
25.89 2.4113
25.92 2.41867
25.95 2.42608
25.98 2.43352
26.01 2.44101
26.04 2.44852
26.07 2.45608
26.1 2.46367
26.13 2.4713
26.16 2.47897
26.19 2.48667
26.22 2.4944
26.25 2.50218
26.28 2.50998
26.31 2.51782
26.34 2.5257
26.37 2.53361
26.4 2.54155
26.43 2.54952
26.46 2.55753
26.49 2.56557
26.52 2.57364
26.55 2.58174
26.58 2.58987
26.61 2.59804
26.64 2.60623
26.67 2.61445
26.7 2.6227
26.73 2.63097
26.76 2.63928
26.79 2.64761
26.82 2.65596
26.85 2.66434
26.88 2.67275
26.91 2.68118
26.94 2.68963
26.97 2.6981
27 2.70659
27.03 2.71511
27.06 2.72364
27.09 2.7322
27.12 2.74077
27.15 2.74935
27.18 2.75796
27.21 2.76658
27.24 2.77521
27.27 2.78386
27.3 2.79252
27.33 2.80119
27.36 2.80987
27.39 2.81856
27.42 2.82725
27.45 2.83596
27.48 2.84467
27.51 2.85339
27.54 2.86211
27.57 2.87083
27.6 2.87956
27.63 2.88828
27.66 2.89701
27.69 2.90573
27.72 2.91445
27.75 2.92317
27.78 2.93188
27.81 2.94059
27.84 2.94929
27.87 2.95798
27.9 2.96666
27.93 2.97533
27.96 2.98399
27.99 2.99263
28.02 3.00126
28.05 3.00988
28.08 3.01848
28.11 3.02706
28.14 3.03562
28.17 3.04416
28.2 3.05268
28.23 3.06117
28.26 3.06964
28.29 3.07809
28.32 3.08651
28.35 3.0949
28.38 3.10327
28.41 3.1116
28.44 3.11991
28.47 3.12818
28.5 3.13642
28.53 3.14463
28.56 3.1528
28.59 3.16093
28.62 3.16903
28.65 3.17709
28.68 3.18511
28.71 3.19309
28.74 3.20102
28.77 3.20892
28.8 3.21677
28.83 3.22458
28.86 3.23234
28.89 3.24006
28.92 3.24773
28.95 3.25536
28.98 3.26293
29.01 3.27046
29.04 3.27793
29.07 3.28536
29.1 3.29273
29.13 3.30006
29.16 3.30732
29.19 3.31454
29.22 3.3217
29.25 3.32881
29.28 3.33586
29.31 3.34285
29.34 3.34979
29.37 3.35667
29.4 3.3635
29.43 3.37027
29.46 3.37697
29.49 3.38362
29.52 3.39021
29.55 3.39674
29.58 3.40321
29.61 3.40963
29.64 3.41598
29.67 3.42226
29.7 3.42849
29.73 3.43466
29.76 3.44077
29.79 3.44681
29.82 3.45279
29.85 3.45871
29.88 3.46457
29.91 3.47037
29.94 3.4761
29.97 3.48177
30 3.48738
30.001 0
